0, 0x37dd0
0, 0x73e00
0, 0x37df0
0, 0x73e20
0, 0x37e10
0, 0x73e40
0, 0x37e30
0, 0x73e60
0, 0x37dd0
0, 0x73e00
2, 2
3, 0
3, 0
3, 0
3, 0
3, 0
3, 0
3, 0
3, 0
3, 0
3, 0
3, 0
3, 0
3, 0
3, 0
1, 0x73e00
0, 0x37df0
0, 0x73e20
2, 2
3, 0
3, 0
3, 0
3, 0
3, 0
3, 0
3, 0
3, 0
3, 0
3, 0
3, 0
3, 0
3, 0
3, 0
1, 0x73e20
0, 0x37e10
0, 0x73e40
2, 2
3, 0
3, 0
3, 0
3, 0
3, 0
3, 0
3, 0
3, 0
3, 0
3, 0
3, 0
3, 0
3, 0
3, 0
1, 0x73e40
0, 0x37e30
0, 0x73e60
2, 2
3, 0
3, 0
3, 0
3, 0
3, 0
3, 0
3, 0
3, 0
3, 0
3, 0
3, 0
3, 0
3, 0
3, 0
0, 0x37e50
0, 0x73e80
0, 0x37e70
0, 0x73ea0
0, 0x37e90
0, 0x73ec0
0, 0x37eb0
0, 0x73ee0
1, 0x73e60
0, 0x37e50
0, 0x73e80
2, 2
3, 0
3, 0
3, 0
3, 0
3, 0
3, 0
3, 0
3, 0
3, 0
3, 0
3, 0
3, 0
3, 0
3, 0
1, 0x73e80
0, 0x37e70
0, 0x73ea0
2, 2
3, 0
3, 0
3, 0
3, 0
3, 0
3, 0
3, 0
3, 0
3, 0
3, 0
3, 0
3, 0
3, 0
3, 0
1, 0x73ea0
0, 0x37e90
0, 0x73ec0
2, 2
3, 0
3, 0
3, 0
3, 0
3, 0
3, 0
3, 0
3, 0
3, 0
3, 0
3, 0
3, 0
3, 0
3, 0
1, 0x73ec0
0, 0x37eb0
0, 0x73ee0
2, 2
3, 0
3, 0
3, 0
3, 0
3, 0
3, 0
3, 0
3, 0
3, 0
3, 0
3, 0
3, 0
3, 0
3, 0
0, 0x37ed0
0, 0x73f00
0, 0x37ef0
0, 0x73f20
0, 0x37f10
0, 0x73f40
0, 0x37f30
0, 0x73f60
1, 0x73ee0
0, 0x37ed0
0, 0x73f00
2, 2
3, 0
3, 0
3, 0
3, 0
3, 0
3, 0
3, 0
3, 0
3, 0
3, 0
3, 0
3, 0
3, 0
3, 0
1, 0x73f00
0, 0x37ef0
0, 0x73f20
2, 2
3, 0
3, 0
3, 0
3, 0
3, 0
3, 0
3, 0
3, 0
3, 0
3, 0
3, 0
3, 0
3, 0
3, 0
1, 0x73f20
0, 0x37f10
0, 0x73f40
2, 2
3, 0
3, 0
3, 0
3, 0
3, 0
3, 0
3, 0
3, 0
3, 0
3, 0
3, 0
3, 0
3, 0
3, 0
1, 0x73f40
0, 0x37f30
0, 0x73f60
2, 2
3, 0
3, 0
3, 0
3, 0
3, 0
3, 0
3, 0
3, 0
3, 0
3, 0
3, 0
3, 0
3, 0
3, 0
0, 0x37f50
0, 0x73f80
0, 0x37f70
0, 0x73fa0
0, 0x37f90
0, 0x73fc0
0, 0x37fb0
0, 0x73fe0
1, 0x73f60
0, 0x37f50
0, 0x73f80
2, 2
3, 0
3, 0
3, 0
3, 0
3, 0
3, 0
3, 0
3, 0
3, 0
3, 0
3, 0
3, 0
3, 0
3, 0
1, 0x73f80
0, 0x37f70
0, 0x73fa0
2, 2
3, 0
3, 0
3, 0
3, 0
3, 0
3, 0
3, 0
3, 0
3, 0
3, 0
3, 0
3, 0
3, 0
3, 0
1, 0x73fa0
0, 0x37f90
0, 0x73fc0
2, 2
3, 0
3, 0
3, 0
3, 0
3, 0
3, 0
3, 0
3, 0
3, 0
3, 0
3, 0
3, 0
3, 0
3, 0
1, 0x73fc0
0, 0x37fb0
0, 0x73fe0
2, 2
3, 0
3, 0
3, 0
3, 0
3, 0
3, 0
3, 0
3, 0
3, 0
3, 0
3, 0
3, 0
3, 0
3, 0
0, 0x37fd0
0, 0x74000
0, 0x37ff0
0, 0x74020
0, 0x38010
0, 0x74040
0, 0x38030
0, 0x74060
1, 0x73fe0
0, 0x37fd0
0, 0x74000
2, 2
3, 0
3, 0
3, 0
3, 0
3, 0
3, 0
3, 0
3, 0
3, 0
3, 0
3, 0
3, 0
3, 0
3, 0
1, 0x74000
0, 0x37ff0
0, 0x74020
2, 2
3, 0
3, 0
3, 0
3, 0
3, 0
3, 0
3, 0
3, 0
3, 0
3, 0
3, 0
3, 0
3, 0
3, 0
1, 0x74020
0, 0x38010
0, 0x74040
2, 2
3, 0
3, 0
3, 0
3, 0
3, 0
3, 0
3, 0
3, 0
3, 0
3, 0
3, 0
3, 0
3, 0
3, 0
1, 0x74040
0, 0x38030
0, 0x74060
2, 2
3, 0
3, 0
3, 0
3, 0
3, 0
3, 0
3, 0
3, 0
3, 0
3, 0
3, 0
3, 0
3, 0
3, 0
0, 0x38050
0, 0x74080
0, 0x38070
0, 0x740a0
0, 0x38090
0, 0x740c0
0, 0x380b0
0, 0x740e0
1, 0x74060
0, 0x38050
0, 0x74080
2, 2
3, 0
3, 0
3, 0
3, 0
3, 0
3, 0
3, 0
3, 0
3, 0
3, 0
3, 0
3, 0
3, 0
3, 0
1, 0x74080
0, 0x38070
0, 0x740a0
2, 2
3, 0
3, 0
3, 0
3, 0
3, 0
3, 0
3, 0
3, 0
3, 0
3, 0
3, 0
3, 0
3, 0
3, 0
1, 0x740a0
0, 0x38090
0, 0x740c0
2, 2
3, 0
3, 0
3, 0
3, 0
3, 0
3, 0
3, 0
3, 0
3, 0
3, 0
3, 0
3, 0
3, 0
3, 0
1, 0x740c0
0, 0x380b0
0, 0x740e0
2, 2
3, 0
3, 0
3, 0
3, 0
3, 0
3, 0
3, 0
3, 0
3, 0
3, 0
3, 0
3, 0
3, 0
3, 0
0, 0x380d0
0, 0x74100
0, 0x380f0
0, 0x74120
0, 0x38110
0, 0x74140
0, 0x38130
0, 0x74160
1, 0x740e0
0, 0x380d0
0, 0x74100
2, 2
3, 0
3, 0
3, 0
3, 0
3, 0
3, 0
3, 0
3, 0
3, 0
3, 0
3, 0
3, 0
3, 0
3, 0
1, 0x74100
0, 0x380f0
0, 0x74120
2, 2
3, 0
3, 0
3, 0
3, 0
3, 0
3, 0
3, 0
3, 0
3, 0
3, 0
3, 0
3, 0
3, 0
3, 0
1, 0x74120
0, 0x38110
0, 0x74140
2, 2
3, 0
3, 0
3, 0
3, 0
3, 0
3, 0
3, 0
3, 0
3, 0
3, 0
3, 0
3, 0
3, 0
3, 0
1, 0x74140
0, 0x38130
0, 0x74160
2, 2
3, 0
3, 0
3, 0
3, 0
3, 0
3, 0
3, 0
3, 0
3, 0
3, 0
3, 0
3, 0
3, 0
3, 0
0, 0x38150
0, 0x74180
0, 0x38170
0, 0x741a0
0, 0x38190
0, 0x741c0
0, 0x381b0
0, 0x741e0
1, 0x74160
0, 0x38150
0, 0x74180
2, 2
3, 0
3, 0
3, 0
3, 0
3, 0
3, 0
3, 0
3, 0
3, 0
3, 0
3, 0
3, 0
3, 0
3, 0
1, 0x74180
0, 0x38170
0, 0x741a0
2, 2
3, 0
3, 0
3, 0
3, 0
3, 0
3, 0
3, 0
3, 0
3, 0
3, 0
3, 0
3, 0
3, 0
3, 0
1, 0x741a0
0, 0x38190
0, 0x741c0
2, 2
3, 0
3, 0
3, 0
3, 0
3, 0
3, 0
3, 0
3, 0
3, 0
3, 0
3, 0
3, 0
3, 0
3, 0
1, 0x741c0
0, 0x381b0
0, 0x741e0
2, 2
3, 0
3, 0
3, 0
3, 0
3, 0
3, 0
3, 0
3, 0
3, 0
3, 0
3, 0
3, 0
3, 0
3, 0
0, 0x381d0
0, 0x74200
0, 0x381f0
0, 0x74220
0, 0x38210
0, 0x74240
0, 0x38230
0, 0x74260
1, 0x741e0
0, 0x381d0
0, 0x74200
2, 2
3, 0
3, 0
3, 0
3, 0
3, 0
3, 0
3, 0
3, 0
3, 0
3, 0
3, 0
3, 0
3, 0
3, 0
1, 0x74200
0, 0x381f0
0, 0x74220
2, 2
3, 0
3, 0
3, 0
3, 0
3, 0
3, 0
3, 0
3, 0
3, 0
3, 0
3, 0
3, 0
3, 0
3, 0
1, 0x74220
0, 0x38210
0, 0x74240
2, 2
3, 0
3, 0
3, 0
3, 0
3, 0
3, 0
3, 0
3, 0
3, 0
3, 0
3, 0
3, 0
3, 0
3, 0
1, 0x74240
0, 0x38230
0, 0x74260
2, 2
3, 0
3, 0
3, 0
3, 0
3, 0
3, 0
3, 0
3, 0
3, 0
3, 0
3, 0
3, 0
3, 0
3, 0
0, 0x38250
0, 0x74280
0, 0x38270
0, 0x742a0
0, 0x38290
0, 0x742c0
0, 0x382b0
0, 0x742e0
1, 0x74260
0, 0x38250
0, 0x74280
2, 2
3, 0
3, 0
3, 0
3, 0
3, 0
3, 0
3, 0
3, 0
3, 0
3, 0
3, 0
3, 0
3, 0
3, 0
1, 0x74280
0, 0x38270
0, 0x742a0
2, 2
3, 0
3, 0
3, 0
3, 0
3, 0
3, 0
3, 0
3, 0
3, 0
3, 0
3, 0
3, 0
3, 0
3, 0
1, 0x742a0
0, 0x38290
0, 0x742c0
2, 2
3, 0
3, 0
3, 0
3, 0
3, 0
3, 0
3, 0
3, 0
3, 0
3, 0
3, 0
3, 0
3, 0
3, 0
1, 0x742c0
0, 0x382b0
0, 0x742e0
2, 2
3, 0
3, 0
3, 0
3, 0
3, 0
3, 0
3, 0
3, 0
3, 0
3, 0
3, 0
3, 0
3, 0
3, 0
0, 0x382d0
0, 0x74300
0, 0x382f0
0, 0x74320
0, 0x38310
0, 0x74340
0, 0x38330
0, 0x74360
1, 0x742e0
0, 0x382d0
0, 0x74300
2, 2
3, 0
3, 0
3, 0
3, 0
3, 0
3, 0
3, 0
3, 0
3, 0
3, 0
3, 0
3, 0
3, 0
3, 0
1, 0x74300
0, 0x382f0
0, 0x74320
2, 2
3, 0
3, 0
3, 0
3, 0
3, 0
3, 0
3, 0
3, 0
3, 0
3, 0
3, 0
3, 0
3, 0
3, 0
1, 0x74320
0, 0x38310
0, 0x74340
2, 2
3, 0
3, 0
3, 0
3, 0
3, 0
3, 0
3, 0
3, 0
3, 0
3, 0
3, 0
3, 0
3, 0
3, 0
1, 0x74340
0, 0x38330
0, 0x74360
2, 2
3, 0
3, 0
3, 0
3, 0
3, 0
3, 0
3, 0
3, 0
3, 0
3, 0
3, 0
3, 0
3, 0
3, 0
0, 0x38350
0, 0x74380
0, 0x38370
0, 0x743a0
0, 0x38390
0, 0x743c0
0, 0x383b0
0, 0x743e0
1, 0x74360
0, 0x38350
0, 0x74380
2, 2
3, 0
3, 0
3, 0
3, 0
3, 0
3, 0
3, 0
3, 0
3, 0
3, 0
3, 0
3, 0
3, 0
3, 0
1, 0x74380
0, 0x38370
0, 0x743a0
2, 2
3, 0
3, 0
3, 0
3, 0
3, 0
3, 0
3, 0
3, 0
3, 0
3, 0
3, 0
3, 0
3, 0
3, 0
1, 0x743a0
0, 0x38390
0, 0x743c0
2, 2
3, 0
3, 0
3, 0
3, 0
3, 0
3, 0
3, 0
3, 0
3, 0
3, 0
3, 0
3, 0
3, 0
3, 0
1, 0x743c0
0, 0x383b0
0, 0x743e0
2, 2
3, 0
3, 0
3, 0
3, 0
3, 0
3, 0
3, 0
3, 0
3, 0
3, 0
3, 0
3, 0
3, 0
3, 0
0, 0x383d0
0, 0x74400
0, 0x383f0
0, 0x74420
0, 0x38410
0, 0x74440
0, 0x38430
0, 0x74460
1, 0x743e0
0, 0x383d0
0, 0x74400
2, 2
3, 0
3, 0
3, 0
3, 0
3, 0
3, 0
3, 0
3, 0
3, 0
3, 0
3, 0
3, 0
3, 0
3, 0
1, 0x74400
0, 0x383f0
0, 0x74420
2, 2
3, 0
3, 0
3, 0
3, 0
3, 0
3, 0
3, 0
3, 0
3, 0
3, 0
3, 0
3, 0
3, 0
3, 0
1, 0x74420
0, 0x38410
0, 0x74440
2, 2
3, 0
3, 0
3, 0
3, 0
3, 0
3, 0
3, 0
3, 0
3, 0
3, 0
3, 0
3, 0
3, 0
3, 0
1, 0x74440
0, 0x38430
0, 0x74460
2, 2
3, 0
3, 0
3, 0
3, 0
3, 0
3, 0
3, 0
3, 0
3, 0
3, 0
3, 0
3, 0
3, 0
3, 0
0, 0x38450
0, 0x74480
0, 0x38470
0, 0x744a0
0, 0x38490
0, 0x744c0
0, 0x384b0
0, 0x744e0
1, 0x74460
0, 0x38450
0, 0x74480
2, 2
3, 0
3, 0
3, 0
3, 0
3, 0
3, 0
3, 0
3, 0
3, 0
3, 0
3, 0
3, 0
3, 0
3, 0
1, 0x74480
0, 0x38470
0, 0x744a0
2, 2
3, 0
3, 0
3, 0
3, 0
3, 0
3, 0
3, 0
3, 0
3, 0
3, 0
3, 0
3, 0
3, 0
3, 0
1, 0x744a0
0, 0x38490
0, 0x744c0
2, 2
3, 0
3, 0
3, 0
3, 0
3, 0
3, 0
3, 0
3, 0
3, 0
3, 0
3, 0
3, 0
3, 0
3, 0
1, 0x744c0
0, 0x384b0
0, 0x744e0
2, 2
3, 0
3, 0
3, 0
3, 0
3, 0
3, 0
3, 0
3, 0
3, 0
3, 0
3, 0
3, 0
3, 0
3, 0
0, 0x384d0
0, 0x74500
0, 0x384f0
0, 0x74520
0, 0x38510
0, 0x74540
0, 0x38530
0, 0x74560
1, 0x744e0
0, 0x384d0
0, 0x74500
2, 2
3, 0
3, 0
3, 0
3, 0
3, 0
3, 0
3, 0
3, 0
3, 0
3, 0
3, 0
3, 0
3, 0
3, 0
1, 0x74500
0, 0x384f0
0, 0x74520
2, 2
3, 0
3, 0
3, 0
3, 0
3, 0
3, 0
3, 0
3, 0
3, 0
3, 0
3, 0
3, 0
3, 0
3, 0
1, 0x74520
0, 0x38510
0, 0x74540
2, 2
3, 0
3, 0
3, 0
3, 0
3, 0
3, 0
3, 0
3, 0
3, 0
3, 0
3, 0
3, 0
3, 0
3, 0
1, 0x74540
0, 0x38530
0, 0x74560
2, 2
3, 0
3, 0
3, 0
3, 0
3, 0
3, 0
3, 0
3, 0
3, 0
3, 0
3, 0
3, 0
3, 0
3, 0
0, 0x38550
0, 0x74580
0, 0x38570
0, 0x745a0
0, 0x38590
0, 0x745c0
0, 0x385b0
0, 0x745e0
1, 0x74560
0, 0x38550
0, 0x74580
2, 2
3, 0
3, 0
3, 0
3, 0
3, 0
3, 0
3, 0
3, 0
3, 0
3, 0
3, 0
3, 0
3, 0
3, 0
1, 0x74580
0, 0x38570
0, 0x745a0
2, 2
3, 0
3, 0
3, 0
3, 0
3, 0
3, 0
3, 0
3, 0
3, 0
3, 0
3, 0
3, 0
3, 0
3, 0
1, 0x745a0
0, 0x38590
0, 0x745c0
2, 2
3, 0
3, 0
3, 0
3, 0
3, 0
3, 0
3, 0
3, 0
3, 0
3, 0
3, 0
3, 0
3, 0
3, 0
1, 0x745c0
0, 0x385b0
0, 0x745e0
2, 2
3, 0
3, 0
3, 0
3, 0
3, 0
3, 0
3, 0
3, 0
3, 0
3, 0
3, 0
3, 0
3, 0
3, 0
0, 0x385d0
0, 0x74600
0, 0x385f0
0, 0x74620
0, 0x38610
0, 0x74640
0, 0x38630
0, 0x74660
1, 0x745e0
0, 0x385d0
0, 0x74600
2, 2
3, 0
3, 0
3, 0
3, 0
3, 0
3, 0
3, 0
3, 0
3, 0
3, 0
3, 0
3, 0
3, 0
3, 0
1, 0x74600
0, 0x385f0
0, 0x74620
2, 2
3, 0
3, 0
3, 0
3, 0
3, 0
3, 0
3, 0
3, 0
3, 0
3, 0
3, 0
3, 0
3, 0
3, 0
1, 0x74620
0, 0x38610
0, 0x74640
2, 2
3, 0
3, 0
3, 0
3, 0
3, 0
3, 0
3, 0
3, 0
3, 0
3, 0
3, 0
3, 0
3, 0
3, 0
1, 0x74640
0, 0x38630
0, 0x74660
2, 2
3, 0
3, 0
3, 0
3, 0
3, 0
3, 0
3, 0
3, 0
3, 0
3, 0
3, 0
3, 0
3, 0
3, 0
0, 0x38650
0, 0x74680
0, 0x38670
0, 0x746a0
0, 0x38690
0, 0x746c0
0, 0x386b0
0, 0x746e0
1, 0x74660
0, 0x38650
0, 0x74680
2, 2
3, 0
3, 0
3, 0
3, 0
3, 0
3, 0
3, 0
3, 0
3, 0
3, 0
3, 0
3, 0
3, 0
3, 0
1, 0x74680
0, 0x38670
0, 0x746a0
2, 2
3, 0
3, 0
3, 0
3, 0
3, 0
3, 0
3, 0
3, 0
3, 0
3, 0
3, 0
3, 0
3, 0
3, 0
1, 0x746a0
0, 0x38690
0, 0x746c0
2, 2
3, 0
3, 0
3, 0
3, 0
3, 0
3, 0
3, 0
3, 0
3, 0
3, 0
3, 0
3, 0
3, 0
3, 0
1, 0x746c0
0, 0x386b0
0, 0x746e0
2, 2
3, 0
3, 0
3, 0
3, 0
3, 0
3, 0
3, 0
3, 0
3, 0
3, 0
3, 0
3, 0
3, 0
3, 0
0, 0x386d0
0, 0x74700
0, 0x386f0
0, 0x74720
0, 0x38710
0, 0x74740
0, 0x38730
0, 0x74760
1, 0x746e0
0, 0x386d0
0, 0x74700
2, 2
3, 0
3, 0
3, 0
3, 0
3, 0
3, 0
3, 0
3, 0
3, 0
3, 0
3, 0
3, 0
3, 0
3, 0
1, 0x74700
0, 0x386f0
0, 0x74720
2, 2
3, 0
3, 0
3, 0
3, 0
3, 0
3, 0
3, 0
3, 0
3, 0
3, 0
3, 0
3, 0
3, 0
3, 0
1, 0x74720
0, 0x38710
0, 0x74740
2, 2
3, 0
3, 0
3, 0
3, 0
3, 0
3, 0
3, 0
3, 0
3, 0
3, 0
3, 0
3, 0
3, 0
3, 0
1, 0x74740
0, 0x38730
0, 0x74760
2, 2
3, 0
3, 0
3, 0
3, 0
3, 0
3, 0
3, 0
3, 0
3, 0
3, 0
3, 0
3, 0
3, 0
3, 0
0, 0x38750
0, 0x74780
0, 0x38770
0, 0x747a0
0, 0x38790
0, 0x747c0
0, 0x387b0
0, 0x747e0
1, 0x74760
0, 0x38750
0, 0x74780
2, 2
3, 0
3, 0
3, 0
3, 0
3, 0
3, 0
3, 0
3, 0
3, 0
3, 0
3, 0
3, 0
3, 0
3, 0
1, 0x74780
0, 0x38770
0, 0x747a0
2, 2
3, 0
3, 0
3, 0
3, 0
3, 0
3, 0
3, 0
3, 0
3, 0
3, 0
3, 0
3, 0
3, 0
3, 0
1, 0x747a0
0, 0x38790
0, 0x747c0
2, 2
3, 0
3, 0
3, 0
3, 0
3, 0
3, 0
3, 0
3, 0
3, 0
3, 0
3, 0
3, 0
3, 0
3, 0
1, 0x747c0
0, 0x387b0
0, 0x747e0
2, 2
3, 0
3, 0
3, 0
3, 0
3, 0
3, 0
3, 0
3, 0
3, 0
3, 0
3, 0
3, 0
3, 0
3, 0
0, 0x387d0
0, 0x74800
0, 0x387f0
0, 0x74820
0, 0x38810
0, 0x74840
0, 0x38830
0, 0x74860
1, 0x747e0
0, 0x387d0
0, 0x74800
2, 2
3, 0
3, 0
3, 0
3, 0
3, 0
3, 0
3, 0
3, 0
3, 0
3, 0
3, 0
3, 0
3, 0
3, 0
1, 0x74800
0, 0x387f0
0, 0x74820
2, 2
3, 0
3, 0
3, 0
3, 0
3, 0
3, 0
3, 0
3, 0
3, 0
3, 0
3, 0
3, 0
3, 0
3, 0
1, 0x74820
0, 0x38810
0, 0x74840
2, 2
3, 0
3, 0
3, 0
3, 0
3, 0
3, 0
3, 0
3, 0
3, 0
3, 0
3, 0
3, 0
3, 0
3, 0
1, 0x74840
0, 0x38830
0, 0x74860
2, 2
3, 0
3, 0
3, 0
3, 0
3, 0
3, 0
3, 0
3, 0
3, 0
3, 0
3, 0
3, 0
3, 0
3, 0
0, 0x38850
0, 0x74880
0, 0x38870
0, 0x748a0
0, 0x38890
0, 0x748c0
0, 0x388b0
0, 0x748e0
1, 0x74860
0, 0x38850
0, 0x74880
2, 2
3, 0
3, 0
3, 0
3, 0
3, 0
3, 0
3, 0
3, 0
3, 0
3, 0
3, 0
3, 0
3, 0
3, 0
1, 0x74880
0, 0x38870
0, 0x748a0
2, 2
3, 0
3, 0
3, 0
3, 0
3, 0
3, 0
3, 0
3, 0
3, 0
3, 0
3, 0
3, 0
3, 0
3, 0
1, 0x748a0
0, 0x38890
0, 0x748c0
2, 2
3, 0
3, 0
3, 0
3, 0
3, 0
3, 0
3, 0
3, 0
3, 0
3, 0
3, 0
3, 0
3, 0
3, 0
1, 0x748c0
0, 0x388b0
0, 0x748e0
2, 2
3, 0
3, 0
3, 0
3, 0
3, 0
3, 0
3, 0
3, 0
3, 0
3, 0
3, 0
3, 0
3, 0
3, 0
0, 0x388d0
0, 0x74900
0, 0x388f0
0, 0x74920
0, 0x38910
0, 0x74940
0, 0x38930
0, 0x74960
1, 0x748e0
0, 0x388d0
0, 0x74900
2, 2
3, 0
3, 0
3, 0
3, 0
3, 0
3, 0
3, 0
3, 0
3, 0
3, 0
3, 0
3, 0
3, 0
3, 0
1, 0x74900
0, 0x388f0
0, 0x74920
2, 2
3, 0
3, 0
3, 0
3, 0
3, 0
3, 0
3, 0
3, 0
3, 0
3, 0
3, 0
3, 0
3, 0
3, 0
1, 0x74920
0, 0x38910
0, 0x74940
2, 2
3, 0
3, 0
3, 0
3, 0
3, 0
3, 0
3, 0
3, 0
3, 0
3, 0
3, 0
3, 0
3, 0
3, 0
1, 0x74940
0, 0x38930
0, 0x74960
2, 2
3, 0
3, 0
3, 0
3, 0
3, 0
3, 0
3, 0
3, 0
3, 0
3, 0
3, 0
3, 0
3, 0
3, 0
0, 0x38950
0, 0x74980
0, 0x38970
0, 0x749a0
0, 0x38990
0, 0x749c0
0, 0x389b0
0, 0x749e0
1, 0x74960
0, 0x38950
0, 0x74980
2, 2
3, 0
3, 0
3, 0
3, 0
3, 0
3, 0
3, 0
3, 0
3, 0
3, 0
3, 0
3, 0
3, 0
3, 0
1, 0x74980
0, 0x38970
0, 0x749a0
2, 2
3, 0
3, 0
3, 0
3, 0
3, 0
3, 0
3, 0
3, 0
3, 0
3, 0
3, 0
3, 0
3, 0
3, 0
1, 0x749a0
0, 0x38990
0, 0x749c0
2, 2
3, 0
3, 0
3, 0
3, 0
3, 0
3, 0
3, 0
3, 0
3, 0
3, 0
3, 0
3, 0
3, 0
3, 0
1, 0x749c0
0, 0x389b0
0, 0x749e0
2, 2
3, 0
3, 0
3, 0
3, 0
3, 0
3, 0
3, 0
3, 0
3, 0
3, 0
3, 0
3, 0
3, 0
3, 0
0, 0x389d0
0, 0x74a00
0, 0x389f0
0, 0x74a20
0, 0x38a10
0, 0x74a40
0, 0x38a30
0, 0x74a60
1, 0x749e0
0, 0x389d0
0, 0x74a00
2, 2
3, 0
3, 0
3, 0
3, 0
3, 0
3, 0
3, 0
3, 0
3, 0
3, 0
3, 0
3, 0
3, 0
3, 0
1, 0x74a00
0, 0x389f0
0, 0x74a20
2, 2
3, 0
3, 0
3, 0
3, 0
3, 0
3, 0
3, 0
3, 0
3, 0
3, 0
3, 0
3, 0
3, 0
3, 0
1, 0x74a20
0, 0x38a10
0, 0x74a40
2, 2
3, 0
3, 0
3, 0
3, 0
3, 0
3, 0
3, 0
3, 0
3, 0
3, 0
3, 0
3, 0
3, 0
3, 0
1, 0x74a40
0, 0x38a30
0, 0x74a60
2, 2
3, 0
3, 0
3, 0
3, 0
3, 0
3, 0
3, 0
3, 0
3, 0
3, 0
3, 0
3, 0
3, 0
3, 0
0, 0x38a50
0, 0x74a80
0, 0x38a70
0, 0x74aa0
0, 0x38a90
0, 0x74ac0
0, 0x38ab0
0, 0x74ae0
1, 0x74a60
0, 0x38a50
0, 0x74a80
2, 2
3, 0
3, 0
3, 0
3, 0
3, 0
3, 0
3, 0
3, 0
3, 0
3, 0
3, 0
3, 0
3, 0
3, 0
1, 0x74a80
0, 0x38a70
0, 0x74aa0
2, 2
3, 0
3, 0
3, 0
3, 0
3, 0
3, 0
3, 0
3, 0
3, 0
3, 0
3, 0
3, 0
3, 0
3, 0
1, 0x74aa0
0, 0x38a90
0, 0x74ac0
2, 2
3, 0
3, 0
3, 0
3, 0
3, 0
3, 0
3, 0
3, 0
3, 0
3, 0
3, 0
3, 0
3, 0
3, 0
1, 0x74ac0
0, 0x38ab0
0, 0x74ae0
2, 2
3, 0
3, 0
3, 0
3, 0
3, 0
3, 0
3, 0
3, 0
3, 0
3, 0
3, 0
3, 0
3, 0
3, 0
0, 0x38ad0
0, 0x74b00
0, 0x38af0
0, 0x74b20
0, 0x38b10
0, 0x74b40
0, 0x38b30
0, 0x74b60
1, 0x74ae0
0, 0x38ad0
0, 0x74b00
2, 2
3, 0
3, 0
3, 0
3, 0
3, 0
3, 0
3, 0
3, 0
3, 0
3, 0
3, 0
3, 0
3, 0
3, 0
1, 0x74b00
0, 0x38af0
0, 0x74b20
2, 2
3, 0
3, 0
3, 0
3, 0
3, 0
3, 0
3, 0
3, 0
3, 0
3, 0
3, 0
3, 0
3, 0
3, 0
1, 0x74b20
0, 0x38b10
0, 0x74b40
2, 2
3, 0
3, 0
3, 0
3, 0
3, 0
3, 0
3, 0
3, 0
3, 0
3, 0
3, 0
3, 0
3, 0
3, 0
1, 0x74b40
0, 0x38b30
0, 0x74b60
2, 2
3, 0
3, 0
3, 0
3, 0
3, 0
3, 0
3, 0
3, 0
3, 0
3, 0
3, 0
3, 0
3, 0
3, 0
0, 0x38b50
0, 0x74b80
0, 0x38b70
0, 0x74ba0
0, 0x38b90
0, 0x74bc0
0, 0x38bb0
0, 0x74be0
1, 0x74b60
0, 0x38b50
0, 0x74b80
2, 2
3, 0
3, 0
3, 0
3, 0
3, 0
3, 0
3, 0
3, 0
3, 0
3, 0
3, 0
3, 0
3, 0
3, 0
1, 0x74b80
0, 0x38b70
0, 0x74ba0
2, 2
3, 0
3, 0
3, 0
3, 0
3, 0
3, 0
3, 0
3, 0
3, 0
3, 0
3, 0
3, 0
3, 0
3, 0
1, 0x74ba0
0, 0x38b90
0, 0x74bc0
2, 2
3, 0
3, 0
3, 0
3, 0
3, 0
3, 0
3, 0
3, 0
3, 0
3, 0
3, 0
3, 0
3, 0
3, 0
1, 0x74bc0
0, 0x38bb0
0, 0x74be0
2, 2
3, 0
3, 0
3, 0
3, 0
3, 0
3, 0
3, 0
3, 0
3, 0
3, 0
3, 0
3, 0
3, 0
3, 0
0, 0x38bd0
0, 0x74c00
0, 0x38bf0
0, 0x74c20
0, 0x38c10
0, 0x74c40
0, 0x38c30
0, 0x74c60
1, 0x74be0
0, 0x38bd0
0, 0x74c00
2, 2
3, 0
3, 0
3, 0
3, 0
3, 0
3, 0
3, 0
3, 0
3, 0
3, 0
3, 0
3, 0
3, 0
3, 0
1, 0x74c00
0, 0x38bf0
0, 0x74c20
2, 2
3, 0
3, 0
3, 0
3, 0
3, 0
3, 0
3, 0
3, 0
3, 0
3, 0
3, 0
3, 0
3, 0
3, 0
1, 0x74c20
0, 0x38c10
0, 0x74c40
2, 2
3, 0
3, 0
3, 0
3, 0
3, 0
3, 0
3, 0
3, 0
3, 0
3, 0
3, 0
3, 0
3, 0
3, 0
1, 0x74c40
0, 0x38c30
0, 0x74c60
2, 2
3, 0
3, 0
3, 0
3, 0
3, 0
3, 0
3, 0
3, 0
3, 0
3, 0
3, 0
3, 0
3, 0
3, 0
0, 0x38c50
0, 0x74c80
0, 0x38c70
0, 0x74ca0
0, 0x38c90
0, 0x74cc0
0, 0x38cb0
0, 0x74ce0
1, 0x74c60
0, 0x38c50
0, 0x74c80
2, 2
3, 0
3, 0
3, 0
3, 0
3, 0
3, 0
3, 0
3, 0
3, 0
3, 0
3, 0
3, 0
3, 0
3, 0
1, 0x74c80
0, 0x38c70
0, 0x74ca0
2, 2
3, 0
3, 0
3, 0
3, 0
3, 0
3, 0
3, 0
3, 0
3, 0
3, 0
3, 0
3, 0
3, 0
3, 0
1, 0x74ca0
0, 0x38c90
0, 0x74cc0
2, 2
3, 0
3, 0
3, 0
3, 0
3, 0
3, 0
3, 0
3, 0
3, 0
3, 0
3, 0
3, 0
3, 0
3, 0
1, 0x74cc0
0, 0x38cb0
0, 0x74ce0
2, 2
3, 0
3, 0
3, 0
3, 0
3, 0
3, 0
3, 0
3, 0
3, 0
3, 0
3, 0
3, 0
3, 0
3, 0
0, 0x38cd0
0, 0x74d00
0, 0x38cf0
0, 0x74d20
0, 0x38d10
0, 0x74d40
0, 0x38d30
0, 0x74d60
1, 0x74ce0
0, 0x38cd0
0, 0x74d00
2, 2
3, 0
3, 0
3, 0
3, 0
3, 0
3, 0
3, 0
3, 0
3, 0
3, 0
3, 0
3, 0
3, 0
3, 0
1, 0x74d00
0, 0x38cf0
0, 0x74d20
2, 2
3, 0
3, 0
3, 0
3, 0
3, 0
3, 0
3, 0
3, 0
3, 0
3, 0
3, 0
3, 0
3, 0
3, 0
1, 0x74d20
0, 0x38d10
0, 0x74d40
2, 2
3, 0
3, 0
3, 0
3, 0
3, 0
3, 0
3, 0
3, 0
3, 0
3, 0
3, 0
3, 0
3, 0
3, 0
1, 0x74d40
0, 0x38d30
0, 0x74d60
2, 2
3, 0
3, 0
3, 0
3, 0
3, 0
3, 0
3, 0
3, 0
3, 0
3, 0
3, 0
3, 0
3, 0
3, 0
0, 0x38d50
0, 0x74d80
0, 0x38d70
0, 0x74da0
0, 0x38d90
0, 0x74dc0
0, 0x38db0
0, 0x74de0
1, 0x74d60
0, 0x38d50
0, 0x74d80
2, 2
3, 0
3, 0
3, 0
3, 0
3, 0
3, 0
3, 0
3, 0
3, 0
3, 0
3, 0
3, 0
3, 0
3, 0
1, 0x74d80
0, 0x38d70
0, 0x74da0
2, 2
3, 0
3, 0
3, 0
3, 0
3, 0
3, 0
3, 0
3, 0
3, 0
3, 0
3, 0
3, 0
3, 0
3, 0
1, 0x74da0
0, 0x38d90
0, 0x74dc0
2, 2
3, 0
3, 0
3, 0
3, 0
3, 0
3, 0
3, 0
3, 0
3, 0
3, 0
3, 0
3, 0
3, 0
3, 0
1, 0x74dc0
0, 0x38db0
0, 0x74de0
2, 2
3, 0
3, 0
3, 0
3, 0
3, 0
3, 0
3, 0
3, 0
3, 0
3, 0
3, 0
3, 0
3, 0
3, 0
0, 0x38dd0
0, 0x74e00
0, 0x38df0
0, 0x74e20
0, 0x38e10
0, 0x74e40
0, 0x38e30
0, 0x74e60
1, 0x74de0
0, 0x38dd0
0, 0x74e00
2, 2
3, 0
3, 0
3, 0
3, 0
3, 0
3, 0
3, 0
3, 0
3, 0
3, 0
3, 0
3, 0
3, 0
3, 0
1, 0x74e00
0, 0x38df0
0, 0x74e20
2, 2
3, 0
3, 0
3, 0
3, 0
3, 0
3, 0
3, 0
3, 0
3, 0
3, 0
3, 0
3, 0
3, 0
3, 0
1, 0x74e20
0, 0x38e10
0, 0x74e40
2, 2
3, 0
3, 0
3, 0
3, 0
3, 0
3, 0
3, 0
3, 0
3, 0
3, 0
3, 0
3, 0
3, 0
3, 0
1, 0x74e40
0, 0x38e30
0, 0x74e60
2, 2
3, 0
3, 0
3, 0
3, 0
3, 0
3, 0
3, 0
3, 0
3, 0
3, 0
3, 0
3, 0
3, 0
3, 0
0, 0x38e50
0, 0x74e80
0, 0x38e70
0, 0x74ea0
0, 0x38e90
0, 0x74ec0
0, 0x38eb0
0, 0x74ee0
1, 0x74e60
0, 0x38e50
0, 0x74e80
2, 2
3, 0
3, 0
3, 0
3, 0
3, 0
3, 0
3, 0
3, 0
3, 0
3, 0
3, 0
3, 0
3, 0
3, 0
1, 0x74e80
0, 0x38e70
0, 0x74ea0
2, 2
3, 0
3, 0
3, 0
3, 0
3, 0
3, 0
3, 0
3, 0
3, 0
3, 0
3, 0
3, 0
3, 0
3, 0
1, 0x74ea0
0, 0x38e90
0, 0x74ec0
2, 2
3, 0
3, 0
3, 0
3, 0
3, 0
3, 0
3, 0
3, 0
3, 0
3, 0
3, 0
3, 0
3, 0
3, 0
1, 0x74ec0
0, 0x38eb0
0, 0x74ee0
2, 2
3, 0
3, 0
3, 0
3, 0
3, 0
3, 0
3, 0
3, 0
3, 0
3, 0
3, 0
3, 0
3, 0
3, 0
0, 0x38ed0
0, 0x74f00
0, 0x38ef0
0, 0x74f20
0, 0x38f10
0, 0x74f40
0, 0x38f30
0, 0x74f60
1, 0x74ee0
0, 0x38ed0
0, 0x74f00
2, 2
3, 0
3, 0
3, 0
3, 0
3, 0
3, 0
3, 0
3, 0
3, 0
3, 0
3, 0
3, 0
3, 0
3, 0
1, 0x74f00
0, 0x38ef0
0, 0x74f20
2, 2
3, 0
3, 0
3, 0
3, 0
3, 0
3, 0
3, 0
3, 0
3, 0
3, 0
3, 0
3, 0
3, 0
3, 0
1, 0x74f20
0, 0x38f10
0, 0x74f40
2, 2
3, 0
3, 0
3, 0
3, 0
3, 0
3, 0
3, 0
3, 0
3, 0
3, 0
3, 0
3, 0
3, 0
3, 0
1, 0x74f40
0, 0x38f30
0, 0x74f60
2, 2
3, 0
3, 0
3, 0
3, 0
3, 0
3, 0
3, 0
3, 0
3, 0
3, 0
3, 0
3, 0
3, 0
3, 0
0, 0x38f50
0, 0x74f80
0, 0x38f70
0, 0x74fa0
0, 0x38f90
0, 0x74fc0
0, 0x38fb0
0, 0x74fe0
1, 0x74f60
0, 0x38f50
0, 0x74f80
2, 2
3, 0
3, 0
3, 0
3, 0
3, 0
3, 0
3, 0
3, 0
3, 0
3, 0
3, 0
3, 0
3, 0
3, 0
1, 0x74f80
0, 0x38f70
0, 0x74fa0
2, 2
3, 0
3, 0
3, 0
3, 0
3, 0
3, 0
3, 0
3, 0
3, 0
3, 0
3, 0
3, 0
3, 0
3, 0
1, 0x74fa0
0, 0x38f90
0, 0x74fc0
2, 2
3, 0
3, 0
3, 0
3, 0
3, 0
3, 0
3, 0
3, 0
3, 0
3, 0
3, 0
3, 0
3, 0
3, 0
1, 0x74fc0
0, 0x38fb0
0, 0x74fe0
2, 2
3, 0
3, 0
3, 0
3, 0
3, 0
3, 0
3, 0
3, 0
3, 0
3, 0
3, 0
3, 0
3, 0
3, 0
0, 0x38fd0
0, 0x75000
0, 0x38ff0
0, 0x75020
0, 0x39010
0, 0x75040
0, 0x39030
0, 0x75060
1, 0x74fe0
0, 0x38fd0
0, 0x75000
2, 2
3, 0
3, 0
3, 0
3, 0
3, 0
3, 0
3, 0
3, 0
3, 0
3, 0
3, 0
3, 0
3, 0
3, 0
1, 0x75000
0, 0x38ff0
0, 0x75020
2, 2
3, 0
3, 0
3, 0
3, 0
3, 0
3, 0
3, 0
3, 0
3, 0
3, 0
3, 0
3, 0
3, 0
3, 0
1, 0x75020
0, 0x39010
0, 0x75040
2, 2
3, 0
3, 0
3, 0
3, 0
3, 0
3, 0
3, 0
3, 0
3, 0
3, 0
3, 0
3, 0
3, 0
3, 0
1, 0x75040
0, 0x39030
0, 0x75060
2, 2
3, 0
3, 0
3, 0
3, 0
3, 0
3, 0
3, 0
3, 0
3, 0
3, 0
3, 0
3, 0
3, 0
3, 0
0, 0x39050
0, 0x75080
0, 0x39070
0, 0x750a0
0, 0x39090
0, 0x750c0
0, 0x390b0
0, 0x750e0
1, 0x75060
0, 0x39050
0, 0x75080
2, 2
3, 0
3, 0
3, 0
3, 0
3, 0
3, 0
3, 0
3, 0
3, 0
3, 0
3, 0
3, 0
3, 0
3, 0
1, 0x75080
0, 0x39070
0, 0x750a0
2, 2
3, 0
3, 0
3, 0
3, 0
3, 0
3, 0
3, 0
3, 0
3, 0
3, 0
3, 0
3, 0
3, 0
3, 0
1, 0x750a0
0, 0x39090
0, 0x750c0
2, 2
3, 0
3, 0
3, 0
3, 0
3, 0
3, 0
3, 0
3, 0
3, 0
3, 0
3, 0
3, 0
3, 0
3, 0
1, 0x750c0
0, 0x390b0
0, 0x750e0
2, 2
3, 0
3, 0
3, 0
3, 0
3, 0
3, 0
3, 0
3, 0
3, 0
3, 0
3, 0
3, 0
3, 0
3, 0
0, 0x390d0
0, 0x75100
0, 0x390f0
0, 0x75120
0, 0x39110
0, 0x75140
0, 0x39130
0, 0x75160
1, 0x750e0
0, 0x390d0
0, 0x75100
2, 2
3, 0
3, 0
3, 0
3, 0
3, 0
3, 0
3, 0
3, 0
3, 0
3, 0
3, 0
3, 0
3, 0
3, 0
1, 0x75100
0, 0x390f0
0, 0x75120
2, 2
3, 0
3, 0
3, 0
3, 0
3, 0
3, 0
3, 0
3, 0
3, 0
3, 0
3, 0
3, 0
3, 0
3, 0
1, 0x75120
0, 0x39110
0, 0x75140
2, 2
3, 0
3, 0
3, 0
3, 0
3, 0
3, 0
3, 0
3, 0
3, 0
3, 0
3, 0
3, 0
3, 0
3, 0
1, 0x75140
0, 0x39130
0, 0x75160
2, 2
3, 0
3, 0
3, 0
3, 0
3, 0
3, 0
3, 0
3, 0
3, 0
3, 0
3, 0
3, 0
3, 0
3, 0
0, 0x39150
0, 0x75180
0, 0x39170
0, 0x751a0
0, 0x39190
0, 0x751c0
0, 0x391b0
0, 0x751e0
1, 0x75160
0, 0x39150
0, 0x75180
2, 2
3, 0
3, 0
3, 0
3, 0
3, 0
3, 0
3, 0
3, 0
3, 0
3, 0
3, 0
3, 0
3, 0
3, 0
1, 0x75180
0, 0x39170
0, 0x751a0
2, 2
3, 0
3, 0
3, 0
3, 0
3, 0
3, 0
3, 0
3, 0
3, 0
3, 0
3, 0
3, 0
3, 0
3, 0
1, 0x751a0
0, 0x39190
0, 0x751c0
2, 2
3, 0
3, 0
3, 0
3, 0
3, 0
3, 0
3, 0
3, 0
3, 0
3, 0
3, 0
3, 0
3, 0
3, 0
1, 0x751c0
0, 0x391b0
0, 0x751e0
2, 2
3, 0
3, 0
3, 0
3, 0
3, 0
3, 0
3, 0
3, 0
3, 0
3, 0
3, 0
3, 0
3, 0
3, 0
0, 0x391d0
0, 0x75200
0, 0x391f0
0, 0x75220
0, 0x39210
0, 0x75240
0, 0x39230
0, 0x75260
1, 0x751e0
0, 0x391d0
0, 0x75200
2, 2
3, 0
3, 0
3, 0
3, 0
3, 0
3, 0
3, 0
3, 0
3, 0
3, 0
3, 0
3, 0
3, 0
3, 0
1, 0x75200
0, 0x391f0
0, 0x75220
2, 2
3, 0
3, 0
3, 0
3, 0
3, 0
3, 0
3, 0
3, 0
3, 0
3, 0
3, 0
3, 0
3, 0
3, 0
1, 0x75220
0, 0x39210
0, 0x75240
2, 2
3, 0
3, 0
3, 0
3, 0
3, 0
3, 0
3, 0
3, 0
3, 0
3, 0
3, 0
3, 0
3, 0
3, 0
1, 0x75240
0, 0x39230
0, 0x75260
2, 2
3, 0
3, 0
3, 0
3, 0
3, 0
3, 0
3, 0
3, 0
3, 0
3, 0
3, 0
3, 0
3, 0
3, 0
0, 0x39250
0, 0x75280
0, 0x39270
0, 0x752a0
0, 0x39290
0, 0x752c0
0, 0x392b0
0, 0x752e0
1, 0x75260
0, 0x39250
0, 0x75280
2, 2
3, 0
3, 0
3, 0
3, 0
3, 0
3, 0
3, 0
3, 0
3, 0
3, 0
3, 0
3, 0
3, 0
3, 0
1, 0x75280
0, 0x39270
0, 0x752a0
2, 2
3, 0
3, 0
3, 0
3, 0
3, 0
3, 0
3, 0
3, 0
3, 0
3, 0
3, 0
3, 0
3, 0
3, 0
1, 0x752a0
0, 0x39290
0, 0x752c0
2, 2
3, 0
3, 0
3, 0
3, 0
3, 0
3, 0
3, 0
3, 0
3, 0
3, 0
3, 0
3, 0
3, 0
3, 0
1, 0x752c0
0, 0x392b0
0, 0x752e0
2, 2
3, 0
3, 0
3, 0
3, 0
3, 0
3, 0
3, 0
3, 0
3, 0
3, 0
3, 0
3, 0
3, 0
3, 0
0, 0x392d0
0, 0x75300
0, 0x392f0
0, 0x75320
0, 0x39310
0, 0x75340
0, 0x39330
0, 0x75360
1, 0x752e0
0, 0x392d0
0, 0x75300
2, 2
3, 0
3, 0
3, 0
3, 0
3, 0
3, 0
3, 0
3, 0
3, 0
3, 0
3, 0
3, 0
3, 0
3, 0
1, 0x75300
0, 0x392f0
0, 0x75320
2, 2
3, 0
3, 0
3, 0
3, 0
3, 0
3, 0
3, 0
3, 0
3, 0
3, 0
3, 0
3, 0
3, 0
3, 0
1, 0x75320
0, 0x39310
0, 0x75340
2, 2
3, 0
3, 0
3, 0
3, 0
3, 0
3, 0
3, 0
3, 0
3, 0
3, 0
3, 0
3, 0
3, 0
3, 0
1, 0x75340
0, 0x39330
0, 0x75360
2, 2
3, 0
3, 0
3, 0
3, 0
3, 0
3, 0
3, 0
3, 0
3, 0
3, 0
3, 0
3, 0
3, 0
3, 0
0, 0x39350
0, 0x75380
0, 0x39370
0, 0x753a0
0, 0x39390
0, 0x753c0
0, 0x393b0
0, 0x753e0
1, 0x75360
0, 0x39350
0, 0x75380
2, 2
3, 0
3, 0
3, 0
3, 0
3, 0
3, 0
3, 0
3, 0
3, 0
3, 0
3, 0
3, 0
3, 0
3, 0
1, 0x75380
0, 0x39370
0, 0x753a0
2, 2
3, 0
3, 0
3, 0
3, 0
3, 0
3, 0
3, 0
3, 0
3, 0
3, 0
3, 0
3, 0
3, 0
3, 0
1, 0x753a0
0, 0x39390
0, 0x753c0
2, 2
3, 0
3, 0
3, 0
3, 0
3, 0
3, 0
3, 0
3, 0
3, 0
3, 0
3, 0
3, 0
3, 0
3, 0
1, 0x753c0
0, 0x393b0
0, 0x753e0
2, 2
3, 0
3, 0
3, 0
3, 0
3, 0
3, 0
3, 0
3, 0
3, 0
3, 0
3, 0
3, 0
3, 0
3, 0
0, 0x393d0
0, 0x75400
0, 0x393f0
0, 0x75420
0, 0x39410
0, 0x75440
0, 0x39430
0, 0x75460
1, 0x753e0
0, 0x393d0
0, 0x75400
2, 2
3, 0
3, 0
3, 0
3, 0
3, 0
3, 0
3, 0
3, 0
3, 0
3, 0
3, 0
3, 0
3, 0
3, 0
1, 0x75400
0, 0x393f0
0, 0x75420
2, 2
3, 0
3, 0
3, 0
3, 0
3, 0
3, 0
3, 0
3, 0
3, 0
3, 0
3, 0
3, 0
3, 0
3, 0
1, 0x75420
0, 0x39410
0, 0x75440
2, 2
3, 0
3, 0
3, 0
3, 0
3, 0
3, 0
3, 0
3, 0
3, 0
3, 0
3, 0
3, 0
3, 0
3, 0
1, 0x75440
0, 0x39430
0, 0x75460
2, 2
3, 0
3, 0
3, 0
3, 0
3, 0
3, 0
3, 0
3, 0
3, 0
3, 0
3, 0
3, 0
3, 0
3, 0
0, 0x39450
0, 0x75480
0, 0x39470
0, 0x754a0
0, 0x39490
0, 0x754c0
0, 0x394b0
0, 0x754e0
1, 0x75460
0, 0x39450
0, 0x75480
2, 2
3, 0
3, 0
3, 0
3, 0
3, 0
3, 0
3, 0
3, 0
3, 0
3, 0
3, 0
3, 0
3, 0
3, 0
1, 0x75480
0, 0x39470
0, 0x754a0
2, 2
3, 0
3, 0
3, 0
3, 0
3, 0
3, 0
3, 0
3, 0
3, 0
3, 0
3, 0
3, 0
3, 0
3, 0
1, 0x754a0
0, 0x39490
0, 0x754c0
2, 2
3, 0
3, 0
3, 0
3, 0
3, 0
3, 0
3, 0
3, 0
3, 0
3, 0
3, 0
3, 0
3, 0
3, 0
1, 0x754c0
0, 0x394b0
0, 0x754e0
2, 2
3, 0
3, 0
3, 0
3, 0
3, 0
3, 0
3, 0
3, 0
3, 0
3, 0
3, 0
3, 0
3, 0
3, 0
0, 0x394d0
0, 0x75500
0, 0x394f0
0, 0x75520
0, 0x39510
0, 0x75540
0, 0x39530
0, 0x75560
1, 0x754e0
0, 0x394d0
0, 0x75500
2, 2
3, 0
3, 0
3, 0
3, 0
3, 0
3, 0
3, 0
3, 0
3, 0
3, 0
3, 0
3, 0
3, 0
3, 0
1, 0x75500
0, 0x394f0
0, 0x75520
2, 2
3, 0
3, 0
3, 0
3, 0
3, 0
3, 0
3, 0
3, 0
3, 0
3, 0
3, 0
3, 0
3, 0
3, 0
1, 0x75520
0, 0x39510
0, 0x75540
2, 2
3, 0
3, 0
3, 0
3, 0
3, 0
3, 0
3, 0
3, 0
3, 0
3, 0
3, 0
3, 0
3, 0
3, 0
1, 0x75540
0, 0x39530
0, 0x75560
2, 2
3, 0
3, 0
3, 0
3, 0
3, 0
3, 0
3, 0
3, 0
3, 0
3, 0
3, 0
3, 0
3, 0
3, 0
0, 0x39550
0, 0x75580
0, 0x39570
0, 0x755a0
0, 0x39590
0, 0x755c0
0, 0x395b0
0, 0x755e0
1, 0x75560
0, 0x39550
0, 0x75580
2, 2
3, 0
3, 0
3, 0
3, 0
3, 0
3, 0
3, 0
3, 0
3, 0
3, 0
3, 0
3, 0
3, 0
3, 0
1, 0x75580
0, 0x39570
0, 0x755a0
2, 2
3, 0
3, 0
3, 0
3, 0
3, 0
3, 0
3, 0
3, 0
3, 0
3, 0
3, 0
3, 0
3, 0
3, 0
1, 0x755a0
0, 0x39590
0, 0x755c0
2, 2
3, 0
3, 0
3, 0
3, 0
3, 0
3, 0
3, 0
3, 0
3, 0
3, 0
3, 0
3, 0
3, 0
3, 0
1, 0x755c0
0, 0x395b0
0, 0x755e0
2, 2
3, 0
3, 0
3, 0
3, 0
3, 0
3, 0
3, 0
3, 0
3, 0
3, 0
3, 0
3, 0
3, 0
3, 0
0, 0x395d0
0, 0x75600
0, 0x395f0
0, 0x75620
0, 0x39610
0, 0x75640
0, 0x39630
0, 0x75660
1, 0x755e0
0, 0x395d0
0, 0x75600
2, 2
3, 0
3, 0
3, 0
3, 0
3, 0
3, 0
3, 0
3, 0
3, 0
3, 0
3, 0
3, 0
3, 0
3, 0
1, 0x75600
0, 0x395f0
0, 0x75620
2, 2
3, 0
3, 0
3, 0
3, 0
3, 0
3, 0
3, 0
3, 0
3, 0
3, 0
3, 0
3, 0
3, 0
3, 0
1, 0x75620
0, 0x39610
0, 0x75640
2, 2
3, 0
3, 0
3, 0
3, 0
3, 0
3, 0
3, 0
3, 0
3, 0
3, 0
3, 0
3, 0
3, 0
3, 0
1, 0x75640
0, 0x39630
0, 0x75660
2, 2
3, 0
3, 0
3, 0
3, 0
3, 0
3, 0
3, 0
3, 0
3, 0
3, 0
3, 0
3, 0
3, 0
3, 0
0, 0x39650
0, 0x75680
0, 0x39670
0, 0x756a0
0, 0x39690
0, 0x756c0
0, 0x396b0
0, 0x756e0
1, 0x75660
0, 0x39650
0, 0x75680
2, 2
3, 0
3, 0
3, 0
3, 0
3, 0
3, 0
3, 0
3, 0
3, 0
3, 0
3, 0
3, 0
3, 0
3, 0
1, 0x75680
0, 0x39670
0, 0x756a0
2, 2
3, 0
3, 0
3, 0
3, 0
3, 0
3, 0
3, 0
3, 0
3, 0
3, 0
3, 0
3, 0
3, 0
3, 0
1, 0x756a0
0, 0x39690
0, 0x756c0
2, 2
3, 0
3, 0
3, 0
3, 0
3, 0
3, 0
3, 0
3, 0
3, 0
3, 0
3, 0
3, 0
3, 0
3, 0
1, 0x756c0
0, 0x396b0
0, 0x756e0
2, 2
3, 0
3, 0
3, 0
3, 0
3, 0
3, 0
3, 0
3, 0
3, 0
3, 0
3, 0
3, 0
3, 0
3, 0
0, 0x396d0
0, 0x75700
0, 0x396f0
0, 0x75720
0, 0x39710
0, 0x75740
0, 0x39730
0, 0x75760
1, 0x756e0
0, 0x396d0
0, 0x75700
2, 2
3, 0
3, 0
3, 0
3, 0
3, 0
3, 0
3, 0
3, 0
3, 0
3, 0
3, 0
3, 0
3, 0
3, 0
1, 0x75700
0, 0x396f0
0, 0x75720
2, 2
3, 0
3, 0
3, 0
3, 0
3, 0
3, 0
3, 0
3, 0
3, 0
3, 0
3, 0
3, 0
3, 0
3, 0
1, 0x75720
0, 0x39710
0, 0x75740
2, 2
3, 0
3, 0
3, 0
3, 0
3, 0
3, 0
3, 0
3, 0
3, 0
3, 0
3, 0
3, 0
3, 0
3, 0
1, 0x75740
0, 0x39730
0, 0x75760
2, 2
3, 0
3, 0
3, 0
3, 0
3, 0
3, 0
3, 0
3, 0
3, 0
3, 0
3, 0
3, 0
3, 0
3, 0
0, 0x39750
0, 0x75780
0, 0x39770
0, 0x757a0
0, 0x39790
0, 0x757c0
0, 0x397b0
0, 0x757e0
1, 0x75760
0, 0x39750
0, 0x75780
2, 2
3, 0
3, 0
3, 0
3, 0
3, 0
3, 0
3, 0
3, 0
3, 0
3, 0
3, 0
3, 0
3, 0
3, 0
1, 0x75780
0, 0x39770
0, 0x757a0
2, 2
3, 0
3, 0
3, 0
3, 0
3, 0
3, 0
3, 0
3, 0
3, 0
3, 0
3, 0
3, 0
3, 0
3, 0
1, 0x757a0
0, 0x39790
0, 0x757c0
2, 2
3, 0
3, 0
3, 0
3, 0
3, 0
3, 0
3, 0
3, 0
3, 0
3, 0
3, 0
3, 0
3, 0
3, 0
1, 0x757c0
0, 0x397b0
0, 0x757e0
2, 2
3, 0
3, 0
3, 0
3, 0
3, 0
3, 0
3, 0
3, 0
3, 0
3, 0
3, 0
3, 0
3, 0
3, 0
0, 0x397d0
0, 0x75800
0, 0x397f0
0, 0x75820
0, 0x39810
0, 0x75840
0, 0x39830
0, 0x75860
1, 0x757e0
0, 0x397d0
0, 0x75800
2, 2
3, 0
3, 0
3, 0
3, 0
3, 0
3, 0
3, 0
3, 0
3, 0
3, 0
3, 0
3, 0
3, 0
3, 0
1, 0x75800
0, 0x397f0
0, 0x75820
2, 2
3, 0
3, 0
3, 0
3, 0
3, 0
3, 0
3, 0
3, 0
3, 0
3, 0
3, 0
3, 0
3, 0
3, 0
1, 0x75820
0, 0x39810
0, 0x75840
2, 2
3, 0
3, 0
3, 0
3, 0
3, 0
3, 0
3, 0
3, 0
3, 0
3, 0
3, 0
3, 0
3, 0
3, 0
1, 0x75840
0, 0x39830
0, 0x75860
2, 2
3, 0
3, 0
3, 0
3, 0
3, 0
3, 0
3, 0
3, 0
3, 0
3, 0
3, 0
3, 0
3, 0
3, 0
0, 0x39850
0, 0x75880
0, 0x39870
0, 0x758a0
0, 0x39890
0, 0x758c0
0, 0x398b0
0, 0x758e0
1, 0x75860
0, 0x39850
0, 0x75880
2, 2
3, 0
3, 0
3, 0
3, 0
3, 0
3, 0
3, 0
3, 0
3, 0
3, 0
3, 0
3, 0
3, 0
3, 0
1, 0x75880
0, 0x39870
0, 0x758a0
2, 2
3, 0
3, 0
3, 0
3, 0
3, 0
3, 0
3, 0
3, 0
3, 0
3, 0
3, 0
3, 0
3, 0
3, 0
1, 0x758a0
0, 0x39890
0, 0x758c0
2, 2
3, 0
3, 0
3, 0
3, 0
3, 0
3, 0
3, 0
3, 0
3, 0
3, 0
3, 0
3, 0
3, 0
3, 0
1, 0x758c0
0, 0x398b0
0, 0x758e0
2, 2
3, 0
3, 0
3, 0
3, 0
3, 0
3, 0
3, 0
3, 0
3, 0
3, 0
3, 0
3, 0
3, 0
3, 0
0, 0x398d0
0, 0x75900
0, 0x398f0
0, 0x75920
0, 0x39910
0, 0x75940
0, 0x39930
0, 0x75960
1, 0x758e0
0, 0x398d0
0, 0x75900
2, 2
3, 0
3, 0
3, 0
3, 0
3, 0
3, 0
3, 0
3, 0
3, 0
3, 0
3, 0
3, 0
3, 0
3, 0
1, 0x75900
0, 0x398f0
0, 0x75920
2, 2
3, 0
3, 0
3, 0
3, 0
3, 0
3, 0
3, 0
3, 0
3, 0
3, 0
3, 0
3, 0
3, 0
3, 0
1, 0x75920
0, 0x39910
0, 0x75940
2, 2
3, 0
3, 0
3, 0
3, 0
3, 0
3, 0
3, 0
3, 0
3, 0
3, 0
3, 0
3, 0
3, 0
3, 0
1, 0x75940
0, 0x39930
0, 0x75960
2, 2
3, 0
3, 0
3, 0
3, 0
3, 0
3, 0
3, 0
3, 0
3, 0
3, 0
3, 0
3, 0
3, 0
3, 0
0, 0x39950
0, 0x75980
0, 0x39970
0, 0x759a0
0, 0x39990
0, 0x759c0
0, 0x399b0
0, 0x759e0
1, 0x75960
0, 0x39950
0, 0x75980
2, 2
3, 0
3, 0
3, 0
3, 0
3, 0
3, 0
3, 0
3, 0
3, 0
3, 0
3, 0
3, 0
3, 0
3, 0
1, 0x75980
0, 0x39970
0, 0x759a0
2, 2
3, 0
3, 0
3, 0
3, 0
3, 0
3, 0
3, 0
3, 0
3, 0
3, 0
3, 0
3, 0
3, 0
3, 0
1, 0x759a0
0, 0x39990
0, 0x759c0
2, 2
3, 0
3, 0
3, 0
3, 0
3, 0
3, 0
3, 0
3, 0
3, 0
3, 0
3, 0
3, 0
3, 0
3, 0
1, 0x759c0
0, 0x399b0
0, 0x759e0
2, 2
3, 0
3, 0
3, 0
3, 0
3, 0
3, 0
3, 0
3, 0
3, 0
3, 0
3, 0
3, 0
3, 0
3, 0
0, 0x399d0
0, 0x75a00
0, 0x399f0
0, 0x75a20
0, 0x39a10
0, 0x75a40
0, 0x39a30
0, 0x75a60
1, 0x759e0
0, 0x399d0
0, 0x75a00
2, 2
3, 0
3, 0
3, 0
3, 0
3, 0
3, 0
3, 0
3, 0
3, 0
3, 0
3, 0
3, 0
3, 0
3, 0
1, 0x75a00
0, 0x399f0
0, 0x75a20
2, 2
3, 0
3, 0
3, 0
3, 0
3, 0
3, 0
3, 0
3, 0
3, 0
3, 0
3, 0
3, 0
3, 0
3, 0
1, 0x75a20
0, 0x39a10
0, 0x75a40
2, 2
3, 0
3, 0
3, 0
3, 0
3, 0
3, 0
3, 0
3, 0
3, 0
3, 0
3, 0
3, 0
3, 0
3, 0
1, 0x75a40
0, 0x39a30
0, 0x75a60
2, 2
3, 0
3, 0
3, 0
3, 0
3, 0
3, 0
3, 0
3, 0
3, 0
3, 0
3, 0
3, 0
3, 0
3, 0
0, 0x39a50
0, 0x75a80
0, 0x39a70
0, 0x75aa0
0, 0x39a90
0, 0x75ac0
0, 0x39ab0
0, 0x75ae0
1, 0x75a60
0, 0x39a50
0, 0x75a80
2, 2
3, 0
3, 0
3, 0
3, 0
3, 0
3, 0
3, 0
3, 0
3, 0
3, 0
3, 0
3, 0
3, 0
3, 0
1, 0x75a80
0, 0x39a70
0, 0x75aa0
2, 2
3, 0
3, 0
3, 0
3, 0
3, 0
3, 0
3, 0
3, 0
3, 0
3, 0
3, 0
3, 0
3, 0
3, 0
1, 0x75aa0
0, 0x39a90
0, 0x75ac0
2, 2
3, 0
3, 0
3, 0
3, 0
3, 0
3, 0
3, 0
3, 0
3, 0
3, 0
3, 0
3, 0
3, 0
3, 0
1, 0x75ac0
0, 0x39ab0
0, 0x75ae0
2, 2
3, 0
3, 0
3, 0
3, 0
3, 0
3, 0
3, 0
3, 0
3, 0
3, 0
3, 0
3, 0
3, 0
3, 0
0, 0x39ad0
0, 0x75b00
0, 0x39af0
0, 0x75b20
0, 0x39b10
0, 0x75b40
0, 0x39b30
0, 0x75b60
1, 0x75ae0
0, 0x39ad0
0, 0x75b00
2, 2
3, 0
3, 0
3, 0
3, 0
3, 0
3, 0
3, 0
3, 0
3, 0
3, 0
3, 0
3, 0
3, 0
3, 0
1, 0x75b00
0, 0x39af0
0, 0x75b20
2, 2
3, 0
3, 0
3, 0
3, 0
3, 0
3, 0
3, 0
3, 0
3, 0
3, 0
3, 0
3, 0
3, 0
3, 0
1, 0x75b20
0, 0x39b10
0, 0x75b40
2, 2
3, 0
3, 0
3, 0
3, 0
3, 0
3, 0
3, 0
3, 0
3, 0
3, 0
3, 0
3, 0
3, 0
3, 0
1, 0x75b40
0, 0x39b30
0, 0x75b60
2, 2
3, 0
3, 0
3, 0
3, 0
3, 0
3, 0
3, 0
3, 0
3, 0
3, 0
3, 0
3, 0
3, 0
3, 0
0, 0x39b50
0, 0x75b80
0, 0x39b70
0, 0x75ba0
0, 0x39b90
0, 0x75bc0
0, 0x39bb0
0, 0x75be0
1, 0x75b60
0, 0x39b50
0, 0x75b80
2, 2
3, 0
3, 0
3, 0
3, 0
3, 0
3, 0
3, 0
3, 0
3, 0
3, 0
3, 0
3, 0
3, 0
3, 0
1, 0x75b80
0, 0x39b70
0, 0x75ba0
2, 2
3, 0
3, 0
3, 0
3, 0
3, 0
3, 0
3, 0
3, 0
3, 0
3, 0
3, 0
3, 0
3, 0
3, 0
1, 0x75ba0
0, 0x39b90
0, 0x75bc0
2, 2
3, 0
3, 0
3, 0
3, 0
3, 0
3, 0
3, 0
3, 0
3, 0
3, 0
3, 0
3, 0
3, 0
3, 0
1, 0x75bc0
0, 0x39bb0
0, 0x75be0
2, 2
3, 0
3, 0
3, 0
3, 0
3, 0
3, 0
3, 0
3, 0
3, 0
3, 0
3, 0
3, 0
3, 0
3, 0
0, 0x39bd0
0, 0x75c00
0, 0x39bf0
0, 0x75c20
0, 0x39c10
0, 0x75c40
0, 0x39c30
0, 0x75c60
1, 0x75be0
0, 0x39bd0
0, 0x75c00
2, 2
3, 0
3, 0
3, 0
3, 0
3, 0
3, 0
3, 0
3, 0
3, 0
3, 0
3, 0
3, 0
3, 0
3, 0
1, 0x75c00
0, 0x39bf0
0, 0x75c20
2, 2
3, 0
3, 0
3, 0
3, 0
3, 0
3, 0
3, 0
3, 0
3, 0
3, 0
3, 0
3, 0
3, 0
3, 0
1, 0x75c20
0, 0x39c10
0, 0x75c40
2, 2
3, 0
3, 0
3, 0
3, 0
3, 0
3, 0
3, 0
3, 0
3, 0
3, 0
3, 0
3, 0
3, 0
3, 0
1, 0x75c40
0, 0x39c30
0, 0x75c60
2, 2
3, 0
3, 0
3, 0
3, 0
3, 0
3, 0
3, 0
3, 0
3, 0
3, 0
3, 0
3, 0
3, 0
3, 0
0, 0x39c50
0, 0x75c80
0, 0x39c70
0, 0x75ca0
0, 0x39c90
0, 0x75cc0
0, 0x39cb0
0, 0x75ce0
1, 0x75c60
0, 0x39c50
0, 0x75c80
2, 2
3, 0
3, 0
3, 0
3, 0
3, 0
3, 0
3, 0
3, 0
3, 0
3, 0
3, 0
3, 0
3, 0
3, 0
1, 0x75c80
0, 0x39c70
0, 0x75ca0
2, 2
3, 0
3, 0
3, 0
3, 0
3, 0
3, 0
3, 0
3, 0
3, 0
3, 0
3, 0
3, 0
3, 0
3, 0
1, 0x75ca0
0, 0x39c90
0, 0x75cc0
2, 2
3, 0
3, 0
3, 0
3, 0
3, 0
3, 0
3, 0
3, 0
3, 0
3, 0
3, 0
3, 0
3, 0
3, 0
1, 0x75cc0
0, 0x39cb0
0, 0x75ce0
2, 2
3, 0
3, 0
3, 0
3, 0
3, 0
3, 0
3, 0
3, 0
3, 0
3, 0
3, 0
3, 0
3, 0
3, 0
0, 0x39cd0
0, 0x75d00
0, 0x39cf0
0, 0x75d20
0, 0x39d10
0, 0x75d40
0, 0x39d30
0, 0x75d60
1, 0x75ce0
0, 0x39cd0
0, 0x75d00
2, 2
3, 0
3, 0
3, 0
3, 0
3, 0
3, 0
3, 0
3, 0
3, 0
3, 0
3, 0
3, 0
3, 0
3, 0
1, 0x75d00
0, 0x39cf0
0, 0x75d20
2, 2
3, 0
3, 0
3, 0
3, 0
3, 0
3, 0
3, 0
3, 0
3, 0
3, 0
3, 0
3, 0
3, 0
3, 0
1, 0x75d20
0, 0x39d10
0, 0x75d40
2, 2
3, 0
3, 0
3, 0
3, 0
3, 0
3, 0
3, 0
3, 0
3, 0
3, 0
3, 0
3, 0
3, 0
3, 0
1, 0x75d40
0, 0x39d30
0, 0x75d60
2, 2
3, 0
3, 0
3, 0
3, 0
3, 0
3, 0
3, 0
3, 0
3, 0
3, 0
3, 0
3, 0
3, 0
3, 0
0, 0x39d50
0, 0x75d80
0, 0x39d70
0, 0x75da0
0, 0x39d90
0, 0x75dc0
0, 0x39db0
0, 0x75de0
1, 0x75d60
0, 0x39d50
0, 0x75d80
2, 2
3, 0
3, 0
3, 0
3, 0
3, 0
3, 0
3, 0
3, 0
3, 0
3, 0
3, 0
3, 0
3, 0
3, 0
1, 0x75d80
0, 0x39d70
0, 0x75da0
2, 2
3, 0
3, 0
3, 0
3, 0
3, 0
3, 0
3, 0
3, 0
3, 0
3, 0
3, 0
3, 0
3, 0
3, 0
1, 0x75da0
0, 0x39d90
0, 0x75dc0
2, 2
3, 0
3, 0
3, 0
3, 0
3, 0
3, 0
3, 0
3, 0
3, 0
3, 0
3, 0
3, 0
3, 0
3, 0
1, 0x75dc0
0, 0x39db0
0, 0x75de0
2, 2
3, 0
3, 0
3, 0
3, 0
3, 0
3, 0
3, 0
3, 0
3, 0
3, 0
3, 0
3, 0
3, 0
3, 0
0, 0x39dd0
0, 0x75e00
0, 0x39df0
0, 0x75e20
0, 0x39e10
0, 0x75e40
0, 0x39e30
0, 0x75e60
1, 0x75de0
0, 0x39dd0
0, 0x75e00
2, 2
3, 0
3, 0
3, 0
3, 0
3, 0
3, 0
3, 0
3, 0
3, 0
3, 0
3, 0
3, 0
3, 0
3, 0
1, 0x75e00
0, 0x39df0
0, 0x75e20
2, 2
3, 0
3, 0
3, 0
3, 0
3, 0
3, 0
3, 0
3, 0
3, 0
3, 0
3, 0
3, 0
3, 0
3, 0
1, 0x75e20
0, 0x39e10
0, 0x75e40
2, 2
3, 0
3, 0
3, 0
3, 0
3, 0
3, 0
3, 0
3, 0
3, 0
3, 0
3, 0
3, 0
3, 0
3, 0
1, 0x75e40
0, 0x39e30
0, 0x75e60
2, 2
3, 0
3, 0
3, 0
3, 0
3, 0
3, 0
3, 0
3, 0
3, 0
3, 0
3, 0
3, 0
3, 0
3, 0
0, 0x39e50
0, 0x75e80
0, 0x39e70
0, 0x75ea0
0, 0x39e90
0, 0x75ec0
0, 0x39eb0
0, 0x75ee0
1, 0x75e60
0, 0x39e50
0, 0x75e80
2, 2
3, 0
3, 0
3, 0
3, 0
3, 0
3, 0
3, 0
3, 0
3, 0
3, 0
3, 0
3, 0
3, 0
3, 0
1, 0x75e80
0, 0x39e70
0, 0x75ea0
2, 2
3, 0
3, 0
3, 0
3, 0
3, 0
3, 0
3, 0
3, 0
3, 0
3, 0
3, 0
3, 0
3, 0
3, 0
1, 0x75ea0
0, 0x39e90
0, 0x75ec0
2, 2
3, 0
3, 0
3, 0
3, 0
3, 0
3, 0
3, 0
3, 0
3, 0
3, 0
3, 0
3, 0
3, 0
3, 0
1, 0x75ec0
0, 0x39eb0
0, 0x75ee0
2, 2
3, 0
3, 0
3, 0
3, 0
3, 0
3, 0
3, 0
3, 0
3, 0
3, 0
3, 0
3, 0
3, 0
3, 0
0, 0x39ed0
0, 0x75f00
0, 0x39ef0
0, 0x75f20
0, 0x39f10
0, 0x75f40
0, 0x39f30
0, 0x75f60
1, 0x75ee0
0, 0x39ed0
0, 0x75f00
2, 2
3, 0
3, 0
3, 0
3, 0
3, 0
3, 0
3, 0
3, 0
3, 0
3, 0
3, 0
3, 0
3, 0
3, 0
1, 0x75f00
0, 0x39ef0
0, 0x75f20
2, 2
3, 0
3, 0
3, 0
3, 0
3, 0
3, 0
3, 0
3, 0
3, 0
3, 0
3, 0
3, 0
3, 0
3, 0
1, 0x75f20
0, 0x39f10
0, 0x75f40
2, 2
3, 0
3, 0
3, 0
3, 0
3, 0
3, 0
3, 0
3, 0
3, 0
3, 0
3, 0
3, 0
3, 0
3, 0
1, 0x75f40
0, 0x39f30
0, 0x75f60
2, 2
3, 0
3, 0
3, 0
3, 0
3, 0
3, 0
3, 0
3, 0
3, 0
3, 0
3, 0
3, 0
3, 0
3, 0
0, 0x39f50
0, 0x75f80
0, 0x39f70
0, 0x75fa0
0, 0x39f90
0, 0x75fc0
0, 0x39fb0
0, 0x75fe0
1, 0x75f60
0, 0x39f50
0, 0x75f80
2, 2
3, 0
3, 0
3, 0
3, 0
3, 0
3, 0
3, 0
3, 0
3, 0
3, 0
3, 0
3, 0
3, 0
3, 0
1, 0x75f80
0, 0x39f70
0, 0x75fa0
2, 2
3, 0
3, 0
3, 0
3, 0
3, 0
3, 0
3, 0
3, 0
3, 0
3, 0
3, 0
3, 0
3, 0
3, 0
1, 0x75fa0
0, 0x39f90
0, 0x75fc0
2, 2
3, 0
3, 0
3, 0
3, 0
3, 0
3, 0
3, 0
3, 0
3, 0
3, 0
3, 0
3, 0
3, 0
3, 0
1, 0x75fc0
0, 0x39fb0
0, 0x75fe0
2, 2
3, 0
3, 0
3, 0
3, 0
3, 0
3, 0
3, 0
3, 0
3, 0
3, 0
3, 0
3, 0
3, 0
3, 0
0, 0x39fd0
0, 0x76000
0, 0x39ff0
0, 0x76020
0, 0x3a010
0, 0x76040
0, 0x3a030
0, 0x76060
1, 0x75fe0
0, 0x39fd0
0, 0x76000
2, 2
3, 0
3, 0
3, 0
3, 0
3, 0
3, 0
3, 0
3, 0
3, 0
3, 0
3, 0
3, 0
3, 0
3, 0
1, 0x76000
0, 0x39ff0
0, 0x76020
2, 2
3, 0
3, 0
3, 0
3, 0
3, 0
3, 0
3, 0
3, 0
3, 0
3, 0
3, 0
3, 0
3, 0
3, 0
1, 0x76020
0, 0x3a010
0, 0x76040
2, 2
3, 0
3, 0
3, 0
3, 0
3, 0
3, 0
3, 0
3, 0
3, 0
3, 0
3, 0
3, 0
3, 0
3, 0
1, 0x76040
0, 0x3a030
0, 0x76060
2, 2
3, 0
3, 0
3, 0
3, 0
3, 0
3, 0
3, 0
3, 0
3, 0
3, 0
3, 0
3, 0
3, 0
3, 0
0, 0x3a050
0, 0x76080
0, 0x3a070
0, 0x760a0
0, 0x3a090
0, 0x760c0
0, 0x3a0b0
0, 0x760e0
1, 0x76060
0, 0x3a050
0, 0x76080
2, 2
3, 0
3, 0
3, 0
3, 0
3, 0
3, 0
3, 0
3, 0
3, 0
3, 0
3, 0
3, 0
3, 0
3, 0
1, 0x76080
0, 0x3a070
0, 0x760a0
2, 2
3, 0
3, 0
3, 0
3, 0
3, 0
3, 0
3, 0
3, 0
3, 0
3, 0
3, 0
3, 0
3, 0
3, 0
1, 0x760a0
0, 0x3a090
0, 0x760c0
2, 2
3, 0
3, 0
3, 0
3, 0
3, 0
3, 0
3, 0
3, 0
3, 0
3, 0
3, 0
3, 0
3, 0
3, 0
1, 0x760c0
0, 0x3a0b0
0, 0x760e0
2, 2
3, 0
3, 0
3, 0
3, 0
3, 0
3, 0
3, 0
3, 0
3, 0
3, 0
3, 0
3, 0
3, 0
3, 0
0, 0x3a0d0
0, 0x76100
0, 0x3a0f0
0, 0x76120
0, 0x3a110
0, 0x76140
0, 0x3a130
0, 0x76160
1, 0x760e0
0, 0x3a0d0
0, 0x76100
2, 2
3, 0
3, 0
3, 0
3, 0
3, 0
3, 0
3, 0
3, 0
3, 0
3, 0
3, 0
3, 0
3, 0
3, 0
1, 0x76100
0, 0x3a0f0
0, 0x76120
2, 2
3, 0
3, 0
3, 0
3, 0
3, 0
3, 0
3, 0
3, 0
3, 0
3, 0
3, 0
3, 0
3, 0
3, 0
1, 0x76120
0, 0x3a110
0, 0x76140
2, 2
3, 0
3, 0
3, 0
3, 0
3, 0
3, 0
3, 0
3, 0
3, 0
3, 0
3, 0
3, 0
3, 0
3, 0
1, 0x76140
0, 0x3a130
0, 0x76160
2, 2
3, 0
3, 0
3, 0
3, 0
3, 0
3, 0
3, 0
3, 0
3, 0
3, 0
3, 0
3, 0
3, 0
3, 0
0, 0x3a150
0, 0x76180
0, 0x3a170
0, 0x761a0
0, 0x3a190
0, 0x761c0
0, 0x3a1b0
0, 0x761e0
1, 0x76160
0, 0x3a150
0, 0x76180
2, 2
3, 0
3, 0
3, 0
3, 0
3, 0
3, 0
3, 0
3, 0
3, 0
3, 0
3, 0
3, 0
3, 0
3, 0
1, 0x76180
0, 0x3a170
0, 0x761a0
2, 2
3, 0
3, 0
3, 0
3, 0
3, 0
3, 0
3, 0
3, 0
3, 0
3, 0
3, 0
3, 0
3, 0
3, 0
1, 0x761a0
0, 0x3a190
0, 0x761c0
2, 2
3, 0
3, 0
3, 0
3, 0
3, 0
3, 0
3, 0
3, 0
3, 0
3, 0
3, 0
3, 0
3, 0
3, 0
1, 0x761c0
0, 0x3a1b0
0, 0x761e0
2, 2
3, 0
3, 0
3, 0
3, 0
3, 0
3, 0
3, 0
3, 0
3, 0
3, 0
3, 0
3, 0
3, 0
3, 0
0, 0x3a1d0
0, 0x76200
0, 0x3a1f0
0, 0x76220
0, 0x3a210
0, 0x76240
0, 0x3a230
0, 0x76260
1, 0x761e0
0, 0x3a1d0
0, 0x76200
2, 2
3, 0
3, 0
3, 0
3, 0
3, 0
3, 0
3, 0
3, 0
3, 0
3, 0
3, 0
3, 0
3, 0
3, 0
1, 0x76200
0, 0x3a1f0
0, 0x76220
2, 2
3, 0
3, 0
3, 0
3, 0
3, 0
3, 0
3, 0
3, 0
3, 0
3, 0
3, 0
3, 0
3, 0
3, 0
1, 0x76220
0, 0x3a210
0, 0x76240
2, 2
3, 0
3, 0
3, 0
3, 0
3, 0
3, 0
3, 0
3, 0
3, 0
3, 0
3, 0
3, 0
3, 0
3, 0
1, 0x76240
0, 0x3a230
0, 0x76260
2, 2
3, 0
3, 0
3, 0
3, 0
3, 0
3, 0
3, 0
3, 0
3, 0
3, 0
3, 0
3, 0
3, 0
3, 0
0, 0x3a250
0, 0x76280
0, 0x3a270
0, 0x762a0
0, 0x3a290
0, 0x762c0
0, 0x3a2b0
0, 0x762e0
1, 0x76260
0, 0x3a250
0, 0x76280
2, 2
3, 0
3, 0
3, 0
3, 0
3, 0
3, 0
3, 0
3, 0
3, 0
3, 0
3, 0
3, 0
3, 0
3, 0
1, 0x76280
0, 0x3a270
0, 0x762a0
2, 2
3, 0
3, 0
3, 0
3, 0
3, 0
3, 0
3, 0
3, 0
3, 0
3, 0
3, 0
3, 0
3, 0
3, 0
1, 0x762a0
0, 0x3a290
0, 0x762c0
2, 2
3, 0
3, 0
3, 0
3, 0
3, 0
3, 0
3, 0
3, 0
3, 0
3, 0
3, 0
3, 0
3, 0
3, 0
1, 0x762c0
0, 0x3a2b0
0, 0x762e0
2, 2
3, 0
3, 0
3, 0
3, 0
3, 0
3, 0
3, 0
3, 0
3, 0
3, 0
3, 0
3, 0
3, 0
3, 0
0, 0x3a2d0
0, 0x76300
0, 0x3a2f0
0, 0x76320
0, 0x3a310
0, 0x76340
0, 0x3a330
0, 0x76360
1, 0x762e0
0, 0x3a2d0
0, 0x76300
2, 2
3, 0
3, 0
3, 0
3, 0
3, 0
3, 0
3, 0
3, 0
3, 0
3, 0
3, 0
3, 0
3, 0
3, 0
1, 0x76300
0, 0x3a2f0
0, 0x76320
2, 2
3, 0
3, 0
3, 0
3, 0
3, 0
3, 0
3, 0
3, 0
3, 0
3, 0
3, 0
3, 0
3, 0
3, 0
1, 0x76320
0, 0x3a310
0, 0x76340
2, 2
3, 0
3, 0
3, 0
3, 0
3, 0
3, 0
3, 0
3, 0
3, 0
3, 0
3, 0
3, 0
3, 0
3, 0
1, 0x76340
0, 0x3a330
0, 0x76360
2, 2
3, 0
3, 0
3, 0
3, 0
3, 0
3, 0
3, 0
3, 0
3, 0
3, 0
3, 0
3, 0
3, 0
3, 0
0, 0x3a350
0, 0x76380
0, 0x3a370
0, 0x763a0
0, 0x3a390
0, 0x763c0
0, 0x3a3b0
0, 0x763e0
1, 0x76360
0, 0x3a350
0, 0x76380
2, 2
3, 0
3, 0
3, 0
3, 0
3, 0
3, 0
3, 0
3, 0
3, 0
3, 0
3, 0
3, 0
3, 0
3, 0
1, 0x76380
0, 0x3a370
0, 0x763a0
2, 2
3, 0
3, 0
3, 0
3, 0
3, 0
3, 0
3, 0
3, 0
3, 0
3, 0
3, 0
3, 0
3, 0
3, 0
1, 0x763a0
0, 0x3a390
0, 0x763c0
2, 2
3, 0
3, 0
3, 0
3, 0
3, 0
3, 0
3, 0
3, 0
3, 0
3, 0
3, 0
3, 0
3, 0
3, 0
1, 0x763c0
0, 0x3a3b0
0, 0x763e0
2, 2
3, 0
3, 0
3, 0
3, 0
3, 0
3, 0
3, 0
3, 0
3, 0
3, 0
3, 0
3, 0
3, 0
3, 0
0, 0x3a3d0
0, 0x76400
0, 0x3a3f0
0, 0x76420
0, 0x3a410
0, 0x76440
0, 0x3a430
0, 0x76460
1, 0x763e0
0, 0x3a3d0
0, 0x76400
2, 2
3, 0
3, 0
3, 0
3, 0
3, 0
3, 0
3, 0
3, 0
3, 0
3, 0
3, 0
3, 0
3, 0
3, 0
1, 0x76400
0, 0x3a3f0
0, 0x76420
2, 2
3, 0
3, 0
3, 0
3, 0
3, 0
3, 0
3, 0
3, 0
3, 0
3, 0
3, 0
3, 0
3, 0
3, 0
1, 0x76420
0, 0x3a410
0, 0x76440
2, 2
3, 0
3, 0
3, 0
3, 0
3, 0
3, 0
3, 0
3, 0
3, 0
3, 0
3, 0
3, 0
3, 0
3, 0
1, 0x76440
0, 0x3a430
0, 0x76460
2, 2
3, 0
3, 0
3, 0
3, 0
3, 0
3, 0
3, 0
3, 0
3, 0
3, 0
3, 0
3, 0
3, 0
3, 0
0, 0x3a450
0, 0x76480
0, 0x3a470
0, 0x764a0
0, 0x3a490
0, 0x764c0
0, 0x3a4b0
0, 0x764e0
1, 0x76460
0, 0x3a450
0, 0x76480
2, 2
3, 0
3, 0
3, 0
3, 0
3, 0
3, 0
3, 0
3, 0
3, 0
3, 0
3, 0
3, 0
3, 0
3, 0
1, 0x76480
0, 0x3a470
0, 0x764a0
2, 2
3, 0
3, 0
3, 0
3, 0
3, 0
3, 0
3, 0
3, 0
3, 0
3, 0
3, 0
3, 0
3, 0
3, 0
1, 0x764a0
0, 0x3a490
0, 0x764c0
2, 2
3, 0
3, 0
3, 0
3, 0
3, 0
3, 0
3, 0
3, 0
3, 0
3, 0
3, 0
3, 0
3, 0
3, 0
1, 0x764c0
0, 0x3a4b0
0, 0x764e0
2, 2
3, 0
3, 0
3, 0
3, 0
3, 0
3, 0
3, 0
3, 0
3, 0
3, 0
3, 0
3, 0
3, 0
3, 0
0, 0x3a4d0
0, 0x76500
0, 0x3a4f0
0, 0x76520
0, 0x3a510
0, 0x76540
0, 0x3a530
0, 0x76560
1, 0x764e0
0, 0x3a4d0
0, 0x76500
2, 2
3, 0
3, 0
3, 0
3, 0
3, 0
3, 0
3, 0
3, 0
3, 0
3, 0
3, 0
3, 0
3, 0
3, 0
1, 0x76500
0, 0x3a4f0
0, 0x76520
2, 2
3, 0
3, 0
3, 0
3, 0
3, 0
3, 0
3, 0
3, 0
3, 0
3, 0
3, 0
3, 0
3, 0
3, 0
1, 0x76520
0, 0x3a510
0, 0x76540
2, 2
3, 0
3, 0
3, 0
3, 0
3, 0
3, 0
3, 0
3, 0
3, 0
3, 0
3, 0
3, 0
3, 0
3, 0
1, 0x76540
0, 0x3a530
0, 0x76560
2, 2
3, 0
3, 0
3, 0
3, 0
3, 0
3, 0
3, 0
3, 0
3, 0
3, 0
3, 0
3, 0
3, 0
3, 0
0, 0x3a550
0, 0x76580
0, 0x3a570
0, 0x765a0
0, 0x3a590
0, 0x765c0
0, 0x3a5b0
0, 0x765e0
1, 0x76560
0, 0x3a550
0, 0x76580
2, 2
3, 0
3, 0
3, 0
3, 0
3, 0
3, 0
3, 0
3, 0
3, 0
3, 0
3, 0
3, 0
3, 0
3, 0
1, 0x76580
0, 0x3a570
0, 0x765a0
2, 2
3, 0
3, 0
3, 0
3, 0
3, 0
3, 0
3, 0
3, 0
3, 0
3, 0
3, 0
3, 0
3, 0
3, 0
1, 0x765a0
0, 0x3a590
0, 0x765c0
2, 2
3, 0
3, 0
3, 0
3, 0
3, 0
3, 0
3, 0
3, 0
3, 0
3, 0
3, 0
3, 0
3, 0
3, 0
1, 0x765c0
0, 0x3a5b0
0, 0x765e0
2, 2
3, 0
3, 0
3, 0
3, 0
3, 0
3, 0
3, 0
3, 0
3, 0
3, 0
3, 0
3, 0
3, 0
3, 0
0, 0x3a5d0
0, 0x76600
0, 0x3a5f0
0, 0x76620
0, 0x3a610
0, 0x76640
0, 0x3a630
0, 0x76660
1, 0x765e0
0, 0x3a5d0
0, 0x76600
2, 2
3, 0
3, 0
3, 0
3, 0
3, 0
3, 0
3, 0
3, 0
3, 0
3, 0
3, 0
3, 0
3, 0
3, 0
1, 0x76600
0, 0x3a5f0
0, 0x76620
2, 2
3, 0
3, 0
3, 0
3, 0
3, 0
3, 0
3, 0
3, 0
3, 0
3, 0
3, 0
3, 0
3, 0
3, 0
1, 0x76620
0, 0x3a610
0, 0x76640
2, 2
3, 0
3, 0
3, 0
3, 0
3, 0
3, 0
3, 0
3, 0
3, 0
3, 0
3, 0
3, 0
3, 0
3, 0
1, 0x76640
0, 0x3a630
0, 0x76660
2, 2
3, 0
3, 0
3, 0
3, 0
3, 0
3, 0
3, 0
3, 0
3, 0
3, 0
3, 0
3, 0
3, 0
3, 0
0, 0x3a650
0, 0x76680
0, 0x3a670
0, 0x766a0
0, 0x3a690
0, 0x766c0
0, 0x3a6b0
0, 0x766e0
1, 0x76660
0, 0x3a650
0, 0x76680
2, 2
3, 0
3, 0
3, 0
3, 0
3, 0
3, 0
3, 0
3, 0
3, 0
3, 0
3, 0
3, 0
3, 0
3, 0
1, 0x76680
0, 0x3a670
0, 0x766a0
2, 2
3, 0
3, 0
3, 0
3, 0
3, 0
3, 0
3, 0
3, 0
3, 0
3, 0
3, 0
3, 0
3, 0
3, 0
1, 0x766a0
0, 0x3a690
0, 0x766c0
2, 2
3, 0
3, 0
3, 0
3, 0
3, 0
3, 0
3, 0
3, 0
3, 0
3, 0
3, 0
3, 0
3, 0
3, 0
1, 0x766c0
0, 0x3a6b0
0, 0x766e0
2, 2
3, 0
3, 0
3, 0
3, 0
3, 0
3, 0
3, 0
3, 0
3, 0
3, 0
3, 0
3, 0
3, 0
3, 0
0, 0x3a6d0
0, 0x76700
0, 0x3a6f0
0, 0x76720
0, 0x3a710
0, 0x76740
0, 0x3a730
0, 0x76760
1, 0x766e0
0, 0x3a6d0
0, 0x76700
2, 2
3, 0
3, 0
3, 0
3, 0
3, 0
3, 0
3, 0
3, 0
3, 0
3, 0
3, 0
3, 0
3, 0
3, 0
1, 0x76700
0, 0x3a6f0
0, 0x76720
2, 2
3, 0
3, 0
3, 0
3, 0
3, 0
3, 0
3, 0
3, 0
3, 0
3, 0
3, 0
3, 0
3, 0
3, 0
1, 0x76720
0, 0x3a710
0, 0x76740
2, 2
3, 0
3, 0
3, 0
3, 0
3, 0
3, 0
3, 0
3, 0
3, 0
3, 0
3, 0
3, 0
3, 0
3, 0
1, 0x76740
0, 0x3a730
0, 0x76760
2, 2
3, 0
3, 0
3, 0
3, 0
3, 0
3, 0
3, 0
3, 0
3, 0
3, 0
3, 0
3, 0
3, 0
3, 0
0, 0x3a750
0, 0x76780
0, 0x3a770
0, 0x767a0
0, 0x3a790
0, 0x767c0
0, 0x3a7b0
0, 0x767e0
1, 0x76760
0, 0x3a750
0, 0x76780
2, 2
3, 0
3, 0
3, 0
3, 0
3, 0
3, 0
3, 0
3, 0
3, 0
3, 0
3, 0
3, 0
3, 0
3, 0
1, 0x76780
0, 0x3a770
0, 0x767a0
2, 2
3, 0
3, 0
3, 0
3, 0
3, 0
3, 0
3, 0
3, 0
3, 0
3, 0
3, 0
3, 0
3, 0
3, 0
1, 0x767a0
0, 0x3a790
0, 0x767c0
2, 2
3, 0
3, 0
3, 0
3, 0
3, 0
3, 0
3, 0
3, 0
3, 0
3, 0
3, 0
3, 0
3, 0
3, 0
1, 0x767c0
0, 0x3a7b0
0, 0x767e0
2, 2
3, 0
3, 0
3, 0
3, 0
3, 0
3, 0
3, 0
3, 0
3, 0
3, 0
3, 0
3, 0
3, 0
3, 0
0, 0x3a7d0
0, 0x76800
0, 0x3a7f0
0, 0x76820
0, 0x3a810
0, 0x76840
0, 0x3a830
0, 0x76860
1, 0x767e0
0, 0x3a7d0
0, 0x76800
2, 2
3, 0
3, 0
3, 0
3, 0
3, 0
3, 0
3, 0
3, 0
3, 0
3, 0
3, 0
3, 0
3, 0
3, 0
1, 0x76800
0, 0x3a7f0
0, 0x76820
2, 2
3, 0
3, 0
3, 0
3, 0
3, 0
3, 0
3, 0
3, 0
3, 0
3, 0
3, 0
3, 0
3, 0
3, 0
1, 0x76820
0, 0x3a810
0, 0x76840
2, 2
3, 0
3, 0
3, 0
3, 0
3, 0
3, 0
3, 0
3, 0
3, 0
3, 0
3, 0
3, 0
3, 0
3, 0
1, 0x76840
0, 0x3a830
0, 0x76860
2, 2
3, 0
3, 0
3, 0
3, 0
3, 0
3, 0
3, 0
3, 0
3, 0
3, 0
3, 0
3, 0
3, 0
3, 0
0, 0x3a850
0, 0x76880
0, 0x3a870
0, 0x768a0
0, 0x3a890
0, 0x768c0
0, 0x3a8b0
0, 0x768e0
1, 0x76860
0, 0x3a850
0, 0x76880
2, 2
3, 0
3, 0
3, 0
3, 0
3, 0
3, 0
3, 0
3, 0
3, 0
3, 0
3, 0
3, 0
3, 0
3, 0
1, 0x76880
0, 0x3a870
0, 0x768a0
2, 2
3, 0
3, 0
3, 0
3, 0
3, 0
3, 0
3, 0
3, 0
3, 0
3, 0
3, 0
3, 0
3, 0
3, 0
1, 0x768a0
0, 0x3a890
0, 0x768c0
2, 2
3, 0
3, 0
3, 0
3, 0
3, 0
3, 0
3, 0
3, 0
3, 0
3, 0
3, 0
3, 0
3, 0
3, 0
1, 0x768c0
0, 0x3a8b0
0, 0x768e0
2, 2
3, 0
3, 0
3, 0
3, 0
3, 0
3, 0
3, 0
3, 0
3, 0
3, 0
3, 0
3, 0
3, 0
3, 0
0, 0x3a8d0
0, 0x76900
0, 0x3a8f0
0, 0x76920
0, 0x3a910
0, 0x76940
0, 0x3a930
0, 0x76960
1, 0x768e0
0, 0x3a8d0
0, 0x76900
2, 2
3, 0
3, 0
3, 0
3, 0
3, 0
3, 0
3, 0
3, 0
3, 0
3, 0
3, 0
3, 0
3, 0
3, 0
1, 0x76900
0, 0x3a8f0
0, 0x76920
2, 2
3, 0
3, 0
3, 0
3, 0
3, 0
3, 0
3, 0
3, 0
3, 0
3, 0
3, 0
3, 0
3, 0
3, 0
1, 0x76920
0, 0x3a910
0, 0x76940
2, 2
3, 0
3, 0
3, 0
3, 0
3, 0
3, 0
3, 0
3, 0
3, 0
3, 0
3, 0
3, 0
3, 0
3, 0
1, 0x76940
0, 0x3a930
0, 0x76960
2, 2
3, 0
3, 0
3, 0
3, 0
3, 0
3, 0
3, 0
3, 0
3, 0
3, 0
3, 0
3, 0
3, 0
3, 0
0, 0x3a950
0, 0x76980
0, 0x3a970
0, 0x769a0
0, 0x3a990
0, 0x769c0
0, 0x3a9b0
0, 0x769e0
1, 0x76960
0, 0x3a950
0, 0x76980
2, 2
3, 0
3, 0
3, 0
3, 0
3, 0
3, 0
3, 0
3, 0
3, 0
3, 0
3, 0
3, 0
3, 0
3, 0
1, 0x76980
0, 0x3a970
0, 0x769a0
2, 2
3, 0
3, 0
3, 0
3, 0
3, 0
3, 0
3, 0
3, 0
3, 0
3, 0
3, 0
3, 0
3, 0
3, 0
1, 0x769a0
0, 0x3a990
0, 0x769c0
2, 2
3, 0
3, 0
3, 0
3, 0
3, 0
3, 0
3, 0
3, 0
3, 0
3, 0
3, 0
3, 0
3, 0
3, 0
1, 0x769c0
0, 0x3a9b0
0, 0x769e0
2, 2
3, 0
3, 0
3, 0
3, 0
3, 0
3, 0
3, 0
3, 0
3, 0
3, 0
3, 0
3, 0
3, 0
3, 0
0, 0x3a9d0
0, 0x76a00
0, 0x3a9f0
0, 0x76a20
0, 0x3aa10
0, 0x76a40
0, 0x3aa30
0, 0x76a60
1, 0x769e0
0, 0x3a9d0
0, 0x76a00
2, 2
3, 0
3, 0
3, 0
3, 0
3, 0
3, 0
3, 0
3, 0
3, 0
3, 0
3, 0
3, 0
3, 0
3, 0
1, 0x76a00
0, 0x3a9f0
0, 0x76a20
2, 2
3, 0
3, 0
3, 0
3, 0
3, 0
3, 0
3, 0
3, 0
3, 0
3, 0
3, 0
3, 0
3, 0
3, 0
1, 0x76a20
0, 0x3aa10
0, 0x76a40
2, 2
3, 0
3, 0
3, 0
3, 0
3, 0
3, 0
3, 0
3, 0
3, 0
3, 0
3, 0
3, 0
3, 0
3, 0
1, 0x76a40
0, 0x3aa30
0, 0x76a60
2, 2
3, 0
3, 0
3, 0
3, 0
3, 0
3, 0
3, 0
3, 0
3, 0
3, 0
3, 0
3, 0
3, 0
3, 0
0, 0x3aa50
0, 0x76a80
0, 0x3aa70
0, 0x76aa0
0, 0x3aa90
0, 0x76ac0
0, 0x3aab0
0, 0x76ae0
1, 0x76a60
0, 0x3aa50
0, 0x76a80
2, 2
3, 0
3, 0
3, 0
3, 0
3, 0
3, 0
3, 0
3, 0
3, 0
3, 0
3, 0
3, 0
3, 0
3, 0
1, 0x76a80
0, 0x3aa70
0, 0x76aa0
2, 2
3, 0
3, 0
3, 0
3, 0
3, 0
3, 0
3, 0
3, 0
3, 0
3, 0
3, 0
3, 0
3, 0
3, 0
1, 0x76aa0
0, 0x3aa90
0, 0x76ac0
2, 2
3, 0
3, 0
3, 0
3, 0
3, 0
3, 0
3, 0
3, 0
3, 0
3, 0
3, 0
3, 0
3, 0
3, 0
1, 0x76ac0
0, 0x3aab0
0, 0x76ae0
2, 2
3, 0
3, 0
3, 0
3, 0
3, 0
3, 0
3, 0
3, 0
3, 0
3, 0
3, 0
3, 0
3, 0
3, 0
0, 0x3aad0
0, 0x76b00
0, 0x3aaf0
0, 0x76b20
0, 0x3ab10
0, 0x76b40
0, 0x3ab30
0, 0x76b60
1, 0x76ae0
0, 0x3aad0
0, 0x76b00
2, 2
3, 0
3, 0
3, 0
3, 0
3, 0
3, 0
3, 0
3, 0
3, 0
3, 0
3, 0
3, 0
3, 0
3, 0
1, 0x76b00
0, 0x3aaf0
0, 0x76b20
2, 2
3, 0
3, 0
3, 0
3, 0
3, 0
3, 0
3, 0
3, 0
3, 0
3, 0
3, 0
3, 0
3, 0
3, 0
1, 0x76b20
0, 0x3ab10
0, 0x76b40
2, 2
3, 0
3, 0
3, 0
3, 0
3, 0
3, 0
3, 0
3, 0
3, 0
3, 0
3, 0
3, 0
3, 0
3, 0
1, 0x76b40
0, 0x3ab30
0, 0x76b60
2, 2
3, 0
3, 0
3, 0
3, 0
3, 0
3, 0
3, 0
3, 0
3, 0
3, 0
3, 0
3, 0
3, 0
3, 0
0, 0x3ab50
0, 0x76b80
0, 0x3ab70
0, 0x76ba0
0, 0x3ab90
0, 0x76bc0
0, 0x3abb0
0, 0x76be0
1, 0x76b60
0, 0x3ab50
0, 0x76b80
2, 2
3, 0
3, 0
3, 0
3, 0
3, 0
3, 0
3, 0
3, 0
3, 0
3, 0
3, 0
3, 0
3, 0
3, 0
1, 0x76b80
0, 0x3ab70
0, 0x76ba0
2, 2
3, 0
3, 0
3, 0
3, 0
3, 0
3, 0
3, 0
3, 0
3, 0
3, 0
3, 0
3, 0
3, 0
3, 0
1, 0x76ba0
0, 0x3ab90
0, 0x76bc0
2, 2
3, 0
3, 0
3, 0
3, 0
3, 0
3, 0
3, 0
3, 0
3, 0
3, 0
3, 0
3, 0
3, 0
3, 0
1, 0x76bc0
0, 0x3abb0
0, 0x76be0
2, 2
3, 0
3, 0
3, 0
3, 0
3, 0
3, 0
3, 0
3, 0
3, 0
3, 0
3, 0
3, 0
3, 0
3, 0
0, 0x3abd0
0, 0x76c00
0, 0x3abf0
0, 0x76c20
0, 0x3ac10
0, 0x76c40
0, 0x3ac30
0, 0x76c60
1, 0x76be0
0, 0x3abd0
0, 0x76c00
2, 2
3, 0
3, 0
3, 0
3, 0
3, 0
3, 0
3, 0
3, 0
3, 0
3, 0
3, 0
3, 0
3, 0
3, 0
1, 0x76c00
0, 0x3abf0
0, 0x76c20
2, 2
3, 0
3, 0
3, 0
3, 0
3, 0
3, 0
3, 0
3, 0
3, 0
3, 0
3, 0
3, 0
3, 0
3, 0
1, 0x76c20
0, 0x3ac10
0, 0x76c40
2, 2
3, 0
3, 0
3, 0
3, 0
3, 0
3, 0
3, 0
3, 0
3, 0
3, 0
3, 0
3, 0
3, 0
3, 0
1, 0x76c40
0, 0x3ac30
0, 0x76c60
2, 2
3, 0
3, 0
3, 0
3, 0
3, 0
3, 0
3, 0
3, 0
3, 0
3, 0
3, 0
3, 0
3, 0
3, 0
0, 0x3ac50
0, 0x76c80
0, 0x3ac70
0, 0x76ca0
0, 0x3ac90
0, 0x76cc0
0, 0x3acb0
0, 0x76ce0
1, 0x76c60
0, 0x3ac50
0, 0x76c80
2, 2
3, 0
3, 0
3, 0
3, 0
3, 0
3, 0
3, 0
3, 0
3, 0
3, 0
3, 0
3, 0
3, 0
3, 0
1, 0x76c80
0, 0x3ac70
0, 0x76ca0
2, 2
3, 0
3, 0
3, 0
3, 0
3, 0
3, 0
3, 0
3, 0
3, 0
3, 0
3, 0
3, 0
3, 0
3, 0
1, 0x76ca0
0, 0x3ac90
0, 0x76cc0
2, 2
3, 0
3, 0
3, 0
3, 0
3, 0
3, 0
3, 0
3, 0
3, 0
3, 0
3, 0
3, 0
3, 0
3, 0
1, 0x76cc0
0, 0x3acb0
0, 0x76ce0
2, 2
3, 0
3, 0
3, 0
3, 0
3, 0
3, 0
3, 0
3, 0
3, 0
3, 0
3, 0
3, 0
3, 0
3, 0
0, 0x3acd0
0, 0x76d00
0, 0x3acf0
0, 0x76d20
0, 0x3ad10
0, 0x76d40
0, 0x3ad30
0, 0x76d60
1, 0x76ce0
0, 0x3acd0
0, 0x76d00
2, 2
3, 0
3, 0
3, 0
3, 0
3, 0
3, 0
3, 0
3, 0
3, 0
3, 0
3, 0
3, 0
3, 0
3, 0
1, 0x76d00
0, 0x3acf0
0, 0x76d20
2, 2
3, 0
3, 0
3, 0
3, 0
3, 0
3, 0
3, 0
3, 0
3, 0
3, 0
3, 0
3, 0
3, 0
3, 0
1, 0x76d20
0, 0x3ad10
0, 0x76d40
2, 2
3, 0
3, 0
3, 0
3, 0
3, 0
3, 0
3, 0
3, 0
3, 0
3, 0
3, 0
3, 0
3, 0
3, 0
1, 0x76d40
0, 0x3ad30
0, 0x76d60
2, 2
3, 0
3, 0
3, 0
3, 0
3, 0
3, 0
3, 0
3, 0
3, 0
3, 0
3, 0
3, 0
3, 0
3, 0
0, 0x3ad50
0, 0x76d80
0, 0x3ad70
0, 0x76da0
0, 0x3ad90
0, 0x76dc0
0, 0x3adb0
0, 0x76de0
1, 0x76d60
0, 0x3ad50
0, 0x76d80
2, 2
3, 0
3, 0
3, 0
3, 0
3, 0
3, 0
3, 0
3, 0
3, 0
3, 0
3, 0
3, 0
3, 0
3, 0
1, 0x76d80
0, 0x3ad70
0, 0x76da0
2, 2
3, 0
3, 0
3, 0
3, 0
3, 0
3, 0
3, 0
3, 0
3, 0
3, 0
3, 0
3, 0
3, 0
3, 0
1, 0x76da0
0, 0x3ad90
0, 0x76dc0
2, 2
3, 0
3, 0
3, 0
3, 0
3, 0
3, 0
3, 0
3, 0
3, 0
3, 0
3, 0
3, 0
3, 0
3, 0
1, 0x76dc0
0, 0x3adb0
0, 0x76de0
2, 2
3, 0
3, 0
3, 0
3, 0
3, 0
3, 0
3, 0
3, 0
3, 0
3, 0
3, 0
3, 0
3, 0
3, 0
0, 0x3add0
0, 0x76e00
0, 0x3adf0
0, 0x76e20
0, 0x3ae10
0, 0x76e40
0, 0x3ae30
0, 0x76e60
1, 0x76de0
0, 0x3add0
0, 0x76e00
2, 2
3, 0
3, 0
3, 0
3, 0
3, 0
3, 0
3, 0
3, 0
3, 0
3, 0
3, 0
3, 0
3, 0
3, 0
1, 0x76e00
0, 0x3adf0
0, 0x76e20
2, 2
3, 0
3, 0
3, 0
3, 0
3, 0
3, 0
3, 0
3, 0
3, 0
3, 0
3, 0
3, 0
3, 0
3, 0
1, 0x76e20
0, 0x3ae10
0, 0x76e40
2, 2
3, 0
3, 0
3, 0
3, 0
3, 0
3, 0
3, 0
3, 0
3, 0
3, 0
3, 0
3, 0
3, 0
3, 0
1, 0x76e40
0, 0x3ae30
0, 0x76e60
2, 2
3, 0
3, 0
3, 0
3, 0
3, 0
3, 0
3, 0
3, 0
3, 0
3, 0
3, 0
3, 0
3, 0
3, 0
0, 0x3ae50
0, 0x76e80
0, 0x3ae70
0, 0x76ea0
0, 0x3ae90
0, 0x76ec0
0, 0x3aeb0
0, 0x76ee0
1, 0x76e60
0, 0x3ae50
0, 0x76e80
2, 2
3, 0
3, 0
3, 0
3, 0
3, 0
3, 0
3, 0
3, 0
3, 0
3, 0
3, 0
3, 0
3, 0
3, 0
1, 0x76e80
0, 0x3ae70
0, 0x76ea0
2, 2
3, 0
3, 0
3, 0
3, 0
3, 0
3, 0
3, 0
3, 0
3, 0
3, 0
3, 0
3, 0
3, 0
3, 0
1, 0x76ea0
0, 0x3ae90
0, 0x76ec0
2, 2
3, 0
3, 0
3, 0
3, 0
3, 0
3, 0
3, 0
3, 0
3, 0
3, 0
3, 0
3, 0
3, 0
3, 0
1, 0x76ec0
0, 0x3aeb0
0, 0x76ee0
2, 2
3, 0
3, 0
3, 0
3, 0
3, 0
3, 0
3, 0
3, 0
3, 0
3, 0
3, 0
3, 0
3, 0
3, 0
0, 0x3aed0
0, 0x76f00
0, 0x3aef0
0, 0x76f20
0, 0x3af10
0, 0x76f40
0, 0x3af30
0, 0x76f60
1, 0x76ee0
0, 0x3aed0
0, 0x76f00
2, 2
3, 0
3, 0
3, 0
3, 0
3, 0
3, 0
3, 0
3, 0
3, 0
3, 0
3, 0
3, 0
3, 0
3, 0
1, 0x76f00
0, 0x3aef0
0, 0x76f20
2, 2
3, 0
3, 0
3, 0
3, 0
3, 0
3, 0
3, 0
3, 0
3, 0
3, 0
3, 0
3, 0
3, 0
3, 0
1, 0x76f20
0, 0x3af10
0, 0x76f40
2, 2
3, 0
3, 0
3, 0
3, 0
3, 0
3, 0
3, 0
3, 0
3, 0
3, 0
3, 0
3, 0
3, 0
3, 0
1, 0x76f40
0, 0x3af30
0, 0x76f60
2, 2
3, 0
3, 0
3, 0
3, 0
3, 0
3, 0
3, 0
3, 0
3, 0
3, 0
3, 0
3, 0
3, 0
3, 0
0, 0x3af50
0, 0x76f80
0, 0x3af70
0, 0x76fa0
0, 0x3af90
0, 0x76fc0
0, 0x3afb0
0, 0x76fe0
1, 0x76f60
0, 0x3af50
0, 0x76f80
2, 2
3, 0
3, 0
3, 0
3, 0
3, 0
3, 0
3, 0
3, 0
3, 0
3, 0
3, 0
3, 0
3, 0
3, 0
1, 0x76f80
0, 0x3af70
0, 0x76fa0
2, 2
3, 0
3, 0
3, 0
3, 0
3, 0
3, 0
3, 0
3, 0
3, 0
3, 0
3, 0
3, 0
3, 0
3, 0
1, 0x76fa0
0, 0x3af90
0, 0x76fc0
2, 2
3, 0
3, 0
3, 0
3, 0
3, 0
3, 0
3, 0
3, 0
3, 0
3, 0
3, 0
3, 0
3, 0
3, 0
1, 0x76fc0
0, 0x3afb0
0, 0x76fe0
2, 2
3, 0
3, 0
3, 0
3, 0
3, 0
3, 0
3, 0
3, 0
3, 0
3, 0
3, 0
3, 0
3, 0
3, 0
0, 0x3afd0
0, 0x77000
0, 0x3aff0
0, 0x77020
0, 0x3b010
0, 0x77040
0, 0x3b030
0, 0x77060
1, 0x76fe0
0, 0x3afd0
0, 0x77000
2, 2
3, 0
3, 0
3, 0
3, 0
3, 0
3, 0
3, 0
3, 0
3, 0
3, 0
3, 0
3, 0
3, 0
3, 0
1, 0x77000
0, 0x3aff0
0, 0x77020
2, 2
3, 0
3, 0
3, 0
3, 0
3, 0
3, 0
3, 0
3, 0
3, 0
3, 0
3, 0
3, 0
3, 0
3, 0
1, 0x77020
0, 0x3b010
0, 0x77040
2, 2
3, 0
3, 0
3, 0
3, 0
3, 0
3, 0
3, 0
3, 0
3, 0
3, 0
3, 0
3, 0
3, 0
3, 0
1, 0x77040
0, 0x3b030
0, 0x77060
2, 2
3, 0
3, 0
3, 0
3, 0
3, 0
3, 0
3, 0
3, 0
3, 0
3, 0
3, 0
3, 0
3, 0
3, 0
0, 0x3b050
0, 0x77080
0, 0x3b070
0, 0x770a0
0, 0x3b090
0, 0x770c0
0, 0x3b0b0
0, 0x770e0
1, 0x77060
0, 0x3b050
0, 0x77080
2, 2
3, 0
3, 0
3, 0
3, 0
3, 0
3, 0
3, 0
3, 0
3, 0
3, 0
3, 0
3, 0
3, 0
3, 0
1, 0x77080
0, 0x3b070
0, 0x770a0
2, 2
3, 0
3, 0
3, 0
3, 0
3, 0
3, 0
3, 0
3, 0
3, 0
3, 0
3, 0
3, 0
3, 0
3, 0
1, 0x770a0
0, 0x3b090
0, 0x770c0
2, 2
3, 0
3, 0
3, 0
3, 0
3, 0
3, 0
3, 0
3, 0
3, 0
3, 0
3, 0
3, 0
3, 0
3, 0
1, 0x770c0
0, 0x3b0b0
0, 0x770e0
2, 2
3, 0
3, 0
3, 0
3, 0
3, 0
3, 0
3, 0
3, 0
3, 0
3, 0
3, 0
3, 0
3, 0
3, 0
0, 0x3b0d0
0, 0x77100
0, 0x3b0f0
0, 0x77120
0, 0x3b110
0, 0x77140
0, 0x3b130
0, 0x77160
1, 0x770e0
0, 0x3b0d0
0, 0x77100
2, 2
3, 0
3, 0
3, 0
3, 0
3, 0
3, 0
3, 0
3, 0
3, 0
3, 0
3, 0
3, 0
3, 0
3, 0
1, 0x77100
0, 0x3b0f0
0, 0x77120
2, 2
3, 0
3, 0
3, 0
3, 0
3, 0
3, 0
3, 0
3, 0
3, 0
3, 0
3, 0
3, 0
3, 0
3, 0
1, 0x77120
0, 0x3b110
0, 0x77140
2, 2
3, 0
3, 0
3, 0
3, 0
3, 0
3, 0
3, 0
3, 0
3, 0
3, 0
3, 0
3, 0
3, 0
3, 0
1, 0x77140
0, 0x3b130
0, 0x77160
2, 2
3, 0
3, 0
3, 0
3, 0
3, 0
3, 0
3, 0
3, 0
3, 0
3, 0
3, 0
3, 0
3, 0
3, 0
0, 0x3b150
0, 0x77180
0, 0x3b170
0, 0x771a0
0, 0x3b190
0, 0x771c0
0, 0x3b1b0
0, 0x771e0
1, 0x77160
0, 0x3b150
0, 0x77180
2, 2
3, 0
3, 0
3, 0
3, 0
3, 0
3, 0
3, 0
3, 0
3, 0
3, 0
3, 0
3, 0
3, 0
3, 0
1, 0x77180
0, 0x3b170
0, 0x771a0
2, 2
3, 0
3, 0
3, 0
3, 0
3, 0
3, 0
3, 0
3, 0
3, 0
3, 0
3, 0
3, 0
3, 0
3, 0
1, 0x771a0
0, 0x3b190
0, 0x771c0
2, 2
3, 0
3, 0
3, 0
3, 0
3, 0
3, 0
3, 0
3, 0
3, 0
3, 0
3, 0
3, 0
3, 0
3, 0
1, 0x771c0
0, 0x3b1b0
0, 0x771e0
2, 2
3, 0
3, 0
3, 0
3, 0
3, 0
3, 0
3, 0
3, 0
3, 0
3, 0
3, 0
3, 0
3, 0
3, 0
0, 0x3b1d0
0, 0x77200
0, 0x3b1f0
0, 0x77220
0, 0x3b210
0, 0x77240
0, 0x3b230
0, 0x77260
1, 0x771e0
0, 0x3b1d0
0, 0x77200
2, 2
3, 0
3, 0
3, 0
3, 0
3, 0
3, 0
3, 0
3, 0
3, 0
3, 0
3, 0
3, 0
3, 0
3, 0
1, 0x77200
0, 0x3b1f0
0, 0x77220
2, 2
3, 0
3, 0
3, 0
3, 0
3, 0
3, 0
3, 0
3, 0
3, 0
3, 0
3, 0
3, 0
3, 0
3, 0
1, 0x77220
0, 0x3b210
0, 0x77240
2, 2
3, 0
3, 0
3, 0
3, 0
3, 0
3, 0
3, 0
3, 0
3, 0
3, 0
3, 0
3, 0
3, 0
3, 0
1, 0x77240
0, 0x3b230
0, 0x77260
2, 2
3, 0
3, 0
3, 0
3, 0
3, 0
3, 0
3, 0
3, 0
3, 0
3, 0
3, 0
3, 0
3, 0
3, 0
0, 0x3b250
0, 0x77280
0, 0x3b270
0, 0x772a0
0, 0x3b290
0, 0x772c0
0, 0x3b2b0
0, 0x772e0
1, 0x77260
0, 0x3b250
0, 0x77280
2, 2
3, 0
3, 0
3, 0
3, 0
3, 0
3, 0
3, 0
3, 0
3, 0
3, 0
3, 0
3, 0
3, 0
3, 0
1, 0x77280
0, 0x3b270
0, 0x772a0
2, 2
3, 0
3, 0
3, 0
3, 0
3, 0
3, 0
3, 0
3, 0
3, 0
3, 0
3, 0
3, 0
3, 0
3, 0
1, 0x772a0
0, 0x3b290
0, 0x772c0
2, 2
3, 0
3, 0
3, 0
3, 0
3, 0
3, 0
3, 0
3, 0
3, 0
3, 0
3, 0
3, 0
3, 0
3, 0
1, 0x772c0
0, 0x3b2b0
0, 0x772e0
2, 2
3, 0
3, 0
3, 0
3, 0
3, 0
3, 0
3, 0
3, 0
3, 0
3, 0
3, 0
3, 0
3, 0
3, 0
0, 0x3b2d0
0, 0x77300
0, 0x3b2f0
0, 0x77320
0, 0x3b310
0, 0x77340
0, 0x3b330
0, 0x77360
1, 0x772e0
0, 0x3b2d0
0, 0x77300
2, 2
3, 0
3, 0
3, 0
3, 0
3, 0
3, 0
3, 0
3, 0
3, 0
3, 0
3, 0
3, 0
3, 0
3, 0
1, 0x77300
0, 0x3b2f0
0, 0x77320
2, 2
3, 0
3, 0
3, 0
3, 0
3, 0
3, 0
3, 0
3, 0
3, 0
3, 0
3, 0
3, 0
3, 0
3, 0
1, 0x77320
0, 0x3b310
0, 0x77340
2, 2
3, 0
3, 0
3, 0
3, 0
3, 0
3, 0
3, 0
3, 0
3, 0
3, 0
3, 0
3, 0
3, 0
3, 0
1, 0x77340
0, 0x3b330
0, 0x77360
2, 2
3, 0
3, 0
3, 0
3, 0
3, 0
3, 0
3, 0
3, 0
3, 0
3, 0
3, 0
3, 0
3, 0
3, 0
0, 0x3b350
0, 0x77380
0, 0x3b370
0, 0x773a0
0, 0x3b390
0, 0x773c0
0, 0x3b3b0
0, 0x773e0
1, 0x77360
0, 0x3b350
0, 0x77380
2, 2
3, 0
3, 0
3, 0
3, 0
3, 0
3, 0
3, 0
3, 0
3, 0
3, 0
3, 0
3, 0
3, 0
3, 0
1, 0x77380
0, 0x3b370
0, 0x773a0
2, 2
3, 0
3, 0
3, 0
3, 0
3, 0
3, 0
3, 0
3, 0
3, 0
3, 0
3, 0
3, 0
3, 0
3, 0
1, 0x773a0
0, 0x3b390
0, 0x773c0
2, 2
3, 0
3, 0
3, 0
3, 0
3, 0
3, 0
3, 0
3, 0
3, 0
3, 0
3, 0
3, 0
3, 0
3, 0
1, 0x773c0
0, 0x3b3b0
0, 0x773e0
2, 2
3, 0
3, 0
3, 0
3, 0
3, 0
3, 0
3, 0
3, 0
3, 0
3, 0
3, 0
3, 0
3, 0
3, 0
0, 0x3b3d0
0, 0x77400
0, 0x3b3f0
0, 0x77420
0, 0x3b410
0, 0x77440
0, 0x3b430
0, 0x77460
1, 0x773e0
0, 0x3b3d0
0, 0x77400
2, 2
3, 0
3, 0
3, 0
3, 0
3, 0
3, 0
3, 0
3, 0
3, 0
3, 0
3, 0
3, 0
3, 0
3, 0
1, 0x77400
0, 0x3b3f0
0, 0x77420
2, 2
3, 0
3, 0
3, 0
3, 0
3, 0
3, 0
3, 0
3, 0
3, 0
3, 0
3, 0
3, 0
3, 0
3, 0
1, 0x77420
0, 0x3b410
0, 0x77440
2, 2
3, 0
3, 0
3, 0
3, 0
3, 0
3, 0
3, 0
3, 0
3, 0
3, 0
3, 0
3, 0
3, 0
3, 0
1, 0x77440
0, 0x3b430
0, 0x77460
2, 2
3, 0
3, 0
3, 0
3, 0
3, 0
3, 0
3, 0
3, 0
3, 0
3, 0
3, 0
3, 0
3, 0
3, 0
0, 0x3b450
0, 0x77480
0, 0x3b470
0, 0x774a0
0, 0x3b490
0, 0x774c0
0, 0x3b4b0
0, 0x774e0
1, 0x77460
0, 0x3b450
0, 0x77480
2, 2
3, 0
3, 0
3, 0
3, 0
3, 0
3, 0
3, 0
3, 0
3, 0
3, 0
3, 0
3, 0
3, 0
3, 0
1, 0x77480
0, 0x3b470
0, 0x774a0
2, 2
3, 0
3, 0
3, 0
3, 0
3, 0
3, 0
3, 0
3, 0
3, 0
3, 0
3, 0
3, 0
3, 0
3, 0
1, 0x774a0
0, 0x3b490
0, 0x774c0
2, 2
3, 0
3, 0
3, 0
3, 0
3, 0
3, 0
3, 0
3, 0
3, 0
3, 0
3, 0
3, 0
3, 0
3, 0
1, 0x774c0
0, 0x3b4b0
0, 0x774e0
2, 2
3, 0
3, 0
3, 0
3, 0
3, 0
3, 0
3, 0
3, 0
3, 0
3, 0
3, 0
3, 0
3, 0
3, 0
0, 0x3b4d0
0, 0x77500
0, 0x3b4f0
0, 0x77520
0, 0x3b510
0, 0x77540
0, 0x3b530
0, 0x77560
1, 0x774e0
0, 0x3b4d0
0, 0x77500
2, 2
3, 0
3, 0
3, 0
3, 0
3, 0
3, 0
3, 0
3, 0
3, 0
3, 0
3, 0
3, 0
3, 0
3, 0
1, 0x77500
0, 0x3b4f0
0, 0x77520
2, 2
3, 0
3, 0
3, 0
3, 0
3, 0
3, 0
3, 0
3, 0
3, 0
3, 0
3, 0
3, 0
3, 0
3, 0
1, 0x77520
0, 0x3b510
0, 0x77540
2, 2
3, 0
3, 0
3, 0
3, 0
3, 0
3, 0
3, 0
3, 0
3, 0
3, 0
3, 0
3, 0
3, 0
3, 0
1, 0x77540
0, 0x3b530
0, 0x77560
2, 2
3, 0
3, 0
3, 0
3, 0
3, 0
3, 0
3, 0
3, 0
3, 0
3, 0
3, 0
3, 0
3, 0
3, 0
0, 0x3b550
0, 0x77580
0, 0x3b570
0, 0x775a0
0, 0x3b590
0, 0x775c0
0, 0x3b5b0
0, 0x775e0
1, 0x77560
0, 0x3b550
0, 0x77580
2, 2
3, 0
3, 0
3, 0
3, 0
3, 0
3, 0
3, 0
3, 0
3, 0
3, 0
3, 0
3, 0
3, 0
3, 0
1, 0x77580
0, 0x3b570
0, 0x775a0
2, 2
3, 0
3, 0
3, 0
3, 0
3, 0
3, 0
3, 0
3, 0
3, 0
3, 0
3, 0
3, 0
3, 0
3, 0
1, 0x775a0
0, 0x3b590
0, 0x775c0
2, 2
3, 0
3, 0
3, 0
3, 0
3, 0
3, 0
3, 0
3, 0
3, 0
3, 0
3, 0
3, 0
3, 0
3, 0
1, 0x775c0
0, 0x3b5b0
0, 0x775e0
2, 2
3, 0
3, 0
3, 0
3, 0
3, 0
3, 0
3, 0
3, 0
3, 0
3, 0
3, 0
3, 0
3, 0
3, 0
0, 0x3b5d0
0, 0x77600
0, 0x3b5f0
0, 0x77620
0, 0x3b610
0, 0x77640
0, 0x3b630
0, 0x77660
1, 0x775e0
0, 0x3b5d0
0, 0x77600
2, 2
3, 0
3, 0
3, 0
3, 0
3, 0
3, 0
3, 0
3, 0
3, 0
3, 0
3, 0
3, 0
3, 0
3, 0
1, 0x77600
0, 0x3b5f0
0, 0x77620
2, 2
3, 0
3, 0
3, 0
3, 0
3, 0
3, 0
3, 0
3, 0
3, 0
3, 0
3, 0
3, 0
3, 0
3, 0
1, 0x77620
0, 0x3b610
0, 0x77640
2, 2
3, 0
3, 0
3, 0
3, 0
3, 0
3, 0
3, 0
3, 0
3, 0
3, 0
3, 0
3, 0
3, 0
3, 0
1, 0x77640
0, 0x3b630
0, 0x77660
2, 2
3, 0
3, 0
3, 0
3, 0
3, 0
3, 0
3, 0
3, 0
3, 0
3, 0
3, 0
3, 0
3, 0
3, 0
0, 0x3b650
0, 0x77680
0, 0x3b670
0, 0x776a0
0, 0x3b690
0, 0x776c0
0, 0x3b6b0
0, 0x776e0
1, 0x77660
0, 0x3b650
0, 0x77680
2, 2
3, 0
3, 0
3, 0
3, 0
3, 0
3, 0
3, 0
3, 0
3, 0
3, 0
3, 0
3, 0
3, 0
3, 0
1, 0x77680
0, 0x3b670
0, 0x776a0
2, 2
3, 0
3, 0
3, 0
3, 0
3, 0
3, 0
3, 0
3, 0
3, 0
3, 0
3, 0
3, 0
3, 0
3, 0
1, 0x776a0
0, 0x3b690
0, 0x776c0
2, 2
3, 0
3, 0
3, 0
3, 0
3, 0
3, 0
3, 0
3, 0
3, 0
3, 0
3, 0
3, 0
3, 0
3, 0
1, 0x776c0
0, 0x3b6b0
0, 0x776e0
2, 2
3, 0
3, 0
3, 0
3, 0
3, 0
3, 0
3, 0
3, 0
3, 0
3, 0
3, 0
3, 0
3, 0
3, 0
0, 0x3b6d0
0, 0x77700
0, 0x3b6f0
0, 0x77720
0, 0x3b710
0, 0x77740
0, 0x3b730
0, 0x77760
1, 0x776e0
0, 0x3b6d0
0, 0x77700
2, 2
3, 0
3, 0
3, 0
3, 0
3, 0
3, 0
3, 0
3, 0
3, 0
3, 0
3, 0
3, 0
3, 0
3, 0
1, 0x77700
0, 0x3b6f0
0, 0x77720
2, 2
3, 0
3, 0
3, 0
3, 0
3, 0
3, 0
3, 0
3, 0
3, 0
3, 0
3, 0
3, 0
3, 0
3, 0
1, 0x77720
0, 0x3b710
0, 0x77740
2, 2
3, 0
3, 0
3, 0
3, 0
3, 0
3, 0
3, 0
3, 0
3, 0
3, 0
3, 0
3, 0
3, 0
3, 0
1, 0x77740
0, 0x3b730
0, 0x77760
2, 2
3, 0
3, 0
3, 0
3, 0
3, 0
3, 0
3, 0
3, 0
3, 0
3, 0
3, 0
3, 0
3, 0
3, 0
0, 0x3b750
0, 0x77780
0, 0x3b770
0, 0x777a0
0, 0x3b790
0, 0x777c0
0, 0x3b7b0
0, 0x777e0
1, 0x77760
0, 0x3b750
0, 0x77780
2, 2
3, 0
3, 0
3, 0
3, 0
3, 0
3, 0
3, 0
3, 0
3, 0
3, 0
3, 0
3, 0
3, 0
3, 0
1, 0x77780
0, 0x3b770
0, 0x777a0
2, 2
3, 0
3, 0
3, 0
3, 0
3, 0
3, 0
3, 0
3, 0
3, 0
3, 0
3, 0
3, 0
3, 0
3, 0
1, 0x777a0
0, 0x3b790
0, 0x777c0
2, 2
3, 0
3, 0
3, 0
3, 0
3, 0
3, 0
3, 0
3, 0
3, 0
3, 0
3, 0
3, 0
3, 0
3, 0
1, 0x777c0
0, 0x3b7b0
0, 0x777e0
2, 2
3, 0
3, 0
3, 0
3, 0
3, 0
3, 0
3, 0
3, 0
3, 0
3, 0
3, 0
3, 0
3, 0
3, 0
0, 0x3b7d0
0, 0x77800
0, 0x3b7f0
0, 0x77820
0, 0x3b810
0, 0x77840
0, 0x3b830
0, 0x77860
1, 0x777e0
0, 0x3b7d0
0, 0x77800
2, 2
3, 0
3, 0
3, 0
3, 0
3, 0
3, 0
3, 0
3, 0
3, 0
3, 0
3, 0
3, 0
3, 0
3, 0
1, 0x77800
0, 0x3b7f0
0, 0x77820
2, 2
3, 0
3, 0
3, 0
3, 0
3, 0
3, 0
3, 0
3, 0
3, 0
3, 0
3, 0
3, 0
3, 0
3, 0
1, 0x77820
0, 0x3b810
0, 0x77840
2, 2
3, 0
3, 0
3, 0
3, 0
3, 0
3, 0
3, 0
3, 0
3, 0
3, 0
3, 0
3, 0
3, 0
3, 0
1, 0x77840
0, 0x3b830
0, 0x77860
2, 2
3, 0
3, 0
3, 0
3, 0
3, 0
3, 0
3, 0
3, 0
3, 0
3, 0
3, 0
3, 0
3, 0
3, 0
0, 0x3b850
0, 0x77880
0, 0x3b870
0, 0x778a0
0, 0x3b890
0, 0x778c0
0, 0x3b8b0
0, 0x778e0
1, 0x77860
0, 0x3b850
0, 0x77880
2, 2
3, 0
3, 0
3, 0
3, 0
3, 0
3, 0
3, 0
3, 0
3, 0
3, 0
3, 0
3, 0
3, 0
3, 0
1, 0x77880
0, 0x3b870
0, 0x778a0
2, 2
3, 0
3, 0
3, 0
3, 0
3, 0
3, 0
3, 0
3, 0
3, 0
3, 0
3, 0
3, 0
3, 0
3, 0
1, 0x778a0
0, 0x3b890
0, 0x778c0
2, 2
3, 0
3, 0
3, 0
3, 0
3, 0
3, 0
3, 0
3, 0
3, 0
3, 0
3, 0
3, 0
3, 0
3, 0
1, 0x778c0
0, 0x3b8b0
0, 0x778e0
2, 2
3, 0
3, 0
3, 0
3, 0
3, 0
3, 0
3, 0
3, 0
3, 0
3, 0
3, 0
3, 0
3, 0
3, 0
0, 0x3b8d0
0, 0x77900
0, 0x3b8f0
0, 0x77920
0, 0x3b910
0, 0x77940
0, 0x3b930
0, 0x77960
1, 0x778e0
0, 0x3b8d0
0, 0x77900
2, 2
3, 0
3, 0
3, 0
3, 0
3, 0
3, 0
3, 0
3, 0
3, 0
3, 0
3, 0
3, 0
3, 0
3, 0
1, 0x77900
0, 0x3b8f0
0, 0x77920
2, 2
3, 0
3, 0
3, 0
3, 0
3, 0
3, 0
3, 0
3, 0
3, 0
3, 0
3, 0
3, 0
3, 0
3, 0
1, 0x77920
0, 0x3b910
0, 0x77940
2, 2
3, 0
3, 0
3, 0
3, 0
3, 0
3, 0
3, 0
3, 0
3, 0
3, 0
3, 0
3, 0
3, 0
3, 0
1, 0x77940
0, 0x3b930
0, 0x77960
2, 2
3, 0
3, 0
3, 0
3, 0
3, 0
3, 0
3, 0
3, 0
3, 0
3, 0
3, 0
3, 0
3, 0
3, 0
0, 0x3b950
0, 0x77980
0, 0x3b970
0, 0x779a0
0, 0x3b990
0, 0x779c0
0, 0x3b9b0
0, 0x779e0
1, 0x77960
0, 0x3b950
0, 0x77980
2, 2
3, 0
3, 0
3, 0
3, 0
3, 0
3, 0
3, 0
3, 0
3, 0
3, 0
3, 0
3, 0
3, 0
3, 0
1, 0x77980
0, 0x3b970
0, 0x779a0
2, 2
3, 0
3, 0
3, 0
3, 0
3, 0
3, 0
3, 0
3, 0
3, 0
3, 0
3, 0
3, 0
3, 0
3, 0
1, 0x779a0
0, 0x3b990
0, 0x779c0
2, 2
3, 0
3, 0
3, 0
3, 0
3, 0
3, 0
3, 0
3, 0
3, 0
3, 0
3, 0
3, 0
3, 0
3, 0
1, 0x779c0
0, 0x3b9b0
0, 0x779e0
2, 2
3, 0
3, 0
3, 0
3, 0
3, 0
3, 0
3, 0
3, 0
3, 0
3, 0
3, 0
3, 0
3, 0
3, 0
0, 0x3b9d0
0, 0x77a00
0, 0x3b9f0
0, 0x77a20
0, 0x3ba10
0, 0x77a40
0, 0x3ba30
0, 0x77a60
1, 0x779e0
0, 0x3b9d0
0, 0x77a00
2, 2
3, 0
3, 0
3, 0
3, 0
3, 0
3, 0
3, 0
3, 0
3, 0
3, 0
3, 0
3, 0
3, 0
3, 0
1, 0x77a00
0, 0x3b9f0
0, 0x77a20
2, 2
3, 0
3, 0
3, 0
3, 0
3, 0
3, 0
3, 0
3, 0
3, 0
3, 0
3, 0
3, 0
3, 0
3, 0
1, 0x77a20
0, 0x3ba10
0, 0x77a40
2, 2
3, 0
3, 0
3, 0
3, 0
3, 0
3, 0
3, 0
3, 0
3, 0
3, 0
3, 0
3, 0
3, 0
3, 0
1, 0x77a40
0, 0x3ba30
0, 0x77a60
2, 2
3, 0
3, 0
3, 0
3, 0
3, 0
3, 0
3, 0
3, 0
3, 0
3, 0
3, 0
3, 0
3, 0
3, 0
0, 0x3ba50
0, 0x77a80
0, 0x3ba70
0, 0x77aa0
0, 0x3ba90
0, 0x77ac0
0, 0x3bab0
0, 0x77ae0
1, 0x77a60
0, 0x3ba50
0, 0x77a80
2, 2
3, 0
3, 0
3, 0
3, 0
3, 0
3, 0
3, 0
3, 0
3, 0
3, 0
3, 0
3, 0
3, 0
3, 0
1, 0x77a80
0, 0x3ba70
0, 0x77aa0
2, 2
3, 0
3, 0
3, 0
3, 0
3, 0
3, 0
3, 0
3, 0
3, 0
3, 0
3, 0
3, 0
3, 0
3, 0
1, 0x77aa0
0, 0x3ba90
0, 0x77ac0
2, 2
3, 0
3, 0
3, 0
3, 0
3, 0
3, 0
3, 0
3, 0
3, 0
3, 0
3, 0
3, 0
3, 0
3, 0
1, 0x77ac0
0, 0x3bab0
0, 0x77ae0
2, 2
3, 0
3, 0
3, 0
3, 0
3, 0
3, 0
3, 0
3, 0
3, 0
3, 0
3, 0
3, 0
3, 0
3, 0
0, 0x3bad0
0, 0x77b00
0, 0x3baf0
0, 0x77b20
0, 0x3bb10
0, 0x77b40
0, 0x3bb30
0, 0x77b60
1, 0x77ae0
0, 0x3bad0
0, 0x77b00
2, 2
3, 0
3, 0
3, 0
3, 0
3, 0
3, 0
3, 0
3, 0
3, 0
3, 0
3, 0
3, 0
3, 0
3, 0
1, 0x77b00
0, 0x3baf0
0, 0x77b20
2, 2
3, 0
3, 0
3, 0
3, 0
3, 0
3, 0
3, 0
3, 0
3, 0
3, 0
3, 0
3, 0
3, 0
3, 0
1, 0x77b20
0, 0x3bb10
0, 0x77b40
2, 2
3, 0
3, 0
3, 0
3, 0
3, 0
3, 0
3, 0
3, 0
3, 0
3, 0
3, 0
3, 0
3, 0
3, 0
1, 0x77b40
0, 0x3bb30
0, 0x77b60
2, 2
3, 0
3, 0
3, 0
3, 0
3, 0
3, 0
3, 0
3, 0
3, 0
3, 0
3, 0
3, 0
3, 0
3, 0
0, 0x3bb50
0, 0x77b80
0, 0x3bb70
0, 0x77ba0
0, 0x3bb90
0, 0x77bc0
0, 0x3bbb0
0, 0x77be0
1, 0x77b60
0, 0x3bb50
0, 0x77b80
2, 2
3, 0
3, 0
3, 0
3, 0
3, 0
3, 0
3, 0
3, 0
3, 0
3, 0
3, 0
3, 0
3, 0
3, 0
1, 0x77b80
0, 0x3bb70
0, 0x77ba0
2, 2
3, 0
3, 0
3, 0
3, 0
3, 0
3, 0
3, 0
3, 0
3, 0
3, 0
3, 0
3, 0
3, 0
3, 0
1, 0x77ba0
0, 0x3bb90
0, 0x77bc0
2, 2
3, 0
3, 0
3, 0
3, 0
3, 0
3, 0
3, 0
3, 0
3, 0
3, 0
3, 0
3, 0
3, 0
3, 0
1, 0x77bc0
0, 0x3bbb0
0, 0x77be0
2, 2
3, 0
3, 0
3, 0
3, 0
3, 0
3, 0
3, 0
3, 0
3, 0
3, 0
3, 0
3, 0
3, 0
3, 0
0, 0x3bbd0
0, 0x77c00
0, 0x3bbf0
0, 0x77c20
0, 0x3bc10
0, 0x77c40
0, 0x3bc30
0, 0x77c60
1, 0x77be0
0, 0x3bbd0
0, 0x77c00
2, 2
3, 0
3, 0
3, 0
3, 0
3, 0
3, 0
3, 0
3, 0
3, 0
3, 0
3, 0
3, 0
3, 0
3, 0
1, 0x77c00
0, 0x3bbf0
0, 0x77c20
2, 2
3, 0
3, 0
3, 0
3, 0
3, 0
3, 0
3, 0
3, 0
3, 0
3, 0
3, 0
3, 0
3, 0
3, 0
1, 0x77c20
0, 0x3bc10
0, 0x77c40
2, 2
3, 0
3, 0
3, 0
3, 0
3, 0
3, 0
3, 0
3, 0
3, 0
3, 0
3, 0
3, 0
3, 0
3, 0
1, 0x77c40
0, 0x3bc30
0, 0x77c60
2, 2
3, 0
3, 0
3, 0
3, 0
3, 0
3, 0
3, 0
3, 0
3, 0
3, 0
3, 0
3, 0
3, 0
3, 0
0, 0x3bc50
0, 0x77c80
0, 0x3bc70
0, 0x77ca0
0, 0x3bc90
0, 0x77cc0
0, 0x3bcb0
0, 0x77ce0
1, 0x77c60
0, 0x3bc50
0, 0x77c80
2, 2
3, 0
3, 0
3, 0
3, 0
3, 0
3, 0
3, 0
3, 0
3, 0
3, 0
3, 0
3, 0
3, 0
3, 0
1, 0x77c80
0, 0x3bc70
0, 0x77ca0
2, 2
3, 0
3, 0
3, 0
3, 0
3, 0
3, 0
3, 0
3, 0
3, 0
3, 0
3, 0
3, 0
3, 0
3, 0
1, 0x77ca0
0, 0x3bc90
0, 0x77cc0
2, 2
3, 0
3, 0
3, 0
3, 0
3, 0
3, 0
3, 0
3, 0
3, 0
3, 0
3, 0
3, 0
3, 0
3, 0
1, 0x77cc0
0, 0x3bcb0
0, 0x77ce0
2, 2
3, 0
3, 0
3, 0
3, 0
3, 0
3, 0
3, 0
3, 0
3, 0
3, 0
3, 0
3, 0
3, 0
3, 0
0, 0x3bcd0
0, 0x77d00
0, 0x3bcf0
0, 0x77d20
0, 0x3bd10
0, 0x77d40
0, 0x3bd30
0, 0x77d60
1, 0x77ce0
0, 0x3bcd0
0, 0x77d00
2, 2
3, 0
3, 0
3, 0
3, 0
3, 0
3, 0
3, 0
3, 0
3, 0
3, 0
3, 0
3, 0
3, 0
3, 0
1, 0x77d00
0, 0x3bcf0
0, 0x77d20
2, 2
3, 0
3, 0
3, 0
3, 0
3, 0
3, 0
3, 0
3, 0
3, 0
3, 0
3, 0
3, 0
3, 0
3, 0
1, 0x77d20
0, 0x3bd10
0, 0x77d40
2, 2
3, 0
3, 0
3, 0
3, 0
3, 0
3, 0
3, 0
3, 0
3, 0
3, 0
3, 0
3, 0
3, 0
3, 0
1, 0x77d40
0, 0x3bd30
0, 0x77d60
2, 2
3, 0
3, 0
3, 0
3, 0
3, 0
3, 0
3, 0
3, 0
3, 0
3, 0
3, 0
3, 0
3, 0
3, 0
0, 0x3bd50
0, 0x77d80
0, 0x3bd70
0, 0x77da0
0, 0x3bd90
0, 0x77dc0
0, 0x3bdb0
0, 0x77de0
1, 0x77d60
0, 0x3bd50
0, 0x77d80
2, 2
3, 0
3, 0
3, 0
3, 0
3, 0
3, 0
3, 0
3, 0
3, 0
3, 0
3, 0
3, 0
3, 0
3, 0
1, 0x77d80
0, 0x3bd70
0, 0x77da0
2, 2
3, 0
3, 0
3, 0
3, 0
3, 0
3, 0
3, 0
3, 0
3, 0
3, 0
3, 0
3, 0
3, 0
3, 0
1, 0x77da0
0, 0x3bd90
0, 0x77dc0
2, 2
3, 0
3, 0
3, 0
3, 0
3, 0
3, 0
3, 0
3, 0
3, 0
3, 0
3, 0
3, 0
3, 0
3, 0
1, 0x77dc0
0, 0x3bdb0
0, 0x77de0
2, 2
3, 0
3, 0
3, 0
3, 0
3, 0
3, 0
3, 0
3, 0
3, 0
3, 0
3, 0
3, 0
3, 0
3, 0
0, 0x3bdd0
0, 0x77e00
0, 0x3bdf0
0, 0x77e20
0, 0x3be10
0, 0x77e40
0, 0x3be30
0, 0x77e60
1, 0x77de0
0, 0x3bdd0
0, 0x77e00
2, 2
3, 0
3, 0
3, 0
3, 0
3, 0
3, 0
3, 0
3, 0
3, 0
3, 0
3, 0
3, 0
3, 0
3, 0
1, 0x77e00
0, 0x3bdf0
0, 0x77e20
2, 2
3, 0
3, 0
3, 0
3, 0
3, 0
3, 0
3, 0
3, 0
3, 0
3, 0
3, 0
3, 0
3, 0
3, 0
1, 0x77e20
0, 0x3be10
0, 0x77e40
2, 2
3, 0
3, 0
3, 0
3, 0
3, 0
3, 0
3, 0
3, 0
3, 0
3, 0
3, 0
3, 0
3, 0
3, 0
1, 0x77e40
0, 0x3be30
0, 0x77e60
2, 2
3, 0
3, 0
3, 0
3, 0
3, 0
3, 0
3, 0
3, 0
3, 0
3, 0
3, 0
3, 0
3, 0
3, 0
0, 0x3be50
0, 0x77e80
0, 0x3be70
0, 0x77ea0
0, 0x3be90
0, 0x77ec0
0, 0x3beb0
0, 0x77ee0
1, 0x77e60
0, 0x3be50
0, 0x77e80
2, 2
3, 0
3, 0
3, 0
3, 0
3, 0
3, 0
3, 0
3, 0
3, 0
3, 0
3, 0
3, 0
3, 0
3, 0
1, 0x77e80
0, 0x3be70
0, 0x77ea0
2, 2
3, 0
3, 0
3, 0
3, 0
3, 0
3, 0
3, 0
3, 0
3, 0
3, 0
3, 0
3, 0
3, 0
3, 0
1, 0x77ea0
0, 0x3be90
0, 0x77ec0
2, 2
3, 0
3, 0
3, 0
3, 0
3, 0
3, 0
3, 0
3, 0
3, 0
3, 0
3, 0
3, 0
3, 0
3, 0
1, 0x77ec0
0, 0x3beb0
0, 0x77ee0
2, 2
3, 0
3, 0
3, 0
3, 0
3, 0
3, 0
3, 0
3, 0
3, 0
3, 0
3, 0
3, 0
3, 0
3, 0
0, 0x3bed0
0, 0x77f00
0, 0x3bef0
0, 0x77f20
0, 0x3bf10
0, 0x77f40
0, 0x3bf30
0, 0x77f60
1, 0x77ee0
0, 0x3bed0
0, 0x77f00
2, 2
3, 0
3, 0
3, 0
3, 0
3, 0
3, 0
3, 0
3, 0
3, 0
3, 0
3, 0
3, 0
3, 0
3, 0
1, 0x77f00
0, 0x3bef0
0, 0x77f20
2, 2
3, 0
3, 0
3, 0
3, 0
3, 0
3, 0
3, 0
3, 0
3, 0
3, 0
3, 0
3, 0
3, 0
3, 0
1, 0x77f20
0, 0x3bf10
0, 0x77f40
2, 2
3, 0
3, 0
3, 0
3, 0
3, 0
3, 0
3, 0
3, 0
3, 0
3, 0
3, 0
3, 0
3, 0
3, 0
1, 0x77f40
0, 0x3bf30
0, 0x77f60
2, 2
3, 0
3, 0
3, 0
3, 0
3, 0
3, 0
3, 0
3, 0
3, 0
3, 0
3, 0
3, 0
3, 0
3, 0
0, 0x3bf50
0, 0x77f80
0, 0x3bf70
0, 0x77fa0
0, 0x3bf90
0, 0x77fc0
0, 0x3bfb0
0, 0x77fe0
1, 0x77f60
0, 0x3bf50
0, 0x77f80
2, 2
3, 0
3, 0
3, 0
3, 0
3, 0
3, 0
3, 0
3, 0
3, 0
3, 0
3, 0
3, 0
3, 0
3, 0
1, 0x77f80
0, 0x3bf70
0, 0x77fa0
2, 2
3, 0
3, 0
3, 0
3, 0
3, 0
3, 0
3, 0
3, 0
3, 0
3, 0
3, 0
3, 0
3, 0
3, 0
1, 0x77fa0
0, 0x3bf90
0, 0x77fc0
2, 2
3, 0
3, 0
3, 0
3, 0
3, 0
3, 0
3, 0
3, 0
3, 0
3, 0
3, 0
3, 0
3, 0
3, 0
1, 0x77fc0
0, 0x3bfb0
0, 0x77fe0
2, 2
3, 0
3, 0
3, 0
3, 0
3, 0
3, 0
3, 0
3, 0
3, 0
3, 0
3, 0
3, 0
3, 0
3, 0
0, 0x3bfd0
0, 0x78000
0, 0x3bff0
0, 0x78020
0, 0x3c010
0, 0x78040
0, 0x3c030
0, 0x78060
1, 0x77fe0
0, 0x3bfd0
0, 0x78000
2, 2
3, 0
3, 0
3, 0
3, 0
3, 0
3, 0
3, 0
3, 0
3, 0
3, 0
3, 0
3, 0
3, 0
3, 0
1, 0x78000
0, 0x3bff0
0, 0x78020
2, 2
3, 0
3, 0
3, 0
3, 0
3, 0
3, 0
3, 0
3, 0
3, 0
3, 0
3, 0
3, 0
3, 0
3, 0
1, 0x78020
0, 0x3c010
0, 0x78040
2, 2
3, 0
3, 0
3, 0
3, 0
3, 0
3, 0
3, 0
3, 0
3, 0
3, 0
3, 0
3, 0
3, 0
3, 0
1, 0x78040
0, 0x3c030
0, 0x78060
2, 2
3, 0
3, 0
3, 0
3, 0
3, 0
3, 0
3, 0
3, 0
3, 0
3, 0
3, 0
3, 0
3, 0
3, 0
0, 0x3c050
0, 0x78080
0, 0x3c070
0, 0x780a0
0, 0x3c090
0, 0x780c0
0, 0x3c0b0
0, 0x780e0
1, 0x78060
0, 0x3c050
0, 0x78080
2, 2
3, 0
3, 0
3, 0
3, 0
3, 0
3, 0
3, 0
3, 0
3, 0
3, 0
3, 0
3, 0
3, 0
3, 0
1, 0x78080
0, 0x3c070
0, 0x780a0
2, 2
3, 0
3, 0
3, 0
3, 0
3, 0
3, 0
3, 0
3, 0
3, 0
3, 0
3, 0
3, 0
3, 0
3, 0
1, 0x780a0
0, 0x3c090
0, 0x780c0
2, 2
3, 0
3, 0
3, 0
3, 0
3, 0
3, 0
3, 0
3, 0
3, 0
3, 0
3, 0
3, 0
3, 0
3, 0
1, 0x780c0
0, 0x3c0b0
0, 0x780e0
2, 2
3, 0
3, 0
3, 0
3, 0
3, 0
3, 0
3, 0
3, 0
3, 0
3, 0
3, 0
3, 0
3, 0
3, 0
0, 0x3c0d0
0, 0x78100
0, 0x3c0f0
0, 0x78120
0, 0x3c110
0, 0x78140
0, 0x3c130
0, 0x78160
1, 0x780e0
0, 0x3c0d0
0, 0x78100
2, 2
3, 0
3, 0
3, 0
3, 0
3, 0
3, 0
3, 0
3, 0
3, 0
3, 0
3, 0
3, 0
3, 0
3, 0
1, 0x78100
0, 0x3c0f0
0, 0x78120
2, 2
3, 0
3, 0
3, 0
3, 0
3, 0
3, 0
3, 0
3, 0
3, 0
3, 0
3, 0
3, 0
3, 0
3, 0
1, 0x78120
0, 0x3c110
0, 0x78140
2, 2
3, 0
3, 0
3, 0
3, 0
3, 0
3, 0
3, 0
3, 0
3, 0
3, 0
3, 0
3, 0
3, 0
3, 0
1, 0x78140
0, 0x3c130
0, 0x78160
2, 2
3, 0
3, 0
3, 0
3, 0
3, 0
3, 0
3, 0
3, 0
3, 0
3, 0
3, 0
3, 0
3, 0
3, 0
0, 0x3c150
0, 0x78180
0, 0x3c170
0, 0x781a0
0, 0x3c190
0, 0x781c0
0, 0x3c1b0
0, 0x781e0
1, 0x78160
0, 0x3c150
0, 0x78180
2, 2
3, 0
3, 0
3, 0
3, 0
3, 0
3, 0
3, 0
3, 0
3, 0
3, 0
3, 0
3, 0
3, 0
3, 0
1, 0x78180
0, 0x3c170
0, 0x781a0
2, 2
3, 0
3, 0
3, 0
3, 0
3, 0
3, 0
3, 0
3, 0
3, 0
3, 0
3, 0
3, 0
3, 0
3, 0
1, 0x781a0
0, 0x3c190
0, 0x781c0
2, 2
3, 0
3, 0
3, 0
3, 0
3, 0
3, 0
3, 0
3, 0
3, 0
3, 0
3, 0
3, 0
3, 0
3, 0
1, 0x781c0
0, 0x3c1b0
0, 0x781e0
2, 2
3, 0
3, 0
3, 0
3, 0
3, 0
3, 0
3, 0
3, 0
3, 0
3, 0
3, 0
3, 0
3, 0
3, 0
0, 0x3c1d0
0, 0x78200
0, 0x3c1f0
0, 0x78220
0, 0x3c210
0, 0x78240
0, 0x3c230
0, 0x78260
1, 0x781e0
0, 0x3c1d0
0, 0x78200
2, 2
3, 0
3, 0
3, 0
3, 0
3, 0
3, 0
3, 0
3, 0
3, 0
3, 0
3, 0
3, 0
3, 0
3, 0
1, 0x78200
0, 0x3c1f0
0, 0x78220
2, 2
3, 0
3, 0
3, 0
3, 0
3, 0
3, 0
3, 0
3, 0
3, 0
3, 0
3, 0
3, 0
3, 0
3, 0
1, 0x78220
0, 0x3c210
0, 0x78240
2, 2
3, 0
3, 0
3, 0
3, 0
3, 0
3, 0
3, 0
3, 0
3, 0
3, 0
3, 0
3, 0
3, 0
3, 0
1, 0x78240
0, 0x3c230
0, 0x78260
2, 2
3, 0
3, 0
3, 0
3, 0
3, 0
3, 0
3, 0
3, 0
3, 0
3, 0
3, 0
3, 0
3, 0
3, 0
0, 0x3c250
0, 0x78280
0, 0x3c270
0, 0x782a0
0, 0x3c290
0, 0x782c0
0, 0x3c2b0
0, 0x782e0
1, 0x78260
0, 0x3c250
0, 0x78280
2, 2
3, 0
3, 0
3, 0
3, 0
3, 0
3, 0
3, 0
3, 0
3, 0
3, 0
3, 0
3, 0
3, 0
3, 0
1, 0x78280
0, 0x3c270
0, 0x782a0
2, 2
3, 0
3, 0
3, 0
3, 0
3, 0
3, 0
3, 0
3, 0
3, 0
3, 0
3, 0
3, 0
3, 0
3, 0
1, 0x782a0
0, 0x3c290
0, 0x782c0
2, 2
3, 0
3, 0
3, 0
3, 0
3, 0
3, 0
3, 0
3, 0
3, 0
3, 0
3, 0
3, 0
3, 0
3, 0
1, 0x782c0
0, 0x3c2b0
0, 0x782e0
2, 2
3, 0
3, 0
3, 0
3, 0
3, 0
3, 0
3, 0
3, 0
3, 0
3, 0
3, 0
3, 0
3, 0
3, 0
0, 0x3c2d0
0, 0x78300
0, 0x3c2f0
0, 0x78320
0, 0x3c310
0, 0x78340
0, 0x3c330
0, 0x78360
1, 0x782e0
0, 0x3c2d0
0, 0x78300
2, 2
3, 0
3, 0
3, 0
3, 0
3, 0
3, 0
3, 0
3, 0
3, 0
3, 0
3, 0
3, 0
3, 0
3, 0
1, 0x78300
0, 0x3c2f0
0, 0x78320
2, 2
3, 0
3, 0
3, 0
3, 0
3, 0
3, 0
3, 0
3, 0
3, 0
3, 0
3, 0
3, 0
3, 0
3, 0
1, 0x78320
0, 0x3c310
0, 0x78340
2, 2
3, 0
3, 0
3, 0
3, 0
3, 0
3, 0
3, 0
3, 0
3, 0
3, 0
3, 0
3, 0
3, 0
3, 0
1, 0x78340
0, 0x3c330
0, 0x78360
2, 2
3, 0
3, 0
3, 0
3, 0
3, 0
3, 0
3, 0
3, 0
3, 0
3, 0
3, 0
3, 0
3, 0
3, 0
0, 0x3c350
0, 0x78380
0, 0x3c370
0, 0x783a0
0, 0x3c390
0, 0x783c0
0, 0x3c3b0
0, 0x783e0
1, 0x78360
0, 0x3c350
0, 0x78380
2, 2
3, 0
3, 0
3, 0
3, 0
3, 0
3, 0
3, 0
3, 0
3, 0
3, 0
3, 0
3, 0
3, 0
3, 0
1, 0x78380
0, 0x3c370
0, 0x783a0
2, 2
3, 0
3, 0
3, 0
3, 0
3, 0
3, 0
3, 0
3, 0
3, 0
3, 0
3, 0
3, 0
3, 0
3, 0
1, 0x783a0
0, 0x3c390
0, 0x783c0
2, 2
3, 0
3, 0
3, 0
3, 0
3, 0
3, 0
3, 0
3, 0
3, 0
3, 0
3, 0
3, 0
3, 0
3, 0
1, 0x783c0
0, 0x3c3b0
0, 0x783e0
2, 2
3, 0
3, 0
3, 0
3, 0
3, 0
3, 0
3, 0
3, 0
3, 0
3, 0
3, 0
3, 0
3, 0
3, 0
0, 0x3c3d0
0, 0x78400
0, 0x3c3f0
0, 0x78420
0, 0x3c410
0, 0x78440
0, 0x3c430
0, 0x78460
1, 0x783e0
0, 0x3c3d0
0, 0x78400
2, 2
3, 0
3, 0
3, 0
3, 0
3, 0
3, 0
3, 0
3, 0
3, 0
3, 0
3, 0
3, 0
3, 0
3, 0
1, 0x78400
0, 0x3c3f0
0, 0x78420
2, 2
3, 0
3, 0
3, 0
3, 0
3, 0
3, 0
3, 0
3, 0
3, 0
3, 0
3, 0
3, 0
3, 0
3, 0
1, 0x78420
0, 0x3c410
0, 0x78440
2, 2
3, 0
3, 0
3, 0
3, 0
3, 0
3, 0
3, 0
3, 0
3, 0
3, 0
3, 0
3, 0
3, 0
3, 0
1, 0x78440
0, 0x3c430
0, 0x78460
2, 2
3, 0
3, 0
3, 0
3, 0
3, 0
3, 0
3, 0
3, 0
3, 0
3, 0
3, 0
3, 0
3, 0
3, 0
0, 0x3c450
0, 0x78480
0, 0x3c470
0, 0x784a0
0, 0x3c490
0, 0x784c0
0, 0x3c4b0
0, 0x784e0
1, 0x78460
0, 0x3c450
0, 0x78480
2, 2
3, 0
3, 0
3, 0
3, 0
3, 0
3, 0
3, 0
3, 0
3, 0
3, 0
3, 0
3, 0
3, 0
3, 0
1, 0x78480
0, 0x3c470
0, 0x784a0
2, 2
3, 0
3, 0
3, 0
3, 0
3, 0
3, 0
3, 0
3, 0
3, 0
3, 0
3, 0
3, 0
3, 0
3, 0
1, 0x784a0
0, 0x3c490
0, 0x784c0
2, 2
3, 0
3, 0
3, 0
3, 0
3, 0
3, 0
3, 0
3, 0
3, 0
3, 0
3, 0
3, 0
3, 0
3, 0
1, 0x784c0
0, 0x3c4b0
0, 0x784e0
2, 2
3, 0
3, 0
3, 0
3, 0
3, 0
3, 0
3, 0
3, 0
3, 0
3, 0
3, 0
3, 0
3, 0
3, 0
0, 0x3c4d0
0, 0x78500
0, 0x3c4f0
0, 0x78520
0, 0x3c510
0, 0x78540
0, 0x3c530
0, 0x78560
1, 0x784e0
0, 0x3c4d0
0, 0x78500
2, 2
3, 0
3, 0
3, 0
3, 0
3, 0
3, 0
3, 0
3, 0
3, 0
3, 0
3, 0
3, 0
3, 0
3, 0
1, 0x78500
0, 0x3c4f0
0, 0x78520
2, 2
3, 0
3, 0
3, 0
3, 0
3, 0
3, 0
3, 0
3, 0
3, 0
3, 0
3, 0
3, 0
3, 0
3, 0
1, 0x78520
0, 0x3c510
0, 0x78540
2, 2
3, 0
3, 0
3, 0
3, 0
3, 0
3, 0
3, 0
3, 0
3, 0
3, 0
3, 0
3, 0
3, 0
3, 0
1, 0x78540
0, 0x3c530
0, 0x78560
2, 2
3, 0
3, 0
3, 0
3, 0
3, 0
3, 0
3, 0
3, 0
3, 0
3, 0
3, 0
3, 0
3, 0
3, 0
0, 0x3c550
0, 0x78580
0, 0x3c570
0, 0x785a0
0, 0x3c590
0, 0x785c0
0, 0x3c5b0
0, 0x785e0
1, 0x78560
0, 0x3c550
0, 0x78580
2, 2
3, 0
3, 0
3, 0
3, 0
3, 0
3, 0
3, 0
3, 0
3, 0
3, 0
3, 0
3, 0
3, 0
3, 0
1, 0x78580
0, 0x3c570
0, 0x785a0
2, 2
3, 0
3, 0
3, 0
3, 0
3, 0
3, 0
3, 0
3, 0
3, 0
3, 0
3, 0
3, 0
3, 0
3, 0
1, 0x785a0
0, 0x3c590
0, 0x785c0
2, 2
3, 0
3, 0
3, 0
3, 0
3, 0
3, 0
3, 0
3, 0
3, 0
3, 0
3, 0
3, 0
3, 0
3, 0
1, 0x785c0
0, 0x3c5b0
0, 0x785e0
2, 2
3, 0
3, 0
3, 0
3, 0
3, 0
3, 0
3, 0
3, 0
3, 0
3, 0
3, 0
3, 0
3, 0
3, 0
0, 0x3c5d0
0, 0x78600
0, 0x3c5f0
0, 0x78620
0, 0x3c610
0, 0x78640
0, 0x3c630
0, 0x78660
1, 0x785e0
0, 0x3c5d0
0, 0x78600
2, 2
3, 0
3, 0
3, 0
3, 0
3, 0
3, 0
3, 0
3, 0
3, 0
3, 0
3, 0
3, 0
3, 0
3, 0
1, 0x78600
0, 0x3c5f0
0, 0x78620
2, 2
3, 0
3, 0
3, 0
3, 0
3, 0
3, 0
3, 0
3, 0
3, 0
3, 0
3, 0
3, 0
3, 0
3, 0
1, 0x78620
0, 0x3c610
0, 0x78640
2, 2
3, 0
3, 0
3, 0
3, 0
3, 0
3, 0
3, 0
3, 0
3, 0
3, 0
3, 0
3, 0
3, 0
3, 0
1, 0x78640
0, 0x3c630
0, 0x78660
2, 2
3, 0
3, 0
3, 0
3, 0
3, 0
3, 0
3, 0
3, 0
3, 0
3, 0
3, 0
3, 0
3, 0
3, 0
0, 0x3c650
0, 0x78680
0, 0x3c670
0, 0x786a0
0, 0x3c690
0, 0x786c0
0, 0x3c6b0
0, 0x786e0
1, 0x78660
0, 0x3c650
0, 0x78680
2, 2
3, 0
3, 0
3, 0
3, 0
3, 0
3, 0
3, 0
3, 0
3, 0
3, 0
3, 0
3, 0
3, 0
3, 0
1, 0x78680
0, 0x3c670
0, 0x786a0
2, 2
3, 0
3, 0
3, 0
3, 0
3, 0
3, 0
3, 0
3, 0
3, 0
3, 0
3, 0
3, 0
3, 0
3, 0
1, 0x786a0
0, 0x3c690
0, 0x786c0
2, 2
3, 0
3, 0
3, 0
3, 0
3, 0
3, 0
3, 0
3, 0
3, 0
3, 0
3, 0
3, 0
3, 0
3, 0
1, 0x786c0
0, 0x3c6b0
0, 0x786e0
2, 2
3, 0
3, 0
3, 0
3, 0
3, 0
3, 0
3, 0
3, 0
3, 0
3, 0
3, 0
3, 0
3, 0
3, 0
0, 0x3c6d0
0, 0x78700
0, 0x3c6f0
0, 0x78720
0, 0x3c710
0, 0x78740
0, 0x3c730
0, 0x78760
1, 0x786e0
0, 0x3c6d0
0, 0x78700
2, 2
3, 0
3, 0
3, 0
3, 0
3, 0
3, 0
3, 0
3, 0
3, 0
3, 0
3, 0
3, 0
3, 0
3, 0
1, 0x78700
0, 0x3c6f0
0, 0x78720
2, 2
3, 0
3, 0
3, 0
3, 0
3, 0
3, 0
3, 0
3, 0
3, 0
3, 0
3, 0
3, 0
3, 0
3, 0
1, 0x78720
0, 0x3c710
0, 0x78740
2, 2
3, 0
3, 0
3, 0
3, 0
3, 0
3, 0
3, 0
3, 0
3, 0
3, 0
3, 0
3, 0
3, 0
3, 0
1, 0x78740
0, 0x3c730
0, 0x78760
2, 2
3, 0
3, 0
3, 0
3, 0
3, 0
3, 0
3, 0
3, 0
3, 0
3, 0
3, 0
3, 0
3, 0
3, 0
0, 0x3c750
0, 0x78780
0, 0x3c770
0, 0x787a0
0, 0x3c790
0, 0x787c0
0, 0x3c7b0
0, 0x787e0
1, 0x78760
0, 0x3c750
0, 0x78780
2, 2
3, 0
3, 0
3, 0
3, 0
3, 0
3, 0
3, 0
3, 0
3, 0
3, 0
3, 0
3, 0
3, 0
3, 0
1, 0x78780
0, 0x3c770
0, 0x787a0
2, 2
3, 0
3, 0
3, 0
3, 0
3, 0
3, 0
3, 0
3, 0
3, 0
3, 0
3, 0
3, 0
3, 0
3, 0
1, 0x787a0
0, 0x3c790
0, 0x787c0
2, 2
3, 0
3, 0
3, 0
3, 0
3, 0
3, 0
3, 0
3, 0
3, 0
3, 0
3, 0
3, 0
3, 0
3, 0
1, 0x787c0
0, 0x3c7b0
0, 0x787e0
2, 2
3, 0
3, 0
3, 0
3, 0
3, 0
3, 0
3, 0
3, 0
3, 0
3, 0
3, 0
3, 0
3, 0
3, 0
0, 0x3c7d0
0, 0x78800
0, 0x3c7f0
0, 0x78820
0, 0x3c810
0, 0x78840
0, 0x3c830
0, 0x78860
1, 0x787e0
0, 0x3c7d0
0, 0x78800
2, 2
3, 0
3, 0
3, 0
3, 0
3, 0
3, 0
3, 0
3, 0
3, 0
3, 0
3, 0
3, 0
3, 0
3, 0
1, 0x78800
0, 0x3c7f0
0, 0x78820
2, 2
3, 0
3, 0
3, 0
3, 0
3, 0
3, 0
3, 0
3, 0
3, 0
3, 0
3, 0
3, 0
3, 0
3, 0
1, 0x78820
0, 0x3c810
0, 0x78840
2, 2
3, 0
3, 0
3, 0
3, 0
3, 0
3, 0
3, 0
3, 0
3, 0
3, 0
3, 0
3, 0
3, 0
3, 0
1, 0x78840
0, 0x3c830
0, 0x78860
2, 2
3, 0
3, 0
3, 0
3, 0
3, 0
3, 0
3, 0
3, 0
3, 0
3, 0
3, 0
3, 0
3, 0
3, 0
0, 0x3c850
0, 0x78880
0, 0x3c870
0, 0x788a0
0, 0x3c890
0, 0x788c0
0, 0x3c8b0
0, 0x788e0
1, 0x78860
0, 0x3c850
0, 0x78880
2, 2
3, 0
3, 0
3, 0
3, 0
3, 0
3, 0
3, 0
3, 0
3, 0
3, 0
3, 0
3, 0
3, 0
3, 0
1, 0x78880
0, 0x3c870
0, 0x788a0
2, 2
3, 0
3, 0
3, 0
3, 0
3, 0
3, 0
3, 0
3, 0
3, 0
3, 0
3, 0
3, 0
3, 0
3, 0
1, 0x788a0
0, 0x3c890
0, 0x788c0
2, 2
3, 0
3, 0
3, 0
3, 0
3, 0
3, 0
3, 0
3, 0
3, 0
3, 0
3, 0
3, 0
3, 0
3, 0
1, 0x788c0
0, 0x3c8b0
0, 0x788e0
2, 2
3, 0
3, 0
3, 0
3, 0
3, 0
3, 0
3, 0
3, 0
3, 0
3, 0
3, 0
3, 0
3, 0
3, 0
0, 0x3c8d0
0, 0x78900
0, 0x3c8f0
0, 0x78920
0, 0x3c910
0, 0x78940
0, 0x3c930
0, 0x78960
1, 0x788e0
0, 0x3c8d0
0, 0x78900
2, 2
3, 0
3, 0
3, 0
3, 0
3, 0
3, 0
3, 0
3, 0
3, 0
3, 0
3, 0
3, 0
3, 0
3, 0
1, 0x78900
0, 0x3c8f0
0, 0x78920
2, 2
3, 0
3, 0
3, 0
3, 0
3, 0
3, 0
3, 0
3, 0
3, 0
3, 0
3, 0
3, 0
3, 0
3, 0
1, 0x78920
0, 0x3c910
0, 0x78940
2, 2
3, 0
3, 0
3, 0
3, 0
3, 0
3, 0
3, 0
3, 0
3, 0
3, 0
3, 0
3, 0
3, 0
3, 0
1, 0x78940
0, 0x3c930
0, 0x78960
2, 2
3, 0
3, 0
3, 0
3, 0
3, 0
3, 0
3, 0
3, 0
3, 0
3, 0
3, 0
3, 0
3, 0
3, 0
0, 0x3c950
0, 0x78980
0, 0x3c970
0, 0x789a0
0, 0x3c990
0, 0x789c0
0, 0x3c9b0
0, 0x789e0
1, 0x78960
0, 0x3c950
0, 0x78980
2, 2
3, 0
3, 0
3, 0
3, 0
3, 0
3, 0
3, 0
3, 0
3, 0
3, 0
3, 0
3, 0
3, 0
3, 0
1, 0x78980
0, 0x3c970
0, 0x789a0
2, 2
3, 0
3, 0
3, 0
3, 0
3, 0
3, 0
3, 0
3, 0
3, 0
3, 0
3, 0
3, 0
3, 0
3, 0
1, 0x789a0
0, 0x3c990
0, 0x789c0
2, 2
3, 0
3, 0
3, 0
3, 0
3, 0
3, 0
3, 0
3, 0
3, 0
3, 0
3, 0
3, 0
3, 0
3, 0
1, 0x789c0
0, 0x3c9b0
0, 0x789e0
2, 2
3, 0
3, 0
3, 0
3, 0
3, 0
3, 0
3, 0
3, 0
3, 0
3, 0
3, 0
3, 0
3, 0
3, 0
0, 0x3c9d0
0, 0x78a00
0, 0x3c9f0
0, 0x78a20
0, 0x3ca10
0, 0x78a40
0, 0x3ca30
0, 0x78a60
1, 0x789e0
0, 0x3c9d0
0, 0x78a00
2, 2
3, 0
3, 0
3, 0
3, 0
3, 0
3, 0
3, 0
3, 0
3, 0
3, 0
3, 0
3, 0
3, 0
3, 0
1, 0x78a00
0, 0x3c9f0
0, 0x78a20
2, 2
3, 0
3, 0
3, 0
3, 0
3, 0
3, 0
3, 0
3, 0
3, 0
3, 0
3, 0
3, 0
3, 0
3, 0
1, 0x78a20
0, 0x3ca10
0, 0x78a40
2, 2
3, 0
3, 0
3, 0
3, 0
3, 0
3, 0
3, 0
3, 0
3, 0
3, 0
3, 0
3, 0
3, 0
3, 0
1, 0x78a40
0, 0x3ca30
0, 0x78a60
2, 2
3, 0
3, 0
3, 0
3, 0
3, 0
3, 0
3, 0
3, 0
3, 0
3, 0
3, 0
3, 0
3, 0
3, 0
0, 0x3ca50
0, 0x78a80
0, 0x3ca70
0, 0x78aa0
0, 0x3ca90
0, 0x78ac0
0, 0x3cab0
0, 0x78ae0
1, 0x78a60
0, 0x3ca50
0, 0x78a80
2, 2
3, 0
3, 0
3, 0
3, 0
3, 0
3, 0
3, 0
3, 0
3, 0
3, 0
3, 0
3, 0
3, 0
3, 0
1, 0x78a80
0, 0x3ca70
0, 0x78aa0
2, 2
3, 0
3, 0
3, 0
3, 0
3, 0
3, 0
3, 0
3, 0
3, 0
3, 0
3, 0
3, 0
3, 0
3, 0
1, 0x78aa0
0, 0x3ca90
0, 0x78ac0
2, 2
3, 0
3, 0
3, 0
3, 0
3, 0
3, 0
3, 0
3, 0
3, 0
3, 0
3, 0
3, 0
3, 0
3, 0
1, 0x78ac0
0, 0x3cab0
0, 0x78ae0
2, 2
3, 0
3, 0
3, 0
3, 0
3, 0
3, 0
3, 0
3, 0
3, 0
3, 0
3, 0
3, 0
3, 0
3, 0
0, 0x3cad0
0, 0x78b00
0, 0x3caf0
0, 0x78b20
0, 0x3cb10
0, 0x78b40
0, 0x3cb30
0, 0x78b60
1, 0x78ae0
0, 0x3cad0
0, 0x78b00
2, 2
3, 0
3, 0
3, 0
3, 0
3, 0
3, 0
3, 0
3, 0
3, 0
3, 0
3, 0
3, 0
3, 0
3, 0
1, 0x78b00
0, 0x3caf0
0, 0x78b20
2, 2
3, 0
3, 0
3, 0
3, 0
3, 0
3, 0
3, 0
3, 0
3, 0
3, 0
3, 0
3, 0
3, 0
3, 0
1, 0x78b20
0, 0x3cb10
0, 0x78b40
2, 2
3, 0
3, 0
3, 0
3, 0
3, 0
3, 0
3, 0
3, 0
3, 0
3, 0
3, 0
3, 0
3, 0
3, 0
1, 0x78b40
0, 0x3cb30
0, 0x78b60
2, 2
3, 0
3, 0
3, 0
3, 0
3, 0
3, 0
3, 0
3, 0
3, 0
3, 0
3, 0
3, 0
3, 0
3, 0
0, 0x3cb50
0, 0x78b80
0, 0x3cb70
0, 0x78ba0
0, 0x3cb90
0, 0x78bc0
0, 0x3cbb0
0, 0x78be0
1, 0x78b60
0, 0x3cb50
0, 0x78b80
2, 2
3, 0
3, 0
3, 0
3, 0
3, 0
3, 0
3, 0
3, 0
3, 0
3, 0
3, 0
3, 0
3, 0
3, 0
1, 0x78b80
0, 0x3cb70
0, 0x78ba0
2, 2
3, 0
3, 0
3, 0
3, 0
3, 0
3, 0
3, 0
3, 0
3, 0
3, 0
3, 0
3, 0
3, 0
3, 0
1, 0x78ba0
0, 0x3cb90
0, 0x78bc0
2, 2
3, 0
3, 0
3, 0
3, 0
3, 0
3, 0
3, 0
3, 0
3, 0
3, 0
3, 0
3, 0
3, 0
3, 0
1, 0x78bc0
0, 0x3cbb0
0, 0x78be0
2, 2
3, 0
3, 0
3, 0
3, 0
3, 0
3, 0
3, 0
3, 0
3, 0
3, 0
3, 0
3, 0
3, 0
3, 0
0, 0x3cbd0
0, 0x78c00
0, 0x3cbf0
0, 0x78c20
0, 0x3cc10
0, 0x78c40
0, 0x3cc30
0, 0x78c60
1, 0x78be0
0, 0x3cbd0
0, 0x78c00
2, 2
3, 0
3, 0
3, 0
3, 0
3, 0
3, 0
3, 0
3, 0
3, 0
3, 0
3, 0
3, 0
3, 0
3, 0
1, 0x78c00
0, 0x3cbf0
0, 0x78c20
2, 2
3, 0
3, 0
3, 0
3, 0
3, 0
3, 0
3, 0
3, 0
3, 0
3, 0
3, 0
3, 0
3, 0
3, 0
1, 0x78c20
0, 0x3cc10
0, 0x78c40
2, 2
3, 0
3, 0
3, 0
3, 0
3, 0
3, 0
3, 0
3, 0
3, 0
3, 0
3, 0
3, 0
3, 0
3, 0
1, 0x78c40
0, 0x3cc30
0, 0x78c60
2, 2
3, 0
3, 0
3, 0
3, 0
3, 0
3, 0
3, 0
3, 0
3, 0
3, 0
3, 0
3, 0
3, 0
3, 0
0, 0x3cc50
0, 0x78c80
0, 0x3cc70
0, 0x78ca0
0, 0x3cc90
0, 0x78cc0
0, 0x3ccb0
0, 0x78ce0
1, 0x78c60
0, 0x3cc50
0, 0x78c80
2, 2
3, 0
3, 0
3, 0
3, 0
3, 0
3, 0
3, 0
3, 0
3, 0
3, 0
3, 0
3, 0
3, 0
3, 0
1, 0x78c80
0, 0x3cc70
0, 0x78ca0
2, 2
3, 0
3, 0
3, 0
3, 0
3, 0
3, 0
3, 0
3, 0
3, 0
3, 0
3, 0
3, 0
3, 0
3, 0
1, 0x78ca0
0, 0x3cc90
0, 0x78cc0
2, 2
3, 0
3, 0
3, 0
3, 0
3, 0
3, 0
3, 0
3, 0
3, 0
3, 0
3, 0
3, 0
3, 0
3, 0
1, 0x78cc0
0, 0x3ccb0
0, 0x78ce0
2, 2
3, 0
3, 0
3, 0
3, 0
3, 0
3, 0
3, 0
3, 0
3, 0
3, 0
3, 0
3, 0
3, 0
3, 0
0, 0x3ccd0
0, 0x78d00
0, 0x3ccf0
0, 0x78d20
0, 0x3cd10
0, 0x78d40
0, 0x3cd30
0, 0x78d60
1, 0x78ce0
0, 0x3ccd0
0, 0x78d00
2, 2
3, 0
3, 0
3, 0
3, 0
3, 0
3, 0
3, 0
3, 0
3, 0
3, 0
3, 0
3, 0
3, 0
3, 0
1, 0x78d00
0, 0x3ccf0
0, 0x78d20
2, 2
3, 0
3, 0
3, 0
3, 0
3, 0
3, 0
3, 0
3, 0
3, 0
3, 0
3, 0
3, 0
3, 0
3, 0
1, 0x78d20
0, 0x3cd10
0, 0x78d40
2, 2
3, 0
3, 0
3, 0
3, 0
3, 0
3, 0
3, 0
3, 0
3, 0
3, 0
3, 0
3, 0
3, 0
3, 0
1, 0x78d40
0, 0x3cd30
0, 0x78d60
2, 2
3, 0
3, 0
3, 0
3, 0
3, 0
3, 0
3, 0
3, 0
3, 0
3, 0
3, 0
3, 0
3, 0
3, 0
0, 0x3cd50
0, 0x78d80
0, 0x3cd70
0, 0x78da0
0, 0x3cd90
0, 0x78dc0
0, 0x3cdb0
0, 0x78de0
1, 0x78d60
0, 0x3cd50
0, 0x78d80
2, 2
3, 0
3, 0
3, 0
3, 0
3, 0
3, 0
3, 0
3, 0
3, 0
3, 0
3, 0
3, 0
3, 0
3, 0
1, 0x78d80
0, 0x3cd70
0, 0x78da0
2, 2
3, 0
3, 0
3, 0
3, 0
3, 0
3, 0
3, 0
3, 0
3, 0
3, 0
3, 0
3, 0
3, 0
3, 0
1, 0x78da0
0, 0x3cd90
0, 0x78dc0
2, 2
3, 0
3, 0
3, 0
3, 0
3, 0
3, 0
3, 0
3, 0
3, 0
3, 0
3, 0
3, 0
3, 0
3, 0
1, 0x78dc0
0, 0x3cdb0
0, 0x78de0
2, 2
3, 0
3, 0
3, 0
3, 0
3, 0
3, 0
3, 0
3, 0
3, 0
3, 0
3, 0
3, 0
3, 0
3, 0
0, 0x3cdd0
0, 0x78e00
0, 0x3cdf0
0, 0x78e20
0, 0x3ce10
0, 0x78e40
0, 0x3ce30
0, 0x78e60
1, 0x78de0
0, 0x3cdd0
0, 0x78e00
2, 2
3, 0
3, 0
3, 0
3, 0
3, 0
3, 0
3, 0
3, 0
3, 0
3, 0
3, 0
3, 0
3, 0
3, 0
1, 0x78e00
0, 0x3cdf0
0, 0x78e20
2, 2
3, 0
3, 0
3, 0
3, 0
3, 0
3, 0
3, 0
3, 0
3, 0
3, 0
3, 0
3, 0
3, 0
3, 0
1, 0x78e20
0, 0x3ce10
0, 0x78e40
2, 2
3, 0
3, 0
3, 0
3, 0
3, 0
3, 0
3, 0
3, 0
3, 0
3, 0
3, 0
3, 0
3, 0
3, 0
1, 0x78e40
0, 0x3ce30
0, 0x78e60
2, 2
3, 0
3, 0
3, 0
3, 0
3, 0
3, 0
3, 0
3, 0
3, 0
3, 0
3, 0
3, 0
3, 0
3, 0
0, 0x3ce50
0, 0x78e80
0, 0x3ce70
0, 0x78ea0
0, 0x3ce90
0, 0x78ec0
0, 0x3ceb0
0, 0x78ee0
1, 0x78e60
0, 0x3ce50
0, 0x78e80
2, 2
3, 0
3, 0
3, 0
3, 0
3, 0
3, 0
3, 0
3, 0
3, 0
3, 0
3, 0
3, 0
3, 0
3, 0
1, 0x78e80
0, 0x3ce70
0, 0x78ea0
2, 2
3, 0
3, 0
3, 0
3, 0
3, 0
3, 0
3, 0
3, 0
3, 0
3, 0
3, 0
3, 0
3, 0
3, 0
1, 0x78ea0
0, 0x3ce90
0, 0x78ec0
2, 2
3, 0
3, 0
3, 0
3, 0
3, 0
3, 0
3, 0
3, 0
3, 0
3, 0
3, 0
3, 0
3, 0
3, 0
1, 0x78ec0
0, 0x3ceb0
0, 0x78ee0
2, 2
3, 0
3, 0
3, 0
3, 0
3, 0
3, 0
3, 0
3, 0
3, 0
3, 0
3, 0
3, 0
3, 0
3, 0
0, 0x3ced0
0, 0x78f00
0, 0x3cef0
0, 0x78f20
0, 0x3cf10
0, 0x78f40
0, 0x3cf30
0, 0x78f60
1, 0x78ee0
0, 0x3ced0
0, 0x78f00
2, 2
3, 0
3, 0
3, 0
3, 0
3, 0
3, 0
3, 0
3, 0
3, 0
3, 0
3, 0
3, 0
3, 0
3, 0
1, 0x78f00
0, 0x3cef0
0, 0x78f20
2, 2
3, 0
3, 0
3, 0
3, 0
3, 0
3, 0
3, 0
3, 0
3, 0
3, 0
3, 0
3, 0
3, 0
3, 0
1, 0x78f20
0, 0x3cf10
0, 0x78f40
2, 2
3, 0
3, 0
3, 0
3, 0
3, 0
3, 0
3, 0
3, 0
3, 0
3, 0
3, 0
3, 0
3, 0
3, 0
1, 0x78f40
0, 0x3cf30
0, 0x78f60
2, 2
3, 0
3, 0
3, 0
3, 0
3, 0
3, 0
3, 0
3, 0
3, 0
3, 0
3, 0
3, 0
3, 0
3, 0
0, 0x3cf50
0, 0x78f80
0, 0x3cf70
0, 0x78fa0
0, 0x3cf90
0, 0x78fc0
0, 0x3cfb0
0, 0x78fe0
1, 0x78f60
0, 0x3cf50
0, 0x78f80
2, 2
3, 0
3, 0
3, 0
3, 0
3, 0
3, 0
3, 0
3, 0
3, 0
3, 0
3, 0
3, 0
3, 0
3, 0
1, 0x78f80
0, 0x3cf70
0, 0x78fa0
2, 2
3, 0
3, 0
3, 0
3, 0
3, 0
3, 0
3, 0
3, 0
3, 0
3, 0
3, 0
3, 0
3, 0
3, 0
1, 0x78fa0
0, 0x3cf90
0, 0x78fc0
2, 2
3, 0
3, 0
3, 0
3, 0
3, 0
3, 0
3, 0
3, 0
3, 0
3, 0
3, 0
3, 0
3, 0
3, 0
1, 0x78fc0
0, 0x3cfb0
0, 0x78fe0
2, 2
3, 0
3, 0
3, 0
3, 0
3, 0
3, 0
3, 0
3, 0
3, 0
3, 0
3, 0
3, 0
3, 0
3, 0
0, 0x3cfd0
0, 0x79000
0, 0x3cff0
0, 0x79020
0, 0x3d010
0, 0x79040
0, 0x3d030
0, 0x79060
1, 0x78fe0
0, 0x3cfd0
0, 0x79000
2, 2
3, 0
3, 0
3, 0
3, 0
3, 0
3, 0
3, 0
3, 0
3, 0
3, 0
3, 0
3, 0
3, 0
3, 0
1, 0x79000
0, 0x3cff0
0, 0x79020
2, 2
3, 0
3, 0
3, 0
3, 0
3, 0
3, 0
3, 0
3, 0
3, 0
3, 0
3, 0
3, 0
3, 0
3, 0
1, 0x79020
0, 0x3d010
0, 0x79040
2, 2
3, 0
3, 0
3, 0
3, 0
3, 0
3, 0
3, 0
3, 0
3, 0
3, 0
3, 0
3, 0
3, 0
3, 0
1, 0x79040
0, 0x3d030
0, 0x79060
2, 2
3, 0
3, 0
3, 0
3, 0
3, 0
3, 0
3, 0
3, 0
3, 0
3, 0
3, 0
3, 0
3, 0
3, 0
0, 0x3d050
0, 0x79080
0, 0x3d070
0, 0x790a0
0, 0x3d090
0, 0x790c0
0, 0x3d0b0
0, 0x790e0
1, 0x79060
0, 0x3d050
0, 0x79080
2, 2
3, 0
3, 0
3, 0
3, 0
3, 0
3, 0
3, 0
3, 0
3, 0
3, 0
3, 0
3, 0
3, 0
3, 0
1, 0x79080
0, 0x3d070
0, 0x790a0
2, 2
3, 0
3, 0
3, 0
3, 0
3, 0
3, 0
3, 0
3, 0
3, 0
3, 0
3, 0
3, 0
3, 0
3, 0
1, 0x790a0
0, 0x3d090
0, 0x790c0
2, 2
3, 0
3, 0
3, 0
3, 0
3, 0
3, 0
3, 0
3, 0
3, 0
3, 0
3, 0
3, 0
3, 0
3, 0
1, 0x790c0
0, 0x3d0b0
0, 0x790e0
2, 2
3, 0
3, 0
3, 0
3, 0
3, 0
3, 0
3, 0
3, 0
3, 0
3, 0
3, 0
3, 0
3, 0
3, 0
0, 0x3d0d0
0, 0x79100
0, 0x3d0f0
0, 0x79120
0, 0x3d110
0, 0x79140
0, 0x3d130
0, 0x79160
1, 0x790e0
0, 0x3d0d0
0, 0x79100
2, 2
3, 0
3, 0
3, 0
3, 0
3, 0
3, 0
3, 0
3, 0
3, 0
3, 0
3, 0
3, 0
3, 0
3, 0
1, 0x79100
0, 0x3d0f0
0, 0x79120
2, 2
3, 0
3, 0
3, 0
3, 0
3, 0
3, 0
3, 0
3, 0
3, 0
3, 0
3, 0
3, 0
3, 0
3, 0
1, 0x79120
0, 0x3d110
0, 0x79140
2, 2
3, 0
3, 0
3, 0
3, 0
3, 0
3, 0
3, 0
3, 0
3, 0
3, 0
3, 0
3, 0
3, 0
3, 0
1, 0x79140
0, 0x3d130
0, 0x79160
2, 2
3, 0
3, 0
3, 0
3, 0
3, 0
3, 0
3, 0
3, 0
3, 0
3, 0
3, 0
3, 0
3, 0
3, 0
0, 0x3d150
0, 0x79180
0, 0x3d170
0, 0x791a0
0, 0x3d190
0, 0x791c0
0, 0x3d1b0
0, 0x791e0
1, 0x79160
0, 0x3d150
0, 0x79180
2, 2
3, 0
3, 0
3, 0
3, 0
3, 0
3, 0
3, 0
3, 0
3, 0
3, 0
3, 0
3, 0
3, 0
3, 0
1, 0x79180
0, 0x3d170
0, 0x791a0
2, 2
3, 0
3, 0
3, 0
3, 0
3, 0
3, 0
3, 0
3, 0
3, 0
3, 0
3, 0
3, 0
3, 0
3, 0
1, 0x791a0
0, 0x3d190
0, 0x791c0
2, 2
3, 0
3, 0
3, 0
3, 0
3, 0
3, 0
3, 0
3, 0
3, 0
3, 0
3, 0
3, 0
3, 0
3, 0
1, 0x791c0
0, 0x3d1b0
0, 0x791e0
2, 2
3, 0
3, 0
3, 0
3, 0
3, 0
3, 0
3, 0
3, 0
3, 0
3, 0
3, 0
3, 0
3, 0
3, 0
0, 0x3d1d0
0, 0x79200
0, 0x3d1f0
0, 0x79220
0, 0x3d210
0, 0x79240
0, 0x3d230
0, 0x79260
1, 0x791e0
0, 0x3d1d0
0, 0x79200
2, 2
3, 0
3, 0
3, 0
3, 0
3, 0
3, 0
3, 0
3, 0
3, 0
3, 0
3, 0
3, 0
3, 0
3, 0
1, 0x79200
0, 0x3d1f0
0, 0x79220
2, 2
3, 0
3, 0
3, 0
3, 0
3, 0
3, 0
3, 0
3, 0
3, 0
3, 0
3, 0
3, 0
3, 0
3, 0
1, 0x79220
0, 0x3d210
0, 0x79240
2, 2
3, 0
3, 0
3, 0
3, 0
3, 0
3, 0
3, 0
3, 0
3, 0
3, 0
3, 0
3, 0
3, 0
3, 0
1, 0x79240
0, 0x3d230
0, 0x79260
2, 2
3, 0
3, 0
3, 0
3, 0
3, 0
3, 0
3, 0
3, 0
3, 0
3, 0
3, 0
3, 0
3, 0
3, 0
0, 0x3d250
0, 0x79280
0, 0x3d270
0, 0x792a0
0, 0x3d290
0, 0x792c0
0, 0x3d2b0
0, 0x792e0
1, 0x79260
0, 0x3d250
0, 0x79280
2, 2
3, 0
3, 0
3, 0
3, 0
3, 0
3, 0
3, 0
3, 0
3, 0
3, 0
3, 0
3, 0
3, 0
3, 0
1, 0x79280
0, 0x3d270
0, 0x792a0
2, 2
3, 0
3, 0
3, 0
3, 0
3, 0
3, 0
3, 0
3, 0
3, 0
3, 0
3, 0
3, 0
3, 0
3, 0
1, 0x792a0
0, 0x3d290
0, 0x792c0
2, 2
3, 0
3, 0
3, 0
3, 0
3, 0
3, 0
3, 0
3, 0
3, 0
3, 0
3, 0
3, 0
3, 0
3, 0
1, 0x792c0
0, 0x3d2b0
0, 0x792e0
2, 2
3, 0
3, 0
3, 0
3, 0
3, 0
3, 0
3, 0
3, 0
3, 0
3, 0
3, 0
3, 0
3, 0
3, 0
0, 0x3d2d0
0, 0x79300
0, 0x3d2f0
0, 0x79320
0, 0x3d310
0, 0x79340
0, 0x3d330
0, 0x79360
1, 0x792e0
0, 0x3d2d0
0, 0x79300
2, 2
3, 0
3, 0
3, 0
3, 0
3, 0
3, 0
3, 0
3, 0
3, 0
3, 0
3, 0
3, 0
3, 0
3, 0
1, 0x79300
0, 0x3d2f0
0, 0x79320
2, 2
3, 0
3, 0
3, 0
3, 0
3, 0
3, 0
3, 0
3, 0
3, 0
3, 0
3, 0
3, 0
3, 0
3, 0
1, 0x79320
0, 0x3d310
0, 0x79340
2, 2
3, 0
3, 0
3, 0
3, 0
3, 0
3, 0
3, 0
3, 0
3, 0
3, 0
3, 0
3, 0
3, 0
3, 0
1, 0x79340
0, 0x3d330
0, 0x79360
2, 2
3, 0
3, 0
3, 0
3, 0
3, 0
3, 0
3, 0
3, 0
3, 0
3, 0
3, 0
3, 0
3, 0
3, 0
0, 0x3d350
0, 0x79380
0, 0x3d370
0, 0x793a0
0, 0x3d390
0, 0x793c0
0, 0x3d3b0
0, 0x793e0
1, 0x79360
0, 0x3d350
0, 0x79380
2, 2
3, 0
3, 0
3, 0
3, 0
3, 0
3, 0
3, 0
3, 0
3, 0
3, 0
3, 0
3, 0
3, 0
3, 0
1, 0x79380
0, 0x3d370
0, 0x793a0
2, 2
3, 0
3, 0
3, 0
3, 0
3, 0
3, 0
3, 0
3, 0
3, 0
3, 0
3, 0
3, 0
3, 0
3, 0
1, 0x793a0
0, 0x3d390
0, 0x793c0
2, 2
3, 0
3, 0
3, 0
3, 0
3, 0
3, 0
3, 0
3, 0
3, 0
3, 0
3, 0
3, 0
3, 0
3, 0
1, 0x793c0
0, 0x3d3b0
0, 0x793e0
2, 2
3, 0
3, 0
3, 0
3, 0
3, 0
3, 0
3, 0
3, 0
3, 0
3, 0
3, 0
3, 0
3, 0
3, 0
0, 0x3d3d0
0, 0x79400
0, 0x3d3f0
0, 0x79420
0, 0x3d410
0, 0x79440
0, 0x3d430
0, 0x79460
1, 0x793e0
0, 0x3d3d0
0, 0x79400
2, 2
3, 0
3, 0
3, 0
3, 0
3, 0
3, 0
3, 0
3, 0
3, 0
3, 0
3, 0
3, 0
3, 0
3, 0
1, 0x79400
0, 0x3d3f0
0, 0x79420
2, 2
3, 0
3, 0
3, 0
3, 0
3, 0
3, 0
3, 0
3, 0
3, 0
3, 0
3, 0
3, 0
3, 0
3, 0
1, 0x79420
0, 0x3d410
0, 0x79440
2, 2
3, 0
3, 0
3, 0
3, 0
3, 0
3, 0
3, 0
3, 0
3, 0
3, 0
3, 0
3, 0
3, 0
3, 0
1, 0x79440
0, 0x3d430
0, 0x79460
2, 2
3, 0
3, 0
3, 0
3, 0
3, 0
3, 0
3, 0
3, 0
3, 0
3, 0
3, 0
3, 0
3, 0
3, 0
0, 0x3d450
0, 0x79480
0, 0x3d470
0, 0x794a0
0, 0x3d490
0, 0x794c0
0, 0x3d4b0
0, 0x794e0
1, 0x79460
0, 0x3d450
0, 0x79480
2, 2
3, 0
3, 0
3, 0
3, 0
3, 0
3, 0
3, 0
3, 0
3, 0
3, 0
3, 0
3, 0
3, 0
3, 0
1, 0x79480
0, 0x3d470
0, 0x794a0
2, 2
3, 0
3, 0
3, 0
3, 0
3, 0
3, 0
3, 0
3, 0
3, 0
3, 0
3, 0
3, 0
3, 0
3, 0
1, 0x794a0
0, 0x3d490
0, 0x794c0
2, 2
3, 0
3, 0
3, 0
3, 0
3, 0
3, 0
3, 0
3, 0
3, 0
3, 0
3, 0
3, 0
3, 0
3, 0
1, 0x794c0
0, 0x3d4b0
0, 0x794e0
2, 2
3, 0
3, 0
3, 0
3, 0
3, 0
3, 0
3, 0
3, 0
3, 0
3, 0
3, 0
3, 0
3, 0
3, 0
0, 0x3d4d0
0, 0x79500
0, 0x3d4f0
0, 0x79520
0, 0x3d510
0, 0x79540
0, 0x3d530
0, 0x79560
1, 0x794e0
0, 0x3d4d0
0, 0x79500
2, 2
3, 0
3, 0
3, 0
3, 0
3, 0
3, 0
3, 0
3, 0
3, 0
3, 0
3, 0
3, 0
3, 0
3, 0
1, 0x79500
0, 0x3d4f0
0, 0x79520
2, 2
3, 0
3, 0
3, 0
3, 0
3, 0
3, 0
3, 0
3, 0
3, 0
3, 0
3, 0
3, 0
3, 0
3, 0
1, 0x79520
0, 0x3d510
0, 0x79540
2, 2
3, 0
3, 0
3, 0
3, 0
3, 0
3, 0
3, 0
3, 0
3, 0
3, 0
3, 0
3, 0
3, 0
3, 0
1, 0x79540
0, 0x3d530
0, 0x79560
2, 2
3, 0
3, 0
3, 0
3, 0
3, 0
3, 0
3, 0
3, 0
3, 0
3, 0
3, 0
3, 0
3, 0
3, 0
0, 0x3d550
0, 0x79580
0, 0x3d570
0, 0x795a0
0, 0x3d590
0, 0x795c0
0, 0x3d5b0
0, 0x795e0
1, 0x79560
0, 0x3d550
0, 0x79580
2, 2
3, 0
3, 0
3, 0
3, 0
3, 0
3, 0
3, 0
3, 0
3, 0
3, 0
3, 0
3, 0
3, 0
3, 0
1, 0x79580
0, 0x3d570
0, 0x795a0
2, 2
3, 0
3, 0
3, 0
3, 0
3, 0
3, 0
3, 0
3, 0
3, 0
3, 0
3, 0
3, 0
3, 0
3, 0
1, 0x795a0
0, 0x3d590
0, 0x795c0
2, 2
3, 0
3, 0
3, 0
3, 0
3, 0
3, 0
3, 0
3, 0
3, 0
3, 0
3, 0
3, 0
3, 0
3, 0
1, 0x795c0
0, 0x3d5b0
0, 0x795e0
2, 2
3, 0
3, 0
3, 0
3, 0
3, 0
3, 0
3, 0
3, 0
3, 0
3, 0
3, 0
3, 0
3, 0
3, 0
0, 0x3d5d0
0, 0x79600
0, 0x3d5f0
0, 0x79620
0, 0x3d610
0, 0x79640
0, 0x3d630
0, 0x79660
1, 0x795e0
0, 0x3d5d0
0, 0x79600
2, 2
3, 0
3, 0
3, 0
3, 0
3, 0
3, 0
3, 0
3, 0
3, 0
3, 0
3, 0
3, 0
3, 0
3, 0
1, 0x79600
0, 0x3d5f0
0, 0x79620
2, 2
3, 0
3, 0
3, 0
3, 0
3, 0
3, 0
3, 0
3, 0
3, 0
3, 0
3, 0
3, 0
3, 0
3, 0
1, 0x79620
0, 0x3d610
0, 0x79640
2, 2
3, 0
3, 0
3, 0
3, 0
3, 0
3, 0
3, 0
3, 0
3, 0
3, 0
3, 0
3, 0
3, 0
3, 0
1, 0x79640
0, 0x3d630
0, 0x79660
2, 2
3, 0
3, 0
3, 0
3, 0
3, 0
3, 0
3, 0
3, 0
3, 0
3, 0
3, 0
3, 0
3, 0
3, 0
0, 0x3d650
0, 0x79680
0, 0x3d670
0, 0x796a0
0, 0x3d690
0, 0x796c0
0, 0x3d6b0
0, 0x796e0
1, 0x79660
0, 0x3d650
0, 0x79680
2, 2
3, 0
3, 0
3, 0
3, 0
3, 0
3, 0
3, 0
3, 0
3, 0
3, 0
3, 0
3, 0
3, 0
3, 0
1, 0x79680
0, 0x3d670
0, 0x796a0
2, 2
3, 0
3, 0
3, 0
3, 0
3, 0
3, 0
3, 0
3, 0
3, 0
3, 0
3, 0
3, 0
3, 0
3, 0
1, 0x796a0
0, 0x3d690
0, 0x796c0
2, 2
3, 0
3, 0
3, 0
3, 0
3, 0
3, 0
3, 0
3, 0
3, 0
3, 0
3, 0
3, 0
3, 0
3, 0
1, 0x796c0
0, 0x3d6b0
0, 0x796e0
2, 2
3, 0
3, 0
3, 0
3, 0
3, 0
3, 0
3, 0
3, 0
3, 0
3, 0
3, 0
3, 0
3, 0
3, 0
0, 0x3d6d0
0, 0x79700
0, 0x3d6f0
0, 0x79720
0, 0x3d710
0, 0x79740
0, 0x3d730
0, 0x79760
1, 0x796e0
0, 0x3d6d0
0, 0x79700
2, 2
3, 0
3, 0
3, 0
3, 0
3, 0
3, 0
3, 0
3, 0
3, 0
3, 0
3, 0
3, 0
3, 0
3, 0
1, 0x79700
0, 0x3d6f0
0, 0x79720
2, 2
3, 0
3, 0
3, 0
3, 0
3, 0
3, 0
3, 0
3, 0
3, 0
3, 0
3, 0
3, 0
3, 0
3, 0
1, 0x79720
0, 0x3d710
0, 0x79740
2, 2
3, 0
3, 0
3, 0
3, 0
3, 0
3, 0
3, 0
3, 0
3, 0
3, 0
3, 0
3, 0
3, 0
3, 0
1, 0x79740
0, 0x3d730
0, 0x79760
2, 2
3, 0
3, 0
3, 0
3, 0
3, 0
3, 0
3, 0
3, 0
3, 0
3, 0
3, 0
3, 0
3, 0
3, 0
0, 0x3d750
0, 0x79780
0, 0x3d770
0, 0x797a0
0, 0x3d790
0, 0x797c0
0, 0x3d7b0
0, 0x797e0
1, 0x79760
0, 0x3d750
0, 0x79780
2, 2
3, 0
3, 0
3, 0
3, 0
3, 0
3, 0
3, 0
3, 0
3, 0
3, 0
3, 0
3, 0
3, 0
3, 0
1, 0x79780
0, 0x3d770
0, 0x797a0
2, 2
3, 0
3, 0
3, 0
3, 0
3, 0
3, 0
3, 0
3, 0
3, 0
3, 0
3, 0
3, 0
3, 0
3, 0
1, 0x797a0
0, 0x3d790
0, 0x797c0
2, 2
3, 0
3, 0
3, 0
3, 0
3, 0
3, 0
3, 0
3, 0
3, 0
3, 0
3, 0
3, 0
3, 0
3, 0
1, 0x797c0
0, 0x3d7b0
0, 0x797e0
2, 2
3, 0
3, 0
3, 0
3, 0
3, 0
3, 0
3, 0
3, 0
3, 0
3, 0
3, 0
3, 0
3, 0
3, 0
0, 0x3d7d0
0, 0x79800
0, 0x3d7f0
0, 0x79820
0, 0x3d810
0, 0x79840
0, 0x3d830
0, 0x79860
1, 0x797e0
0, 0x3d7d0
0, 0x79800
2, 2
3, 0
3, 0
3, 0
3, 0
3, 0
3, 0
3, 0
3, 0
3, 0
3, 0
3, 0
3, 0
3, 0
3, 0
1, 0x79800
0, 0x3d7f0
0, 0x79820
2, 2
3, 0
3, 0
3, 0
3, 0
3, 0
3, 0
3, 0
3, 0
3, 0
3, 0
3, 0
3, 0
3, 0
3, 0
1, 0x79820
0, 0x3d810
0, 0x79840
2, 2
3, 0
3, 0
3, 0
3, 0
3, 0
3, 0
3, 0
3, 0
3, 0
3, 0
3, 0
3, 0
3, 0
3, 0
1, 0x79840
0, 0x3d830
0, 0x79860
2, 2
3, 0
3, 0
3, 0
3, 0
3, 0
3, 0
3, 0
3, 0
3, 0
3, 0
3, 0
3, 0
3, 0
3, 0
0, 0x3d850
0, 0x79880
0, 0x3d870
0, 0x798a0
0, 0x3d890
0, 0x798c0
0, 0x3d8b0
0, 0x798e0
1, 0x79860
0, 0x3d850
0, 0x79880
2, 2
3, 0
3, 0
3, 0
3, 0
3, 0
3, 0
3, 0
3, 0
3, 0
3, 0
3, 0
3, 0
3, 0
3, 0
1, 0x79880
0, 0x3d870
0, 0x798a0
2, 2
3, 0
3, 0
3, 0
3, 0
3, 0
3, 0
3, 0
3, 0
3, 0
3, 0
3, 0
3, 0
3, 0
3, 0
1, 0x798a0
0, 0x3d890
0, 0x798c0
2, 2
3, 0
3, 0
3, 0
3, 0
3, 0
3, 0
3, 0
3, 0
3, 0
3, 0
3, 0
3, 0
3, 0
3, 0
1, 0x798c0
0, 0x3d8b0
0, 0x798e0
2, 2
3, 0
3, 0
3, 0
3, 0
3, 0
3, 0
3, 0
3, 0
3, 0
3, 0
3, 0
3, 0
3, 0
3, 0
0, 0x3d8d0
0, 0x79900
0, 0x3d8f0
0, 0x79920
0, 0x3d910
0, 0x79940
0, 0x3d930
0, 0x79960
1, 0x798e0
0, 0x3d8d0
0, 0x79900
2, 2
3, 0
3, 0
3, 0
3, 0
3, 0
3, 0
3, 0
3, 0
3, 0
3, 0
3, 0
3, 0
3, 0
3, 0
1, 0x79900
0, 0x3d8f0
0, 0x79920
2, 2
3, 0
3, 0
3, 0
3, 0
3, 0
3, 0
3, 0
3, 0
3, 0
3, 0
3, 0
3, 0
3, 0
3, 0
1, 0x79920
0, 0x3d910
0, 0x79940
2, 2
3, 0
3, 0
3, 0
3, 0
3, 0
3, 0
3, 0
3, 0
3, 0
3, 0
3, 0
3, 0
3, 0
3, 0
1, 0x79940
0, 0x3d930
0, 0x79960
2, 2
3, 0
3, 0
3, 0
3, 0
3, 0
3, 0
3, 0
3, 0
3, 0
3, 0
3, 0
3, 0
3, 0
3, 0
0, 0x3d950
0, 0x79980
0, 0x3d970
0, 0x799a0
0, 0x3d990
0, 0x799c0
0, 0x3d9b0
0, 0x799e0
1, 0x79960
0, 0x3d950
0, 0x79980
2, 2
3, 0
3, 0
3, 0
3, 0
3, 0
3, 0
3, 0
3, 0
3, 0
3, 0
3, 0
3, 0
3, 0
3, 0
1, 0x79980
0, 0x3d970
0, 0x799a0
2, 2
3, 0
3, 0
3, 0
3, 0
3, 0
3, 0
3, 0
3, 0
3, 0
3, 0
3, 0
3, 0
3, 0
3, 0
1, 0x799a0
0, 0x3d990
0, 0x799c0
2, 2
3, 0
3, 0
3, 0
3, 0
3, 0
3, 0
3, 0
3, 0
3, 0
3, 0
3, 0
3, 0
3, 0
3, 0
1, 0x799c0
0, 0x3d9b0
0, 0x799e0
2, 2
3, 0
3, 0
3, 0
3, 0
3, 0
3, 0
3, 0
3, 0
3, 0
3, 0
3, 0
3, 0
3, 0
3, 0
0, 0x3d9d0
0, 0x79a00
0, 0x3d9f0
0, 0x79a20
0, 0x3da10
0, 0x79a40
0, 0x3da30
0, 0x79a60
1, 0x799e0
0, 0x3d9d0
0, 0x79a00
2, 2
3, 0
3, 0
3, 0
3, 0
3, 0
3, 0
3, 0
3, 0
3, 0
3, 0
3, 0
3, 0
3, 0
3, 0
1, 0x79a00
0, 0x3d9f0
0, 0x79a20
2, 2
3, 0
3, 0
3, 0
3, 0
3, 0
3, 0
3, 0
3, 0
3, 0
3, 0
3, 0
3, 0
3, 0
3, 0
1, 0x79a20
0, 0x3da10
0, 0x79a40
2, 2
3, 0
3, 0
3, 0
3, 0
3, 0
3, 0
3, 0
3, 0
3, 0
3, 0
3, 0
3, 0
3, 0
3, 0
1, 0x79a40
0, 0x3da30
0, 0x79a60
2, 2
3, 0
3, 0
3, 0
3, 0
3, 0
3, 0
3, 0
3, 0
3, 0
3, 0
3, 0
3, 0
3, 0
3, 0
0, 0x3da50
0, 0x79a80
0, 0x3da70
0, 0x79aa0
0, 0x3da90
0, 0x79ac0
0, 0x3dab0
0, 0x79ae0
1, 0x79a60
0, 0x3da50
0, 0x79a80
2, 2
3, 0
3, 0
3, 0
3, 0
3, 0
3, 0
3, 0
3, 0
3, 0
3, 0
3, 0
3, 0
3, 0
3, 0
1, 0x79a80
0, 0x3da70
0, 0x79aa0
2, 2
3, 0
3, 0
3, 0
3, 0
3, 0
3, 0
3, 0
3, 0
3, 0
3, 0
3, 0
3, 0
3, 0
3, 0
1, 0x79aa0
0, 0x3da90
0, 0x79ac0
2, 2
3, 0
3, 0
3, 0
3, 0
3, 0
3, 0
3, 0
3, 0
3, 0
3, 0
3, 0
3, 0
3, 0
3, 0
1, 0x79ac0
0, 0x3dab0
0, 0x79ae0
2, 2
3, 0
3, 0
3, 0
3, 0
3, 0
3, 0
3, 0
3, 0
3, 0
3, 0
3, 0
3, 0
3, 0
3, 0
0, 0x3dad0
0, 0x79b00
0, 0x3daf0
0, 0x79b20
0, 0x3db10
0, 0x79b40
0, 0x3db30
0, 0x79b60
1, 0x79ae0
0, 0x3dad0
0, 0x79b00
2, 2
3, 0
3, 0
3, 0
3, 0
3, 0
3, 0
3, 0
3, 0
3, 0
3, 0
3, 0
3, 0
3, 0
3, 0
1, 0x79b00
0, 0x3daf0
0, 0x79b20
2, 2
3, 0
3, 0
3, 0
3, 0
3, 0
3, 0
3, 0
3, 0
3, 0
3, 0
3, 0
3, 0
3, 0
3, 0
1, 0x79b20
0, 0x3db10
0, 0x79b40
2, 2
3, 0
3, 0
3, 0
3, 0
3, 0
3, 0
3, 0
3, 0
3, 0
3, 0
3, 0
3, 0
3, 0
3, 0
1, 0x79b40
0, 0x3db30
0, 0x79b60
2, 2
3, 0
3, 0
3, 0
3, 0
3, 0
3, 0
3, 0
3, 0
3, 0
3, 0
3, 0
3, 0
3, 0
3, 0
0, 0x3db50
0, 0x79b80
0, 0x3db70
0, 0x79ba0
0, 0x3db90
0, 0x79bc0
0, 0x3dbb0
0, 0x79be0
1, 0x79b60
0, 0x3db50
0, 0x79b80
2, 2
3, 0
3, 0
3, 0
3, 0
3, 0
3, 0
3, 0
3, 0
3, 0
3, 0
3, 0
3, 0
3, 0
3, 0
1, 0x79b80
0, 0x3db70
0, 0x79ba0
2, 2
3, 0
3, 0
3, 0
3, 0
3, 0
3, 0
3, 0
3, 0
3, 0
3, 0
3, 0
3, 0
3, 0
3, 0
1, 0x79ba0
0, 0x3db90
0, 0x79bc0
2, 2
3, 0
3, 0
3, 0
3, 0
3, 0
3, 0
3, 0
3, 0
3, 0
3, 0
3, 0
3, 0
3, 0
3, 0
1, 0x79bc0
0, 0x3dbb0
0, 0x79be0
2, 2
3, 0
3, 0
3, 0
3, 0
3, 0
3, 0
3, 0
3, 0
3, 0
3, 0
3, 0
3, 0
3, 0
3, 0
0, 0x3dbd0
0, 0x79c00
0, 0x3dbf0
0, 0x79c20
0, 0x3dc10
0, 0x79c40
0, 0x3dc30
0, 0x79c60
1, 0x79be0
0, 0x3dbd0
0, 0x79c00
2, 2
3, 0
3, 0
3, 0
3, 0
3, 0
3, 0
3, 0
3, 0
3, 0
3, 0
3, 0
3, 0
3, 0
3, 0
1, 0x79c00
0, 0x3dbf0
0, 0x79c20
2, 2
3, 0
3, 0
3, 0
3, 0
3, 0
3, 0
3, 0
3, 0
3, 0
3, 0
3, 0
3, 0
3, 0
3, 0
1, 0x79c20
0, 0x3dc10
0, 0x79c40
2, 2
3, 0
3, 0
3, 0
3, 0
3, 0
3, 0
3, 0
3, 0
3, 0
3, 0
3, 0
3, 0
3, 0
3, 0
1, 0x79c40
0, 0x3dc30
0, 0x79c60
2, 2
3, 0
3, 0
3, 0
3, 0
3, 0
3, 0
3, 0
3, 0
3, 0
3, 0
3, 0
3, 0
3, 0
3, 0
0, 0x3dc50
0, 0x79c80
0, 0x3dc70
0, 0x79ca0
0, 0x3dc90
0, 0x79cc0
0, 0x3dcb0
0, 0x79ce0
1, 0x79c60
0, 0x3dc50
0, 0x79c80
2, 2
3, 0
3, 0
3, 0
3, 0
3, 0
3, 0
3, 0
3, 0
3, 0
3, 0
3, 0
3, 0
3, 0
3, 0
1, 0x79c80
0, 0x3dc70
0, 0x79ca0
2, 2
3, 0
3, 0
3, 0
3, 0
3, 0
3, 0
3, 0
3, 0
3, 0
3, 0
3, 0
3, 0
3, 0
3, 0
1, 0x79ca0
0, 0x3dc90
0, 0x79cc0
2, 2
3, 0
3, 0
3, 0
3, 0
3, 0
3, 0
3, 0
3, 0
3, 0
3, 0
3, 0
3, 0
3, 0
3, 0
1, 0x79cc0
0, 0x3dcb0
0, 0x79ce0
2, 2
3, 0
3, 0
3, 0
3, 0
3, 0
3, 0
3, 0
3, 0
3, 0
3, 0
3, 0
3, 0
3, 0
3, 0
0, 0x3dcd0
0, 0x79d00
0, 0x3dcf0
0, 0x79d20
0, 0x3dd10
0, 0x79d40
0, 0x3dd30
0, 0x79d60
1, 0x79ce0
0, 0x3dcd0
0, 0x79d00
2, 2
3, 0
3, 0
3, 0
3, 0
3, 0
3, 0
3, 0
3, 0
3, 0
3, 0
3, 0
3, 0
3, 0
3, 0
1, 0x79d00
0, 0x3dcf0
0, 0x79d20
2, 2
3, 0
3, 0
3, 0
3, 0
3, 0
3, 0
3, 0
3, 0
3, 0
3, 0
3, 0
3, 0
3, 0
3, 0
1, 0x79d20
0, 0x3dd10
0, 0x79d40
2, 2
3, 0
3, 0
3, 0
3, 0
3, 0
3, 0
3, 0
3, 0
3, 0
3, 0
3, 0
3, 0
3, 0
3, 0
1, 0x79d40
0, 0x3dd30
0, 0x79d60
2, 2
3, 0
3, 0
3, 0
3, 0
3, 0
3, 0
3, 0
3, 0
3, 0
3, 0
3, 0
3, 0
3, 0
3, 0
0, 0x3dd50
0, 0x79d80
0, 0x3dd70
0, 0x79da0
0, 0x3dd90
0, 0x79dc0
0, 0x3ddb0
0, 0x79de0
1, 0x79d60
0, 0x3dd50
0, 0x79d80
2, 2
3, 0
3, 0
3, 0
3, 0
3, 0
3, 0
3, 0
3, 0
3, 0
3, 0
3, 0
3, 0
3, 0
3, 0
1, 0x79d80
0, 0x3dd70
0, 0x79da0
2, 2
3, 0
3, 0
3, 0
3, 0
3, 0
3, 0
3, 0
3, 0
3, 0
3, 0
3, 0
3, 0
3, 0
3, 0
1, 0x79da0
0, 0x3dd90
0, 0x79dc0
2, 2
3, 0
3, 0
3, 0
3, 0
3, 0
3, 0
3, 0
3, 0
3, 0
3, 0
3, 0
3, 0
3, 0
3, 0
1, 0x79dc0
0, 0x3ddb0
0, 0x79de0
2, 2
3, 0
3, 0
3, 0
3, 0
3, 0
3, 0
3, 0
3, 0
3, 0
3, 0
3, 0
3, 0
3, 0
3, 0
0, 0x3ddd0
0, 0x79e00
0, 0x3ddf0
0, 0x79e20
0, 0x3de10
0, 0x79e40
0, 0x3de30
0, 0x79e60
1, 0x79de0
0, 0x3ddd0
0, 0x79e00
2, 2
3, 0
3, 0
3, 0
3, 0
3, 0
3, 0
3, 0
3, 0
3, 0
3, 0
3, 0
3, 0
3, 0
3, 0
1, 0x79e00
0, 0x3ddf0
0, 0x79e20
2, 2
3, 0
3, 0
3, 0
3, 0
3, 0
3, 0
3, 0
3, 0
3, 0
3, 0
3, 0
3, 0
3, 0
3, 0
1, 0x79e20
0, 0x3de10
0, 0x79e40
2, 2
3, 0
3, 0
3, 0
3, 0
3, 0
3, 0
3, 0
3, 0
3, 0
3, 0
3, 0
3, 0
3, 0
3, 0
1, 0x79e40
0, 0x3de30
0, 0x79e60
2, 2
3, 0
3, 0
3, 0
3, 0
3, 0
3, 0
3, 0
3, 0
3, 0
3, 0
3, 0
3, 0
3, 0
3, 0
0, 0x3de50
0, 0x79e80
0, 0x3de70
0, 0x79ea0
0, 0x3de90
0, 0x79ec0
0, 0x3deb0
0, 0x79ee0
1, 0x79e60
0, 0x3de50
0, 0x79e80
2, 2
3, 0
3, 0
3, 0
3, 0
3, 0
3, 0
3, 0
3, 0
3, 0
3, 0
3, 0
3, 0
3, 0
3, 0
1, 0x79e80
0, 0x3de70
0, 0x79ea0
2, 2
3, 0
3, 0
3, 0
3, 0
3, 0
3, 0
3, 0
3, 0
3, 0
3, 0
3, 0
3, 0
3, 0
3, 0
1, 0x79ea0
0, 0x3de90
0, 0x79ec0
2, 2
3, 0
3, 0
3, 0
3, 0
3, 0
3, 0
3, 0
3, 0
3, 0
3, 0
3, 0
3, 0
3, 0
3, 0
1, 0x79ec0
0, 0x3deb0
0, 0x79ee0
2, 2
3, 0
3, 0
3, 0
3, 0
3, 0
3, 0
3, 0
3, 0
3, 0
3, 0
3, 0
3, 0
3, 0
3, 0
0, 0x3ded0
0, 0x79f00
0, 0x3def0
0, 0x79f20
0, 0x3df10
0, 0x79f40
0, 0x3df30
0, 0x79f60
1, 0x79ee0
0, 0x3ded0
0, 0x79f00
2, 2
3, 0
3, 0
3, 0
3, 0
3, 0
3, 0
3, 0
3, 0
3, 0
3, 0
3, 0
3, 0
3, 0
3, 0
1, 0x79f00
0, 0x3def0
0, 0x79f20
2, 2
3, 0
3, 0
3, 0
3, 0
3, 0
3, 0
3, 0
3, 0
3, 0
3, 0
3, 0
3, 0
3, 0
3, 0
1, 0x79f20
0, 0x3df10
0, 0x79f40
2, 2
3, 0
3, 0
3, 0
3, 0
3, 0
3, 0
3, 0
3, 0
3, 0
3, 0
3, 0
3, 0
3, 0
3, 0
1, 0x79f40
0, 0x3df30
0, 0x79f60
2, 2
3, 0
3, 0
3, 0
3, 0
3, 0
3, 0
3, 0
3, 0
3, 0
3, 0
3, 0
3, 0
3, 0
3, 0
0, 0x3df50
0, 0x79f80
0, 0x3df70
0, 0x79fa0
0, 0x3df90
0, 0x79fc0
0, 0x3dfb0
0, 0x79fe0
1, 0x79f60
0, 0x3df50
0, 0x79f80
2, 2
3, 0
3, 0
3, 0
3, 0
3, 0
3, 0
3, 0
3, 0
3, 0
3, 0
3, 0
3, 0
3, 0
3, 0
1, 0x79f80
0, 0x3df70
0, 0x79fa0
2, 2
3, 0
3, 0
3, 0
3, 0
3, 0
3, 0
3, 0
3, 0
3, 0
3, 0
3, 0
3, 0
3, 0
3, 0
1, 0x79fa0
0, 0x3df90
0, 0x79fc0
2, 2
3, 0
3, 0
3, 0
3, 0
3, 0
3, 0
3, 0
3, 0
3, 0
3, 0
3, 0
3, 0
3, 0
3, 0
1, 0x79fc0
0, 0x3dfb0
0, 0x79fe0
2, 2
3, 0
3, 0
3, 0
3, 0
3, 0
3, 0
3, 0
3, 0
3, 0
3, 0
3, 0
3, 0
3, 0
3, 0
0, 0x3dfd0
0, 0x7a000
0, 0x3dff0
0, 0x7a020
0, 0x3e010
0, 0x7a040
0, 0x3e030
0, 0x7a060
1, 0x79fe0
0, 0x3dfd0
0, 0x7a000
2, 2
3, 0
3, 0
3, 0
3, 0
3, 0
3, 0
3, 0
3, 0
3, 0
3, 0
3, 0
3, 0
3, 0
3, 0
1, 0x7a000
0, 0x3dff0
0, 0x7a020
2, 2
3, 0
3, 0
3, 0
3, 0
3, 0
3, 0
3, 0
3, 0
3, 0
3, 0
3, 0
3, 0
3, 0
3, 0
1, 0x7a020
0, 0x3e010
0, 0x7a040
2, 2
3, 0
3, 0
3, 0
3, 0
3, 0
3, 0
3, 0
3, 0
3, 0
3, 0
3, 0
3, 0
3, 0
3, 0
1, 0x7a040
0, 0x3e030
0, 0x7a060
2, 2
3, 0
3, 0
3, 0
3, 0
3, 0
3, 0
3, 0
3, 0
3, 0
3, 0
3, 0
3, 0
3, 0
3, 0
0, 0x3e050
0, 0x7a080
0, 0x3e070
0, 0x7a0a0
0, 0x3e090
0, 0x7a0c0
0, 0x3e0b0
0, 0x7a0e0
1, 0x7a060
0, 0x3e050
0, 0x7a080
2, 2
3, 0
3, 0
3, 0
3, 0
3, 0
3, 0
3, 0
3, 0
3, 0
3, 0
3, 0
3, 0
3, 0
3, 0
1, 0x7a080
0, 0x3e070
0, 0x7a0a0
2, 2
3, 0
3, 0
3, 0
3, 0
3, 0
3, 0
3, 0
3, 0
3, 0
3, 0
3, 0
3, 0
3, 0
3, 0
1, 0x7a0a0
0, 0x3e090
0, 0x7a0c0
2, 2
3, 0
3, 0
3, 0
3, 0
3, 0
3, 0
3, 0
3, 0
3, 0
3, 0
3, 0
3, 0
3, 0
3, 0
1, 0x7a0c0
0, 0x3e0b0
0, 0x7a0e0
2, 2
3, 0
3, 0
3, 0
3, 0
3, 0
3, 0
3, 0
3, 0
3, 0
3, 0
3, 0
3, 0
3, 0
3, 0
0, 0x3e0d0
0, 0x7a100
0, 0x3e0f0
0, 0x7a120
0, 0x3e110
0, 0x7a140
0, 0x3e130
0, 0x7a160
1, 0x7a0e0
0, 0x3e0d0
0, 0x7a100
2, 2
3, 0
3, 0
3, 0
3, 0
3, 0
3, 0
3, 0
3, 0
3, 0
3, 0
3, 0
3, 0
3, 0
3, 0
1, 0x7a100
0, 0x3e0f0
0, 0x7a120
2, 2
3, 0
3, 0
3, 0
3, 0
3, 0
3, 0
3, 0
3, 0
3, 0
3, 0
3, 0
3, 0
3, 0
3, 0
1, 0x7a120
0, 0x3e110
0, 0x7a140
2, 2
3, 0
3, 0
3, 0
3, 0
3, 0
3, 0
3, 0
3, 0
3, 0
3, 0
3, 0
3, 0
3, 0
3, 0
1, 0x7a140
0, 0x3e130
0, 0x7a160
2, 2
3, 0
3, 0
3, 0
3, 0
3, 0
3, 0
3, 0
3, 0
3, 0
3, 0
3, 0
3, 0
3, 0
3, 0
0, 0x3e150
0, 0x7a180
0, 0x3e170
0, 0x7a1a0
0, 0x3e190
0, 0x7a1c0
0, 0x3e1b0
0, 0x7a1e0
1, 0x7a160
0, 0x3e150
0, 0x7a180
2, 2
3, 0
3, 0
3, 0
3, 0
3, 0
3, 0
3, 0
3, 0
3, 0
3, 0
3, 0
3, 0
3, 0
3, 0
1, 0x7a180
0, 0x3e170
0, 0x7a1a0
2, 2
3, 0
3, 0
3, 0
3, 0
3, 0
3, 0
3, 0
3, 0
3, 0
3, 0
3, 0
3, 0
3, 0
3, 0
1, 0x7a1a0
0, 0x3e190
0, 0x7a1c0
2, 2
3, 0
3, 0
3, 0
3, 0
3, 0
3, 0
3, 0
3, 0
3, 0
3, 0
3, 0
3, 0
3, 0
3, 0
1, 0x7a1c0
0, 0x3e1b0
0, 0x7a1e0
2, 2
3, 0
3, 0
3, 0
3, 0
3, 0
3, 0
3, 0
3, 0
3, 0
3, 0
3, 0
3, 0
3, 0
3, 0
0, 0x3e1d0
0, 0x7a200
0, 0x3e1f0
0, 0x7a220
0, 0x3e210
0, 0x7a240
0, 0x3e230
0, 0x7a260
1, 0x7a1e0
0, 0x3e1d0
0, 0x7a200
2, 2
3, 0
3, 0
3, 0
3, 0
3, 0
3, 0
3, 0
3, 0
3, 0
3, 0
3, 0
3, 0
3, 0
3, 0
1, 0x7a200
0, 0x3e1f0
0, 0x7a220
2, 2
3, 0
3, 0
3, 0
3, 0
3, 0
3, 0
3, 0
3, 0
3, 0
3, 0
3, 0
3, 0
3, 0
3, 0
1, 0x7a220
0, 0x3e210
0, 0x7a240
2, 2
3, 0
3, 0
3, 0
3, 0
3, 0
3, 0
3, 0
3, 0
3, 0
3, 0
3, 0
3, 0
3, 0
3, 0
1, 0x7a240
0, 0x3e230
0, 0x7a260
2, 2
3, 0
3, 0
3, 0
3, 0
3, 0
3, 0
3, 0
3, 0
3, 0
3, 0
3, 0
3, 0
3, 0
3, 0
0, 0x3e250
0, 0x7a280
0, 0x3e270
0, 0x7a2a0
0, 0x3e290
0, 0x7a2c0
0, 0x3e2b0
0, 0x7a2e0
1, 0x7a260
0, 0x3e250
0, 0x7a280
2, 2
3, 0
3, 0
3, 0
3, 0
3, 0
3, 0
3, 0
3, 0
3, 0
3, 0
3, 0
3, 0
3, 0
3, 0
1, 0x7a280
0, 0x3e270
0, 0x7a2a0
2, 2
3, 0
3, 0
3, 0
3, 0
3, 0
3, 0
3, 0
3, 0
3, 0
3, 0
3, 0
3, 0
3, 0
3, 0
1, 0x7a2a0
0, 0x3e290
0, 0x7a2c0
2, 2
3, 0
3, 0
3, 0
3, 0
3, 0
3, 0
3, 0
3, 0
3, 0
3, 0
3, 0
3, 0
3, 0
3, 0
1, 0x7a2c0
0, 0x3e2b0
0, 0x7a2e0
2, 2
3, 0
3, 0
3, 0
3, 0
3, 0
3, 0
3, 0
3, 0
3, 0
3, 0
3, 0
3, 0
3, 0
3, 0
0, 0x3e2d0
0, 0x7a300
0, 0x3e2f0
0, 0x7a320
0, 0x3e310
0, 0x7a340
0, 0x3e330
0, 0x7a360
1, 0x7a2e0
0, 0x3e2d0
0, 0x7a300
2, 2
3, 0
3, 0
3, 0
3, 0
3, 0
3, 0
3, 0
3, 0
3, 0
3, 0
3, 0
3, 0
3, 0
3, 0
1, 0x7a300
0, 0x3e2f0
0, 0x7a320
2, 2
3, 0
3, 0
3, 0
3, 0
3, 0
3, 0
3, 0
3, 0
3, 0
3, 0
3, 0
3, 0
3, 0
3, 0
1, 0x7a320
0, 0x3e310
0, 0x7a340
2, 2
3, 0
3, 0
3, 0
3, 0
3, 0
3, 0
3, 0
3, 0
3, 0
3, 0
3, 0
3, 0
3, 0
3, 0
1, 0x7a340
0, 0x3e330
0, 0x7a360
2, 2
3, 0
3, 0
3, 0
3, 0
3, 0
3, 0
3, 0
3, 0
3, 0
3, 0
3, 0
3, 0
3, 0
3, 0
0, 0x3e350
0, 0x7a380
0, 0x3e370
0, 0x7a3a0
0, 0x3e390
0, 0x7a3c0
0, 0x3e3b0
0, 0x7a3e0
1, 0x7a360
0, 0x3e350
0, 0x7a380
2, 2
3, 0
3, 0
3, 0
3, 0
3, 0
3, 0
3, 0
3, 0
3, 0
3, 0
3, 0
3, 0
3, 0
3, 0
1, 0x7a380
0, 0x3e370
0, 0x7a3a0
2, 2
3, 0
3, 0
3, 0
3, 0
3, 0
3, 0
3, 0
3, 0
3, 0
3, 0
3, 0
3, 0
3, 0
3, 0
1, 0x7a3a0
0, 0x3e390
0, 0x7a3c0
2, 2
3, 0
3, 0
3, 0
3, 0
3, 0
3, 0
3, 0
3, 0
3, 0
3, 0
3, 0
3, 0
3, 0
3, 0
1, 0x7a3c0
0, 0x3e3b0
0, 0x7a3e0
2, 2
3, 0
3, 0
3, 0
3, 0
3, 0
3, 0
3, 0
3, 0
3, 0
3, 0
3, 0
3, 0
3, 0
3, 0
0, 0x3e3d0
0, 0x7a400
0, 0x3e3f0
0, 0x7a420
0, 0x3e410
0, 0x7a440
0, 0x3e430
0, 0x7a460
1, 0x7a3e0
0, 0x3e3d0
0, 0x7a400
2, 2
3, 0
3, 0
3, 0
3, 0
3, 0
3, 0
3, 0
3, 0
3, 0
3, 0
3, 0
3, 0
3, 0
3, 0
1, 0x7a400
0, 0x3e3f0
0, 0x7a420
2, 2
3, 0
3, 0
3, 0
3, 0
3, 0
3, 0
3, 0
3, 0
3, 0
3, 0
3, 0
3, 0
3, 0
3, 0
1, 0x7a420
0, 0x3e410
0, 0x7a440
2, 2
3, 0
3, 0
3, 0
3, 0
3, 0
3, 0
3, 0
3, 0
3, 0
3, 0
3, 0
3, 0
3, 0
3, 0
1, 0x7a440
0, 0x3e430
0, 0x7a460
2, 2
3, 0
3, 0
3, 0
3, 0
3, 0
3, 0
3, 0
3, 0
3, 0
3, 0
3, 0
3, 0
3, 0
3, 0
0, 0x3e450
0, 0x7a480
0, 0x3e470
0, 0x7a4a0
0, 0x3e490
0, 0x7a4c0
0, 0x3e4b0
0, 0x7a4e0
1, 0x7a460
0, 0x3e450
0, 0x7a480
2, 2
3, 0
3, 0
3, 0
3, 0
3, 0
3, 0
3, 0
3, 0
3, 0
3, 0
3, 0
3, 0
3, 0
3, 0
1, 0x7a480
0, 0x3e470
0, 0x7a4a0
2, 2
3, 0
3, 0
3, 0
3, 0
3, 0
3, 0
3, 0
3, 0
3, 0
3, 0
3, 0
3, 0
3, 0
3, 0
1, 0x7a4a0
0, 0x3e490
0, 0x7a4c0
2, 2
3, 0
3, 0
3, 0
3, 0
3, 0
3, 0
3, 0
3, 0
3, 0
3, 0
3, 0
3, 0
3, 0
3, 0
1, 0x7a4c0
0, 0x3e4b0
0, 0x7a4e0
2, 2
3, 0
3, 0
3, 0
3, 0
3, 0
3, 0
3, 0
3, 0
3, 0
3, 0
3, 0
3, 0
3, 0
3, 0
0, 0x3e4d0
0, 0x7a500
0, 0x3e4f0
0, 0x7a520
0, 0x3e510
0, 0x7a540
0, 0x3e530
0, 0x7a560
1, 0x7a4e0
0, 0x3e4d0
0, 0x7a500
2, 2
3, 0
3, 0
3, 0
3, 0
3, 0
3, 0
3, 0
3, 0
3, 0
3, 0
3, 0
3, 0
3, 0
3, 0
1, 0x7a500
0, 0x3e4f0
0, 0x7a520
2, 2
3, 0
3, 0
3, 0
3, 0
3, 0
3, 0
3, 0
3, 0
3, 0
3, 0
3, 0
3, 0
3, 0
3, 0
1, 0x7a520
0, 0x3e510
0, 0x7a540
2, 2
3, 0
3, 0
3, 0
3, 0
3, 0
3, 0
3, 0
3, 0
3, 0
3, 0
3, 0
3, 0
3, 0
3, 0
1, 0x7a540
0, 0x3e530
0, 0x7a560
2, 2
3, 0
3, 0
3, 0
3, 0
3, 0
3, 0
3, 0
3, 0
3, 0
3, 0
3, 0
3, 0
3, 0
3, 0
0, 0x3e550
0, 0x7a580
0, 0x3e570
0, 0x7a5a0
0, 0x3e590
0, 0x7a5c0
0, 0x3e5b0
0, 0x7a5e0
1, 0x7a560
0, 0x3e550
0, 0x7a580
2, 2
3, 0
3, 0
3, 0
3, 0
3, 0
3, 0
3, 0
3, 0
3, 0
3, 0
3, 0
3, 0
3, 0
3, 0
1, 0x7a580
0, 0x3e570
0, 0x7a5a0
2, 2
3, 0
3, 0
3, 0
3, 0
3, 0
3, 0
3, 0
3, 0
3, 0
3, 0
3, 0
3, 0
3, 0
3, 0
1, 0x7a5a0
0, 0x3e590
0, 0x7a5c0
2, 2
3, 0
3, 0
3, 0
3, 0
3, 0
3, 0
3, 0
3, 0
3, 0
3, 0
3, 0
3, 0
3, 0
3, 0
1, 0x7a5c0
0, 0x3e5b0
0, 0x7a5e0
2, 2
3, 0
3, 0
3, 0
3, 0
3, 0
3, 0
3, 0
3, 0
3, 0
3, 0
3, 0
3, 0
3, 0
3, 0
0, 0x3e5d0
0, 0x7a600
0, 0x3e5f0
0, 0x7a620
0, 0x3e610
0, 0x7a640
0, 0x3e630
0, 0x7a660
1, 0x7a5e0
0, 0x3e5d0
0, 0x7a600
2, 2
3, 0
3, 0
3, 0
3, 0
3, 0
3, 0
3, 0
3, 0
3, 0
3, 0
3, 0
3, 0
3, 0
3, 0
1, 0x7a600
0, 0x3e5f0
0, 0x7a620
2, 2
3, 0
3, 0
3, 0
3, 0
3, 0
3, 0
3, 0
3, 0
3, 0
3, 0
3, 0
3, 0
3, 0
3, 0
1, 0x7a620
0, 0x3e610
0, 0x7a640
2, 2
3, 0
3, 0
3, 0
3, 0
3, 0
3, 0
3, 0
3, 0
3, 0
3, 0
3, 0
3, 0
3, 0
3, 0
1, 0x7a640
0, 0x3e630
0, 0x7a660
2, 2
3, 0
3, 0
3, 0
3, 0
3, 0
3, 0
3, 0
3, 0
3, 0
3, 0
3, 0
3, 0
3, 0
3, 0
0, 0x3e650
0, 0x7a680
0, 0x3e670
0, 0x7a6a0
0, 0x3e690
0, 0x7a6c0
0, 0x3e6b0
0, 0x7a6e0
1, 0x7a660
0, 0x3e650
0, 0x7a680
2, 2
3, 0
3, 0
3, 0
3, 0
3, 0
3, 0
3, 0
3, 0
3, 0
3, 0
3, 0
3, 0
3, 0
3, 0
1, 0x7a680
0, 0x3e670
0, 0x7a6a0
2, 2
3, 0
3, 0
3, 0
3, 0
3, 0
3, 0
3, 0
3, 0
3, 0
3, 0
3, 0
3, 0
3, 0
3, 0
1, 0x7a6a0
0, 0x3e690
0, 0x7a6c0
2, 2
3, 0
3, 0
3, 0
3, 0
3, 0
3, 0
3, 0
3, 0
3, 0
3, 0
3, 0
3, 0
3, 0
3, 0
1, 0x7a6c0
0, 0x3e6b0
0, 0x7a6e0
2, 2
3, 0
3, 0
3, 0
3, 0
3, 0
3, 0
3, 0
3, 0
3, 0
3, 0
3, 0
3, 0
3, 0
3, 0
0, 0x3e6d0
0, 0x7a700
0, 0x3e6f0
0, 0x7a720
0, 0x3e710
0, 0x7a740
0, 0x3e730
0, 0x7a760
1, 0x7a6e0
0, 0x3e6d0
0, 0x7a700
2, 2
3, 0
3, 0
3, 0
3, 0
3, 0
3, 0
3, 0
3, 0
3, 0
3, 0
3, 0
3, 0
3, 0
3, 0
1, 0x7a700
0, 0x3e6f0
0, 0x7a720
2, 2
3, 0
3, 0
3, 0
3, 0
3, 0
3, 0
3, 0
3, 0
3, 0
3, 0
3, 0
3, 0
3, 0
3, 0
1, 0x7a720
0, 0x3e710
0, 0x7a740
2, 2
3, 0
3, 0
3, 0
3, 0
3, 0
3, 0
3, 0
3, 0
3, 0
3, 0
3, 0
3, 0
3, 0
3, 0
1, 0x7a740
0, 0x3e730
0, 0x7a760
2, 2
3, 0
3, 0
3, 0
3, 0
3, 0
3, 0
3, 0
3, 0
3, 0
3, 0
3, 0
3, 0
3, 0
3, 0
0, 0x3e750
0, 0x7a780
0, 0x3e770
0, 0x7a7a0
0, 0x3e790
0, 0x7a7c0
0, 0x3e7b0
0, 0x7a7e0
1, 0x7a760
0, 0x3e750
0, 0x7a780
2, 2
3, 0
3, 0
3, 0
3, 0
3, 0
3, 0
3, 0
3, 0
3, 0
3, 0
3, 0
3, 0
3, 0
3, 0
1, 0x7a780
0, 0x3e770
0, 0x7a7a0
2, 2
3, 0
3, 0
3, 0
3, 0
3, 0
3, 0
3, 0
3, 0
3, 0
3, 0
3, 0
3, 0
3, 0
3, 0
1, 0x7a7a0
0, 0x3e790
0, 0x7a7c0
2, 2
3, 0
3, 0
3, 0
3, 0
3, 0
3, 0
3, 0
3, 0
3, 0
3, 0
3, 0
3, 0
3, 0
3, 0
1, 0x7a7c0
0, 0x3e7b0
0, 0x7a7e0
2, 2
3, 0
3, 0
3, 0
3, 0
3, 0
3, 0
3, 0
3, 0
3, 0
3, 0
3, 0
3, 0
3, 0
3, 0
0, 0x3e7d0
0, 0x7a800
0, 0x3e7f0
0, 0x7a820
0, 0x3e810
0, 0x7a840
0, 0x3e830
0, 0x7a860
1, 0x7a7e0
0, 0x3e7d0
0, 0x7a800
2, 2
3, 0
3, 0
3, 0
3, 0
3, 0
3, 0
3, 0
3, 0
3, 0
3, 0
3, 0
3, 0
3, 0
3, 0
1, 0x7a800
0, 0x3e7f0
0, 0x7a820
2, 2
3, 0
3, 0
3, 0
3, 0
3, 0
3, 0
3, 0
3, 0
3, 0
3, 0
3, 0
3, 0
3, 0
3, 0
1, 0x7a820
0, 0x3e810
0, 0x7a840
2, 2
3, 0
3, 0
3, 0
3, 0
3, 0
3, 0
3, 0
3, 0
3, 0
3, 0
3, 0
3, 0
3, 0
3, 0
1, 0x7a840
0, 0x3e830
0, 0x7a860
2, 2
3, 0
3, 0
3, 0
3, 0
3, 0
3, 0
3, 0
3, 0
3, 0
3, 0
3, 0
3, 0
3, 0
3, 0
0, 0x3e850
0, 0x7a880
0, 0x3e870
0, 0x7a8a0
0, 0x3e890
0, 0x7a8c0
0, 0x3e8b0
0, 0x7a8e0
1, 0x7a860
0, 0x3e850
0, 0x7a880
2, 2
3, 0
3, 0
3, 0
3, 0
3, 0
3, 0
3, 0
3, 0
3, 0
3, 0
3, 0
3, 0
3, 0
3, 0
1, 0x7a880
0, 0x3e870
0, 0x7a8a0
2, 2
3, 0
3, 0
3, 0
3, 0
3, 0
3, 0
3, 0
3, 0
3, 0
3, 0
3, 0
3, 0
3, 0
3, 0
1, 0x7a8a0
0, 0x3e890
0, 0x7a8c0
2, 2
3, 0
3, 0
3, 0
3, 0
3, 0
3, 0
3, 0
3, 0
3, 0
3, 0
3, 0
3, 0
3, 0
3, 0
1, 0x7a8c0
0, 0x3e8b0
0, 0x7a8e0
2, 2
3, 0
3, 0
3, 0
3, 0
3, 0
3, 0
3, 0
3, 0
3, 0
3, 0
3, 0
3, 0
3, 0
3, 0
0, 0x3e8d0
0, 0x7a900
0, 0x3e8f0
0, 0x7a920
0, 0x3e910
0, 0x7a940
0, 0x3e930
0, 0x7a960
1, 0x7a8e0
0, 0x3e8d0
0, 0x7a900
2, 2
3, 0
3, 0
3, 0
3, 0
3, 0
3, 0
3, 0
3, 0
3, 0
3, 0
3, 0
3, 0
3, 0
3, 0
1, 0x7a900
0, 0x3e8f0
0, 0x7a920
2, 2
3, 0
3, 0
3, 0
3, 0
3, 0
3, 0
3, 0
3, 0
3, 0
3, 0
3, 0
3, 0
3, 0
3, 0
1, 0x7a920
0, 0x3e910
0, 0x7a940
2, 2
3, 0
3, 0
3, 0
3, 0
3, 0
3, 0
3, 0
3, 0
3, 0
3, 0
3, 0
3, 0
3, 0
3, 0
1, 0x7a940
0, 0x3e930
0, 0x7a960
2, 2
3, 0
3, 0
3, 0
3, 0
3, 0
3, 0
3, 0
3, 0
3, 0
3, 0
3, 0
3, 0
3, 0
3, 0
0, 0x3e950
0, 0x7a980
0, 0x3e970
0, 0x7a9a0
0, 0x3e990
0, 0x7a9c0
0, 0x3e9b0
0, 0x7a9e0
1, 0x7a960
0, 0x3e950
0, 0x7a980
2, 2
3, 0
3, 0
3, 0
3, 0
3, 0
3, 0
3, 0
3, 0
3, 0
3, 0
3, 0
3, 0
3, 0
3, 0
1, 0x7a980
0, 0x3e970
0, 0x7a9a0
2, 2
3, 0
3, 0
3, 0
3, 0
3, 0
3, 0
3, 0
3, 0
3, 0
3, 0
3, 0
3, 0
3, 0
3, 0
1, 0x7a9a0
0, 0x3e990
0, 0x7a9c0
2, 2
3, 0
3, 0
3, 0
3, 0
3, 0
3, 0
3, 0
3, 0
3, 0
3, 0
3, 0
3, 0
3, 0
3, 0
1, 0x7a9c0
0, 0x3e9b0
0, 0x7a9e0
2, 2
3, 0
3, 0
3, 0
3, 0
3, 0
3, 0
3, 0
3, 0
3, 0
3, 0
3, 0
3, 0
3, 0
3, 0
0, 0x3e9d0
0, 0x7aa00
0, 0x3e9f0
0, 0x7aa20
0, 0x3ea10
0, 0x7aa40
0, 0x3ea30
0, 0x7aa60
1, 0x7a9e0
0, 0x3e9d0
0, 0x7aa00
2, 2
3, 0
3, 0
3, 0
3, 0
3, 0
3, 0
3, 0
3, 0
3, 0
3, 0
3, 0
3, 0
3, 0
3, 0
1, 0x7aa00
0, 0x3e9f0
0, 0x7aa20
2, 2
3, 0
3, 0
3, 0
3, 0
3, 0
3, 0
3, 0
3, 0
3, 0
3, 0
3, 0
3, 0
3, 0
3, 0
1, 0x7aa20
0, 0x3ea10
0, 0x7aa40
2, 2
3, 0
3, 0
3, 0
3, 0
3, 0
3, 0
3, 0
3, 0
3, 0
3, 0
3, 0
3, 0
3, 0
3, 0
1, 0x7aa40
0, 0x3ea30
0, 0x7aa60
2, 2
3, 0
3, 0
3, 0
3, 0
3, 0
3, 0
3, 0
3, 0
3, 0
3, 0
3, 0
3, 0
3, 0
3, 0
0, 0x3ea50
0, 0x7aa80
0, 0x3ea70
0, 0x7aaa0
0, 0x3ea90
0, 0x7aac0
0, 0x3eab0
0, 0x7aae0
1, 0x7aa60
0, 0x3ea50
0, 0x7aa80
2, 2
3, 0
3, 0
3, 0
3, 0
3, 0
3, 0
3, 0
3, 0
3, 0
3, 0
3, 0
3, 0
3, 0
3, 0
1, 0x7aa80
0, 0x3ea70
0, 0x7aaa0
2, 2
3, 0
3, 0
3, 0
3, 0
3, 0
3, 0
3, 0
3, 0
3, 0
3, 0
3, 0
3, 0
3, 0
3, 0
1, 0x7aaa0
0, 0x3ea90
0, 0x7aac0
2, 2
3, 0
3, 0
3, 0
3, 0
3, 0
3, 0
3, 0
3, 0
3, 0
3, 0
3, 0
3, 0
3, 0
3, 0
1, 0x7aac0
0, 0x3eab0
0, 0x7aae0
2, 2
3, 0
3, 0
3, 0
3, 0
3, 0
3, 0
3, 0
3, 0
3, 0
3, 0
3, 0
3, 0
3, 0
3, 0
0, 0x3ead0
0, 0x7ab00
0, 0x3eaf0
0, 0x7ab20
0, 0x3eb10
0, 0x7ab40
0, 0x3eb30
0, 0x7ab60
1, 0x7aae0
0, 0x3ead0
0, 0x7ab00
2, 2
3, 0
3, 0
3, 0
3, 0
3, 0
3, 0
3, 0
3, 0
3, 0
3, 0
3, 0
3, 0
3, 0
3, 0
1, 0x7ab00
0, 0x3eaf0
0, 0x7ab20
2, 2
3, 0
3, 0
3, 0
3, 0
3, 0
3, 0
3, 0
3, 0
3, 0
3, 0
3, 0
3, 0
3, 0
3, 0
1, 0x7ab20
0, 0x3eb10
0, 0x7ab40
2, 2
3, 0
3, 0
3, 0
3, 0
3, 0
3, 0
3, 0
3, 0
3, 0
3, 0
3, 0
3, 0
3, 0
3, 0
1, 0x7ab40
0, 0x3eb30
0, 0x7ab60
2, 2
3, 0
3, 0
3, 0
3, 0
3, 0
3, 0
3, 0
3, 0
3, 0
3, 0
3, 0
3, 0
3, 0
3, 0
0, 0x3eb50
0, 0x7ab80
0, 0x3eb70
0, 0x7aba0
0, 0x3eb90
0, 0x7abc0
0, 0x3ebb0
0, 0x7abe0
1, 0x7ab60
0, 0x3eb50
0, 0x7ab80
2, 2
3, 0
3, 0
3, 0
3, 0
3, 0
3, 0
3, 0
3, 0
3, 0
3, 0
3, 0
3, 0
3, 0
3, 0
1, 0x7ab80
0, 0x3eb70
0, 0x7aba0
2, 2
3, 0
3, 0
3, 0
3, 0
3, 0
3, 0
3, 0
3, 0
3, 0
3, 0
3, 0
3, 0
3, 0
3, 0
1, 0x7aba0
0, 0x3eb90
0, 0x7abc0
2, 2
3, 0
3, 0
3, 0
3, 0
3, 0
3, 0
3, 0
3, 0
3, 0
3, 0
3, 0
3, 0
3, 0
3, 0
1, 0x7abc0
0, 0x3ebb0
0, 0x7abe0
2, 2
3, 0
3, 0
3, 0
3, 0
3, 0
3, 0
3, 0
3, 0
3, 0
3, 0
3, 0
3, 0
3, 0
3, 0
0, 0x3ebd0
0, 0x7ac00
0, 0x3ebf0
0, 0x7ac20
0, 0x3ec10
0, 0x7ac40
0, 0x3ec30
0, 0x7ac60
1, 0x7abe0
0, 0x3ebd0
0, 0x7ac00
2, 2
3, 0
3, 0
3, 0
3, 0
3, 0
3, 0
3, 0
3, 0
3, 0
3, 0
3, 0
3, 0
3, 0
3, 0
1, 0x7ac00
0, 0x3ebf0
0, 0x7ac20
2, 2
3, 0
3, 0
3, 0
3, 0
3, 0
3, 0
3, 0
3, 0
3, 0
3, 0
3, 0
3, 0
3, 0
3, 0
1, 0x7ac20
0, 0x3ec10
0, 0x7ac40
2, 2
3, 0
3, 0
3, 0
3, 0
3, 0
3, 0
3, 0
3, 0
3, 0
3, 0
3, 0
3, 0
3, 0
3, 0
1, 0x7ac40
0, 0x3ec30
0, 0x7ac60
2, 2
3, 0
3, 0
3, 0
3, 0
3, 0
3, 0
3, 0
3, 0
3, 0
3, 0
3, 0
3, 0
3, 0
3, 0
0, 0x3ec50
0, 0x7ac80
0, 0x3ec70
0, 0x7aca0
0, 0x3ec90
0, 0x7acc0
0, 0x3ecb0
0, 0x7ace0
1, 0x7ac60
0, 0x3ec50
0, 0x7ac80
2, 2
3, 0
3, 0
3, 0
3, 0
3, 0
3, 0
3, 0
3, 0
3, 0
3, 0
3, 0
3, 0
3, 0
3, 0
1, 0x7ac80
0, 0x3ec70
0, 0x7aca0
2, 2
3, 0
3, 0
3, 0
3, 0
3, 0
3, 0
3, 0
3, 0
3, 0
3, 0
3, 0
3, 0
3, 0
3, 0
1, 0x7aca0
0, 0x3ec90
0, 0x7acc0
2, 2
3, 0
3, 0
3, 0
3, 0
3, 0
3, 0
3, 0
3, 0
3, 0
3, 0
3, 0
3, 0
3, 0
3, 0
1, 0x7acc0
0, 0x3ecb0
0, 0x7ace0
2, 2
3, 0
3, 0
3, 0
3, 0
3, 0
3, 0
3, 0
3, 0
3, 0
3, 0
3, 0
3, 0
3, 0
3, 0
0, 0x3ecd0
0, 0x7ad00
0, 0x3ecf0
0, 0x7ad20
0, 0x3ed10
0, 0x7ad40
0, 0x3ed30
0, 0x7ad60
1, 0x7ace0
0, 0x3ecd0
0, 0x7ad00
2, 2
3, 0
3, 0
3, 0
3, 0
3, 0
3, 0
3, 0
3, 0
3, 0
3, 0
3, 0
3, 0
3, 0
3, 0
1, 0x7ad00
0, 0x3ecf0
0, 0x7ad20
2, 2
3, 0
3, 0
3, 0
3, 0
3, 0
3, 0
3, 0
3, 0
3, 0
3, 0
3, 0
3, 0
3, 0
3, 0
1, 0x7ad20
0, 0x3ed10
0, 0x7ad40
2, 2
3, 0
3, 0
3, 0
3, 0
3, 0
3, 0
3, 0
3, 0
3, 0
3, 0
3, 0
3, 0
3, 0
3, 0
1, 0x7ad40
0, 0x3ed30
0, 0x7ad60
2, 2
3, 0
3, 0
3, 0
3, 0
3, 0
3, 0
3, 0
3, 0
3, 0
3, 0
3, 0
3, 0
3, 0
3, 0
0, 0x3ed50
0, 0x7ad80
0, 0x3ed70
0, 0x7ada0
0, 0x3ed90
0, 0x7adc0
0, 0x3edb0
0, 0x7ade0
1, 0x7ad60
0, 0x3ed50
0, 0x7ad80
2, 2
3, 0
3, 0
3, 0
3, 0
3, 0
3, 0
3, 0
3, 0
3, 0
3, 0
3, 0
3, 0
3, 0
3, 0
1, 0x7ad80
0, 0x3ed70
0, 0x7ada0
2, 2
3, 0
3, 0
3, 0
3, 0
3, 0
3, 0
3, 0
3, 0
3, 0
3, 0
3, 0
3, 0
3, 0
3, 0
1, 0x7ada0
0, 0x3ed90
0, 0x7adc0
2, 2
3, 0
3, 0
3, 0
3, 0
3, 0
3, 0
3, 0
3, 0
3, 0
3, 0
3, 0
3, 0
3, 0
3, 0
1, 0x7adc0
0, 0x3edb0
0, 0x7ade0
2, 2
3, 0
3, 0
3, 0
3, 0
3, 0
3, 0
3, 0
3, 0
3, 0
3, 0
3, 0
3, 0
3, 0
3, 0
0, 0x3edd0
0, 0x7ae00
0, 0x3edf0
0, 0x7ae20
0, 0x3ee10
0, 0x7ae40
0, 0x3ee30
0, 0x7ae60
1, 0x7ade0
0, 0x3edd0
0, 0x7ae00
2, 2
3, 0
3, 0
3, 0
3, 0
3, 0
3, 0
3, 0
3, 0
3, 0
3, 0
3, 0
3, 0
3, 0
3, 0
1, 0x7ae00
0, 0x3edf0
0, 0x7ae20
2, 2
3, 0
3, 0
3, 0
3, 0
3, 0
3, 0
3, 0
3, 0
3, 0
3, 0
3, 0
3, 0
3, 0
3, 0
1, 0x7ae20
0, 0x3ee10
0, 0x7ae40
2, 2
3, 0
3, 0
3, 0
3, 0
3, 0
3, 0
3, 0
3, 0
3, 0
3, 0
3, 0
3, 0
3, 0
3, 0
1, 0x7ae40
0, 0x3ee30
0, 0x7ae60
2, 2
3, 0
3, 0
3, 0
3, 0
3, 0
3, 0
3, 0
3, 0
3, 0
3, 0
3, 0
3, 0
3, 0
3, 0
0, 0x3ee50
0, 0x7ae80
0, 0x3ee70
0, 0x7aea0
0, 0x3ee90
0, 0x7aec0
0, 0x3eeb0
0, 0x7aee0
1, 0x7ae60
0, 0x3ee50
0, 0x7ae80
2, 2
3, 0
3, 0
3, 0
3, 0
3, 0
3, 0
3, 0
3, 0
3, 0
3, 0
3, 0
3, 0
3, 0
3, 0
1, 0x7ae80
0, 0x3ee70
0, 0x7aea0
2, 2
3, 0
3, 0
3, 0
3, 0
3, 0
3, 0
3, 0
3, 0
3, 0
3, 0
3, 0
3, 0
3, 0
3, 0
1, 0x7aea0
0, 0x3ee90
0, 0x7aec0
2, 2
3, 0
3, 0
3, 0
3, 0
3, 0
3, 0
3, 0
3, 0
3, 0
3, 0
3, 0
3, 0
3, 0
3, 0
1, 0x7aec0
0, 0x3eeb0
0, 0x7aee0
2, 2
3, 0
3, 0
3, 0
3, 0
3, 0
3, 0
3, 0
3, 0
3, 0
3, 0
3, 0
3, 0
3, 0
3, 0
0, 0x3eed0
0, 0x7af00
0, 0x3eef0
0, 0x7af20
0, 0x3ef10
0, 0x7af40
0, 0x3ef30
0, 0x7af60
1, 0x7aee0
0, 0x3eed0
0, 0x7af00
2, 2
3, 0
3, 0
3, 0
3, 0
3, 0
3, 0
3, 0
3, 0
3, 0
3, 0
3, 0
3, 0
3, 0
3, 0
1, 0x7af00
0, 0x3eef0
0, 0x7af20
2, 2
3, 0
3, 0
3, 0
3, 0
3, 0
3, 0
3, 0
3, 0
3, 0
3, 0
3, 0
3, 0
3, 0
3, 0
1, 0x7af20
0, 0x3ef10
0, 0x7af40
2, 2
3, 0
3, 0
3, 0
3, 0
3, 0
3, 0
3, 0
3, 0
3, 0
3, 0
3, 0
3, 0
3, 0
3, 0
1, 0x7af40
0, 0x3ef30
0, 0x7af60
2, 2
3, 0
3, 0
3, 0
3, 0
3, 0
3, 0
3, 0
3, 0
3, 0
3, 0
3, 0
3, 0
3, 0
3, 0
0, 0x3ef50
0, 0x7af80
0, 0x3ef70
0, 0x7afa0
0, 0x3ef90
0, 0x7afc0
0, 0x3efb0
0, 0x7afe0
1, 0x7af60
0, 0x3ef50
0, 0x7af80
2, 2
3, 0
3, 0
3, 0
3, 0
3, 0
3, 0
3, 0
3, 0
3, 0
3, 0
3, 0
3, 0
3, 0
3, 0
1, 0x7af80
0, 0x3ef70
0, 0x7afa0
2, 2
3, 0
3, 0
3, 0
3, 0
3, 0
3, 0
3, 0
3, 0
3, 0
3, 0
3, 0
3, 0
3, 0
3, 0
1, 0x7afa0
0, 0x3ef90
0, 0x7afc0
2, 2
3, 0
3, 0
3, 0
3, 0
3, 0
3, 0
3, 0
3, 0
3, 0
3, 0
3, 0
3, 0
3, 0
3, 0
1, 0x7afc0
0, 0x3efb0
0, 0x7afe0
2, 2
3, 0
3, 0
3, 0
3, 0
3, 0
3, 0
3, 0
3, 0
3, 0
3, 0
3, 0
3, 0
3, 0
3, 0
0, 0x3efd0
0, 0x7b000
0, 0x3eff0
0, 0x7b020
0, 0x3f010
0, 0x7b040
0, 0x3f030
0, 0x7b060
1, 0x7afe0
0, 0x3efd0
0, 0x7b000
2, 2
3, 0
3, 0
3, 0
3, 0
3, 0
3, 0
3, 0
3, 0
3, 0
3, 0
3, 0
3, 0
3, 0
3, 0
1, 0x7b000
0, 0x3eff0
0, 0x7b020
2, 2
3, 0
3, 0
3, 0
3, 0
3, 0
3, 0
3, 0
3, 0
3, 0
3, 0
3, 0
3, 0
3, 0
3, 0
1, 0x7b020
0, 0x3f010
0, 0x7b040
2, 2
3, 0
3, 0
3, 0
3, 0
3, 0
3, 0
3, 0
3, 0
3, 0
3, 0
3, 0
3, 0
3, 0
3, 0
1, 0x7b040
0, 0x3f030
0, 0x7b060
2, 2
3, 0
3, 0
3, 0
3, 0
3, 0
3, 0
3, 0
3, 0
3, 0
3, 0
3, 0
3, 0
3, 0
3, 0
0, 0x3f050
0, 0x7b080
0, 0x3f070
0, 0x7b0a0
0, 0x3f090
0, 0x7b0c0
0, 0x3f0b0
0, 0x7b0e0
1, 0x7b060
0, 0x3f050
0, 0x7b080
2, 2
3, 0
3, 0
3, 0
3, 0
3, 0
3, 0
3, 0
3, 0
3, 0
3, 0
3, 0
3, 0
3, 0
3, 0
1, 0x7b080
0, 0x3f070
0, 0x7b0a0
2, 2
3, 0
3, 0
3, 0
3, 0
3, 0
3, 0
3, 0
3, 0
3, 0
3, 0
3, 0
3, 0
3, 0
3, 0
1, 0x7b0a0
0, 0x3f090
0, 0x7b0c0
2, 2
3, 0
3, 0
3, 0
3, 0
3, 0
3, 0
3, 0
3, 0
3, 0
3, 0
3, 0
3, 0
3, 0
3, 0
1, 0x7b0c0
0, 0x3f0b0
0, 0x7b0e0
2, 2
3, 0
3, 0
3, 0
3, 0
3, 0
3, 0
3, 0
3, 0
3, 0
3, 0
3, 0
3, 0
3, 0
3, 0
0, 0x3f0d0
0, 0x7b100
0, 0x3f0f0
0, 0x7b120
0, 0x3f110
0, 0x7b140
0, 0x3f130
0, 0x7b160
1, 0x7b0e0
0, 0x3f0d0
0, 0x7b100
2, 2
3, 0
3, 0
3, 0
3, 0
3, 0
3, 0
3, 0
3, 0
3, 0
3, 0
3, 0
3, 0
3, 0
3, 0
1, 0x7b100
0, 0x3f0f0
0, 0x7b120
2, 2
3, 0
3, 0
3, 0
3, 0
3, 0
3, 0
3, 0
3, 0
3, 0
3, 0
3, 0
3, 0
3, 0
3, 0
1, 0x7b120
0, 0x3f110
0, 0x7b140
2, 2
3, 0
3, 0
3, 0
3, 0
3, 0
3, 0
3, 0
3, 0
3, 0
3, 0
3, 0
3, 0
3, 0
3, 0
1, 0x7b140
0, 0x3f130
0, 0x7b160
2, 2
3, 0
3, 0
3, 0
3, 0
3, 0
3, 0
3, 0
3, 0
3, 0
3, 0
3, 0
3, 0
3, 0
3, 0
0, 0x3f150
0, 0x7b180
0, 0x3f170
0, 0x7b1a0
0, 0x3f190
0, 0x7b1c0
0, 0x3f1b0
0, 0x7b1e0
1, 0x7b160
0, 0x3f150
0, 0x7b180
2, 2
3, 0
3, 0
3, 0
3, 0
3, 0
3, 0
3, 0
3, 0
3, 0
3, 0
3, 0
3, 0
3, 0
3, 0
1, 0x7b180
0, 0x3f170
0, 0x7b1a0
2, 2
3, 0
3, 0
3, 0
3, 0
3, 0
3, 0
3, 0
3, 0
3, 0
3, 0
3, 0
3, 0
3, 0
3, 0
1, 0x7b1a0
0, 0x3f190
0, 0x7b1c0
2, 2
3, 0
3, 0
3, 0
3, 0
3, 0
3, 0
3, 0
3, 0
3, 0
3, 0
3, 0
3, 0
3, 0
3, 0
1, 0x7b1c0
0, 0x3f1b0
0, 0x7b1e0
2, 2
3, 0
3, 0
3, 0
3, 0
3, 0
3, 0
3, 0
3, 0
3, 0
3, 0
3, 0
3, 0
3, 0
3, 0
0, 0x3f1d0
0, 0x7b200
0, 0x3f1f0
0, 0x7b220
0, 0x3f210
0, 0x7b240
0, 0x3f230
0, 0x7b260
1, 0x7b1e0
0, 0x3f1d0
0, 0x7b200
2, 2
3, 0
3, 0
3, 0
3, 0
3, 0
3, 0
3, 0
3, 0
3, 0
3, 0
3, 0
3, 0
3, 0
3, 0
1, 0x7b200
0, 0x3f1f0
0, 0x7b220
2, 2
3, 0
3, 0
3, 0
3, 0
3, 0
3, 0
3, 0
3, 0
3, 0
3, 0
3, 0
3, 0
3, 0
3, 0
1, 0x7b220
0, 0x3f210
0, 0x7b240
2, 2
3, 0
3, 0
3, 0
3, 0
3, 0
3, 0
3, 0
3, 0
3, 0
3, 0
3, 0
3, 0
3, 0
3, 0
1, 0x7b240
0, 0x3f230
0, 0x7b260
2, 2
3, 0
3, 0
3, 0
3, 0
3, 0
3, 0
3, 0
3, 0
3, 0
3, 0
3, 0
3, 0
3, 0
3, 0
0, 0x3f250
0, 0x7b280
0, 0x3f270
0, 0x7b2a0
0, 0x3f290
0, 0x7b2c0
0, 0x3f2b0
0, 0x7b2e0
1, 0x7b260
0, 0x3f250
0, 0x7b280
2, 2
3, 0
3, 0
3, 0
3, 0
3, 0
3, 0
3, 0
3, 0
3, 0
3, 0
3, 0
3, 0
3, 0
3, 0
1, 0x7b280
0, 0x3f270
0, 0x7b2a0
2, 2
3, 0
3, 0
3, 0
3, 0
3, 0
3, 0
3, 0
3, 0
3, 0
3, 0
3, 0
3, 0
3, 0
3, 0
1, 0x7b2a0
0, 0x3f290
0, 0x7b2c0
2, 2
3, 0
3, 0
3, 0
3, 0
3, 0
3, 0
3, 0
3, 0
3, 0
3, 0
3, 0
3, 0
3, 0
3, 0
1, 0x7b2c0
0, 0x3f2b0
0, 0x7b2e0
2, 2
3, 0
3, 0
3, 0
3, 0
3, 0
3, 0
3, 0
3, 0
3, 0
3, 0
3, 0
3, 0
3, 0
3, 0
0, 0x3f2d0
0, 0x7b300
0, 0x3f2f0
0, 0x7b320
0, 0x3f310
0, 0x7b340
0, 0x3f330
0, 0x7b360
1, 0x7b2e0
0, 0x3f2d0
0, 0x7b300
2, 2
3, 0
3, 0
3, 0
3, 0
3, 0
3, 0
3, 0
3, 0
3, 0
3, 0
3, 0
3, 0
3, 0
3, 0
1, 0x7b300
0, 0x3f2f0
0, 0x7b320
2, 2
3, 0
3, 0
3, 0
3, 0
3, 0
3, 0
3, 0
3, 0
3, 0
3, 0
3, 0
3, 0
3, 0
3, 0
1, 0x7b320
0, 0x3f310
0, 0x7b340
2, 2
3, 0
3, 0
3, 0
3, 0
3, 0
3, 0
3, 0
3, 0
3, 0
3, 0
3, 0
3, 0
3, 0
3, 0
1, 0x7b340
0, 0x3f330
0, 0x7b360
2, 2
3, 0
3, 0
3, 0
3, 0
3, 0
3, 0
3, 0
3, 0
3, 0
3, 0
3, 0
3, 0
3, 0
3, 0
0, 0x3f350
0, 0x7b380
0, 0x3f370
0, 0x7b3a0
0, 0x3f390
0, 0x7b3c0
0, 0x3f3b0
0, 0x7b3e0
1, 0x7b360
0, 0x3f350
0, 0x7b380
2, 2
3, 0
3, 0
3, 0
3, 0
3, 0
3, 0
3, 0
3, 0
3, 0
3, 0
3, 0
3, 0
3, 0
3, 0
1, 0x7b380
0, 0x3f370
0, 0x7b3a0
2, 2
3, 0
3, 0
3, 0
3, 0
3, 0
3, 0
3, 0
3, 0
3, 0
3, 0
3, 0
3, 0
3, 0
3, 0
1, 0x7b3a0
0, 0x3f390
0, 0x7b3c0
2, 2
3, 0
3, 0
3, 0
3, 0
3, 0
3, 0
3, 0
3, 0
3, 0
3, 0
3, 0
3, 0
3, 0
3, 0
1, 0x7b3c0
0, 0x3f3b0
0, 0x7b3e0
2, 2
3, 0
3, 0
3, 0
3, 0
3, 0
3, 0
3, 0
3, 0
3, 0
3, 0
3, 0
3, 0
3, 0
3, 0
0, 0x3f3d0
0, 0x7b400
0, 0x3f3f0
0, 0x7b420
0, 0x3f410
0, 0x7b440
0, 0x3f430
0, 0x7b460
1, 0x7b3e0
0, 0x3f3d0
0, 0x7b400
2, 2
3, 0
3, 0
3, 0
3, 0
3, 0
3, 0
3, 0
3, 0
3, 0
3, 0
3, 0
3, 0
3, 0
3, 0
1, 0x7b400
0, 0x3f3f0
0, 0x7b420
2, 2
3, 0
3, 0
3, 0
3, 0
3, 0
3, 0
3, 0
3, 0
3, 0
3, 0
3, 0
3, 0
3, 0
3, 0
1, 0x7b420
0, 0x3f410
0, 0x7b440
2, 2
3, 0
3, 0
3, 0
3, 0
3, 0
3, 0
3, 0
3, 0
3, 0
3, 0
3, 0
3, 0
3, 0
3, 0
1, 0x7b440
0, 0x3f430
0, 0x7b460
2, 2
3, 0
3, 0
3, 0
3, 0
3, 0
3, 0
3, 0
3, 0
3, 0
3, 0
3, 0
3, 0
3, 0
3, 0
0, 0x3f450
0, 0x7b480
0, 0x3f470
0, 0x7b4a0
0, 0x3f490
0, 0x7b4c0
0, 0x3f4b0
0, 0x7b4e0
1, 0x7b460
0, 0x3f450
0, 0x7b480
2, 2
3, 0
3, 0
3, 0
3, 0
3, 0
3, 0
3, 0
3, 0
3, 0
3, 0
3, 0
3, 0
3, 0
3, 0
1, 0x7b480
0, 0x3f470
0, 0x7b4a0
2, 2
3, 0
3, 0
3, 0
3, 0
3, 0
3, 0
3, 0
3, 0
3, 0
3, 0
3, 0
3, 0
3, 0
3, 0
1, 0x7b4a0
0, 0x3f490
0, 0x7b4c0
2, 2
3, 0
3, 0
3, 0
3, 0
3, 0
3, 0
3, 0
3, 0
3, 0
3, 0
3, 0
3, 0
3, 0
3, 0
1, 0x7b4c0
0, 0x3f4b0
0, 0x7b4e0
2, 2
3, 0
3, 0
3, 0
3, 0
3, 0
3, 0
3, 0
3, 0
3, 0
3, 0
3, 0
3, 0
3, 0
3, 0
0, 0x3f4d0
0, 0x7b500
0, 0x3f4f0
0, 0x7b520
0, 0x3f510
0, 0x7b540
0, 0x3f530
0, 0x7b560
1, 0x7b4e0
0, 0x3f4d0
0, 0x7b500
2, 2
3, 0
3, 0
3, 0
3, 0
3, 0
3, 0
3, 0
3, 0
3, 0
3, 0
3, 0
3, 0
3, 0
3, 0
1, 0x7b500
0, 0x3f4f0
0, 0x7b520
2, 2
3, 0
3, 0
3, 0
3, 0
3, 0
3, 0
3, 0
3, 0
3, 0
3, 0
3, 0
3, 0
3, 0
3, 0
1, 0x7b520
0, 0x3f510
0, 0x7b540
2, 2
3, 0
3, 0
3, 0
3, 0
3, 0
3, 0
3, 0
3, 0
3, 0
3, 0
3, 0
3, 0
3, 0
3, 0
1, 0x7b540
0, 0x3f530
0, 0x7b560
2, 2
3, 0
3, 0
3, 0
3, 0
3, 0
3, 0
3, 0
3, 0
3, 0
3, 0
3, 0
3, 0
3, 0
3, 0
0, 0x3f550
0, 0x7b580
0, 0x3f570
0, 0x7b5a0
0, 0x3f590
0, 0x7b5c0
0, 0x3f5b0
0, 0x7b5e0
1, 0x7b560
0, 0x3f550
0, 0x7b580
2, 2
3, 0
3, 0
3, 0
3, 0
3, 0
3, 0
3, 0
3, 0
3, 0
3, 0
3, 0
3, 0
3, 0
3, 0
1, 0x7b580
0, 0x3f570
0, 0x7b5a0
2, 2
3, 0
3, 0
3, 0
3, 0
3, 0
3, 0
3, 0
3, 0
3, 0
3, 0
3, 0
3, 0
3, 0
3, 0
1, 0x7b5a0
0, 0x3f590
0, 0x7b5c0
2, 2
3, 0
3, 0
3, 0
3, 0
3, 0
3, 0
3, 0
3, 0
3, 0
3, 0
3, 0
3, 0
3, 0
3, 0
1, 0x7b5c0
0, 0x3f5b0
0, 0x7b5e0
2, 2
3, 0
3, 0
3, 0
3, 0
3, 0
3, 0
3, 0
3, 0
3, 0
3, 0
3, 0
3, 0
3, 0
3, 0
0, 0x3f5d0
0, 0x7b600
0, 0x3f5f0
0, 0x7b620
0, 0x3f610
0, 0x7b640
0, 0x3f630
0, 0x7b660
1, 0x7b5e0
0, 0x3f5d0
0, 0x7b600
2, 2
3, 0
3, 0
3, 0
3, 0
3, 0
3, 0
3, 0
3, 0
3, 0
3, 0
3, 0
3, 0
3, 0
3, 0
1, 0x7b600
0, 0x3f5f0
0, 0x7b620
2, 2
3, 0
3, 0
3, 0
3, 0
3, 0
3, 0
3, 0
3, 0
3, 0
3, 0
3, 0
3, 0
3, 0
3, 0
1, 0x7b620
0, 0x3f610
0, 0x7b640
2, 2
3, 0
3, 0
3, 0
3, 0
3, 0
3, 0
3, 0
3, 0
3, 0
3, 0
3, 0
3, 0
3, 0
3, 0
1, 0x7b640
0, 0x3f630
0, 0x7b660
2, 2
3, 0
3, 0
3, 0
3, 0
3, 0
3, 0
3, 0
3, 0
3, 0
3, 0
3, 0
3, 0
3, 0
3, 0
0, 0x3f650
0, 0x7b680
0, 0x3f670
0, 0x7b6a0
0, 0x3f690
0, 0x7b6c0
0, 0x3f6b0
0, 0x7b6e0
1, 0x7b660
0, 0x3f650
0, 0x7b680
2, 2
3, 0
3, 0
3, 0
3, 0
3, 0
3, 0
3, 0
3, 0
3, 0
3, 0
3, 0
3, 0
3, 0
3, 0
1, 0x7b680
0, 0x3f670
0, 0x7b6a0
2, 2
3, 0
3, 0
3, 0
3, 0
3, 0
3, 0
3, 0
3, 0
3, 0
3, 0
3, 0
3, 0
3, 0
3, 0
1, 0x7b6a0
0, 0x3f690
0, 0x7b6c0
2, 2
3, 0
3, 0
3, 0
3, 0
3, 0
3, 0
3, 0
3, 0
3, 0
3, 0
3, 0
3, 0
3, 0
3, 0
1, 0x7b6c0
0, 0x3f6b0
0, 0x7b6e0
2, 2
3, 0
3, 0
3, 0
3, 0
3, 0
3, 0
3, 0
3, 0
3, 0
3, 0
3, 0
3, 0
3, 0
3, 0
0, 0x3f6d0
0, 0x7b700
0, 0x3f6f0
0, 0x7b720
0, 0x3f710
0, 0x7b740
0, 0x3f730
0, 0x7b760
1, 0x7b6e0
0, 0x3f6d0
0, 0x7b700
2, 2
3, 0
3, 0
3, 0
3, 0
3, 0
3, 0
3, 0
3, 0
3, 0
3, 0
3, 0
3, 0
3, 0
3, 0
1, 0x7b700
0, 0x3f6f0
0, 0x7b720
2, 2
3, 0
3, 0
3, 0
3, 0
3, 0
3, 0
3, 0
3, 0
3, 0
3, 0
3, 0
3, 0
3, 0
3, 0
1, 0x7b720
0, 0x3f710
0, 0x7b740
2, 2
3, 0
3, 0
3, 0
3, 0
3, 0
3, 0
3, 0
3, 0
3, 0
3, 0
3, 0
3, 0
3, 0
3, 0
1, 0x7b740
0, 0x3f730
0, 0x7b760
2, 2
3, 0
3, 0
3, 0
3, 0
3, 0
3, 0
3, 0
3, 0
3, 0
3, 0
3, 0
3, 0
3, 0
3, 0
0, 0x3f750
0, 0x7b780
0, 0x3f770
0, 0x7b7a0
0, 0x3f790
0, 0x7b7c0
0, 0x3f7b0
0, 0x7b7e0
1, 0x7b760
0, 0x3f750
0, 0x7b780
2, 2
3, 0
3, 0
3, 0
3, 0
3, 0
3, 0
3, 0
3, 0
3, 0
3, 0
3, 0
3, 0
3, 0
3, 0
1, 0x7b780
0, 0x3f770
0, 0x7b7a0
2, 2
3, 0
3, 0
3, 0
3, 0
3, 0
3, 0
3, 0
3, 0
3, 0
3, 0
3, 0
3, 0
3, 0
3, 0
1, 0x7b7a0
0, 0x3f790
0, 0x7b7c0
2, 2
3, 0
3, 0
3, 0
3, 0
3, 0
3, 0
3, 0
3, 0
3, 0
3, 0
3, 0
3, 0
3, 0
3, 0
1, 0x7b7c0
0, 0x3f7b0
0, 0x7b7e0
2, 2
3, 0
3, 0
3, 0
3, 0
3, 0
3, 0
3, 0
3, 0
3, 0
3, 0
3, 0
3, 0
3, 0
3, 0
0, 0x3f7d0
0, 0x7b800
0, 0x3f7f0
0, 0x7b820
0, 0x3f810
0, 0x7b840
0, 0x3f830
0, 0x7b860
1, 0x7b7e0
0, 0x3f7d0
0, 0x7b800
2, 2
3, 0
3, 0
3, 0
3, 0
3, 0
3, 0
3, 0
3, 0
3, 0
3, 0
3, 0
3, 0
3, 0
3, 0
1, 0x7b800
0, 0x3f7f0
0, 0x7b820
2, 2
3, 0
3, 0
3, 0
3, 0
3, 0
3, 0
3, 0
3, 0
3, 0
3, 0
3, 0
3, 0
3, 0
3, 0
1, 0x7b820
0, 0x3f810
0, 0x7b840
2, 2
3, 0
3, 0
3, 0
3, 0
3, 0
3, 0
3, 0
3, 0
3, 0
3, 0
3, 0
3, 0
3, 0
3, 0
1, 0x7b840
0, 0x3f830
0, 0x7b860
2, 2
3, 0
3, 0
3, 0
3, 0
3, 0
3, 0
3, 0
3, 0
3, 0
3, 0
3, 0
3, 0
3, 0
3, 0
0, 0x3f850
0, 0x7b880
0, 0x3f870
0, 0x7b8a0
0, 0x3f890
0, 0x7b8c0
0, 0x3f8b0
0, 0x7b8e0
1, 0x7b860
0, 0x3f850
0, 0x7b880
2, 2
3, 0
3, 0
3, 0
3, 0
3, 0
3, 0
3, 0
3, 0
3, 0
3, 0
3, 0
3, 0
3, 0
3, 0
1, 0x7b880
0, 0x3f870
0, 0x7b8a0
2, 2
3, 0
3, 0
3, 0
3, 0
3, 0
3, 0
3, 0
3, 0
3, 0
3, 0
3, 0
3, 0
3, 0
3, 0
1, 0x7b8a0
0, 0x3f890
0, 0x7b8c0
2, 2
3, 0
3, 0
3, 0
3, 0
3, 0
3, 0
3, 0
3, 0
3, 0
3, 0
3, 0
3, 0
3, 0
3, 0
1, 0x7b8c0
0, 0x3f8b0
0, 0x7b8e0
2, 2
3, 0
3, 0
3, 0
3, 0
3, 0
3, 0
3, 0
3, 0
3, 0
3, 0
3, 0
3, 0
3, 0
3, 0
0, 0x3f8d0
0, 0x7b900
0, 0x3f8f0
0, 0x7b920
0, 0x3f910
0, 0x7b940
0, 0x3f930
0, 0x7b960
1, 0x7b8e0
0, 0x3f8d0
0, 0x7b900
2, 2
3, 0
3, 0
3, 0
3, 0
3, 0
3, 0
3, 0
3, 0
3, 0
3, 0
3, 0
3, 0
3, 0
3, 0
1, 0x7b900
0, 0x3f8f0
0, 0x7b920
2, 2
3, 0
3, 0
3, 0
3, 0
3, 0
3, 0
3, 0
3, 0
3, 0
3, 0
3, 0
3, 0
3, 0
3, 0
1, 0x7b920
0, 0x3f910
0, 0x7b940
2, 2
3, 0
3, 0
3, 0
3, 0
3, 0
3, 0
3, 0
3, 0
3, 0
3, 0
3, 0
3, 0
3, 0
3, 0
1, 0x7b940
0, 0x3f930
0, 0x7b960
2, 2
3, 0
3, 0
3, 0
3, 0
3, 0
3, 0
3, 0
3, 0
3, 0
3, 0
3, 0
3, 0
3, 0
3, 0
0, 0x3f950
0, 0x7b980
0, 0x3f970
0, 0x7b9a0
0, 0x3f990
0, 0x7b9c0
0, 0x3f9b0
0, 0x7b9e0
1, 0x7b960
0, 0x3f950
0, 0x7b980
2, 2
3, 0
3, 0
3, 0
3, 0
3, 0
3, 0
3, 0
3, 0
3, 0
3, 0
3, 0
3, 0
3, 0
3, 0
1, 0x7b980
0, 0x3f970
0, 0x7b9a0
2, 2
3, 0
3, 0
3, 0
3, 0
3, 0
3, 0
3, 0
3, 0
3, 0
3, 0
3, 0
3, 0
3, 0
3, 0
1, 0x7b9a0
0, 0x3f990
0, 0x7b9c0
2, 2
3, 0
3, 0
3, 0
3, 0
3, 0
3, 0
3, 0
3, 0
3, 0
3, 0
3, 0
3, 0
3, 0
3, 0
1, 0x7b9c0
0, 0x3f9b0
0, 0x7b9e0
2, 2
3, 0
3, 0
3, 0
3, 0
3, 0
3, 0
3, 0
3, 0
3, 0
3, 0
3, 0
3, 0
3, 0
3, 0
0, 0x3f9d0
0, 0x7ba00
0, 0x3f9f0
0, 0x7ba20
0, 0x3fa10
0, 0x7ba40
0, 0x3fa30
0, 0x7ba60
1, 0x7b9e0
0, 0x3f9d0
0, 0x7ba00
2, 2
3, 0
3, 0
3, 0
3, 0
3, 0
3, 0
3, 0
3, 0
3, 0
3, 0
3, 0
3, 0
3, 0
3, 0
1, 0x7ba00
0, 0x3f9f0
0, 0x7ba20
2, 2
3, 0
3, 0
3, 0
3, 0
3, 0
3, 0
3, 0
3, 0
3, 0
3, 0
3, 0
3, 0
3, 0
3, 0
1, 0x7ba20
0, 0x3fa10
0, 0x7ba40
2, 2
3, 0
3, 0
3, 0
3, 0
3, 0
3, 0
3, 0
3, 0
3, 0
3, 0
3, 0
3, 0
3, 0
3, 0
1, 0x7ba40
0, 0x3fa30
0, 0x7ba60
2, 2
3, 0
3, 0
3, 0
3, 0
3, 0
3, 0
3, 0
3, 0
3, 0
3, 0
3, 0
3, 0
3, 0
3, 0
0, 0x3fa50
0, 0x7ba80
0, 0x3fa70
0, 0x7baa0
0, 0x3fa90
0, 0x7bac0
0, 0x3fab0
0, 0x7bae0
1, 0x7ba60
0, 0x3fa50
0, 0x7ba80
2, 2
3, 0
3, 0
3, 0
3, 0
3, 0
3, 0
3, 0
3, 0
3, 0
3, 0
3, 0
3, 0
3, 0
3, 0
1, 0x7ba80
0, 0x3fa70
0, 0x7baa0
2, 2
3, 0
3, 0
3, 0
3, 0
3, 0
3, 0
3, 0
3, 0
3, 0
3, 0
3, 0
3, 0
3, 0
3, 0
1, 0x7baa0
0, 0x3fa90
0, 0x7bac0
2, 2
3, 0
3, 0
3, 0
3, 0
3, 0
3, 0
3, 0
3, 0
3, 0
3, 0
3, 0
3, 0
3, 0
3, 0
1, 0x7bac0
0, 0x3fab0
0, 0x7bae0
2, 2
3, 0
3, 0
3, 0
3, 0
3, 0
3, 0
3, 0
3, 0
3, 0
3, 0
3, 0
3, 0
3, 0
3, 0
0, 0x3fad0
0, 0x7bb00
0, 0x3faf0
0, 0x7bb20
0, 0x3fb10
0, 0x7bb40
0, 0x3fb30
0, 0x7bb60
1, 0x7bae0
0, 0x3fad0
0, 0x7bb00
2, 2
3, 0
3, 0
3, 0
3, 0
3, 0
3, 0
3, 0
3, 0
3, 0
3, 0
3, 0
3, 0
3, 0
3, 0
1, 0x7bb00
0, 0x3faf0
0, 0x7bb20
2, 2
3, 0
3, 0
3, 0
3, 0
3, 0
3, 0
3, 0
3, 0
3, 0
3, 0
3, 0
3, 0
3, 0
3, 0
1, 0x7bb20
0, 0x3fb10
0, 0x7bb40
2, 2
3, 0
3, 0
3, 0
3, 0
3, 0
3, 0
3, 0
3, 0
3, 0
3, 0
3, 0
3, 0
3, 0
3, 0
1, 0x7bb40
0, 0x3fb30
0, 0x7bb60
2, 2
3, 0
3, 0
3, 0
3, 0
3, 0
3, 0
3, 0
3, 0
3, 0
3, 0
3, 0
3, 0
3, 0
3, 0
0, 0x3fb50
0, 0x7bb80
0, 0x3fb70
0, 0x7bba0
0, 0x3fb90
0, 0x7bbc0
0, 0x3fbb0
0, 0x7bbe0
1, 0x7bb60
0, 0x3fb50
0, 0x7bb80
2, 2
3, 0
3, 0
3, 0
3, 0
3, 0
3, 0
3, 0
3, 0
3, 0
3, 0
3, 0
3, 0
3, 0
3, 0
1, 0x7bb80
0, 0x3fb70
0, 0x7bba0
2, 2
3, 0
3, 0
3, 0
3, 0
3, 0
3, 0
3, 0
3, 0
3, 0
3, 0
3, 0
3, 0
3, 0
3, 0
1, 0x7bba0
0, 0x3fb90
0, 0x7bbc0
2, 2
3, 0
3, 0
3, 0
3, 0
3, 0
3, 0
3, 0
3, 0
3, 0
3, 0
3, 0
3, 0
3, 0
3, 0
1, 0x7bbc0
0, 0x3fbb0
0, 0x7bbe0
2, 2
3, 0
3, 0
3, 0
3, 0
3, 0
3, 0
3, 0
3, 0
3, 0
3, 0
3, 0
3, 0
3, 0
3, 0
0, 0x3fbd0
0, 0x7bc00
0, 0x3fbf0
0, 0x7bc20
0, 0x3fc10
0, 0x7bc40
0, 0x3fc30
0, 0x7bc60
1, 0x7bbe0
0, 0x3fbd0
0, 0x7bc00
2, 2
3, 0
3, 0
3, 0
3, 0
3, 0
3, 0
3, 0
3, 0
3, 0
3, 0
3, 0
3, 0
3, 0
3, 0
1, 0x7bc00
0, 0x3fbf0
0, 0x7bc20
2, 2
3, 0
3, 0
3, 0
3, 0
3, 0
3, 0
3, 0
3, 0
3, 0
3, 0
3, 0
3, 0
3, 0
3, 0
1, 0x7bc20
0, 0x3fc10
0, 0x7bc40
2, 2
3, 0
3, 0
3, 0
3, 0
3, 0
3, 0
3, 0
3, 0
3, 0
3, 0
3, 0
3, 0
3, 0
3, 0
1, 0x7bc40
0, 0x3fc30
0, 0x7bc60
2, 2
3, 0
3, 0
3, 0
3, 0
3, 0
3, 0
3, 0
3, 0
3, 0
3, 0
3, 0
3, 0
3, 0
3, 0
0, 0x3fc50
0, 0x7bc80
0, 0x3fc70
0, 0x7bca0
0, 0x3fc90
0, 0x7bcc0
0, 0x3fcb0
0, 0x7bce0
1, 0x7bc60
0, 0x3fc50
0, 0x7bc80
2, 2
3, 0
3, 0
3, 0
3, 0
3, 0
3, 0
3, 0
3, 0
3, 0
3, 0
3, 0
3, 0
3, 0
3, 0
1, 0x7bc80
0, 0x3fc70
0, 0x7bca0
2, 2
3, 0
3, 0
3, 0
3, 0
3, 0
3, 0
3, 0
3, 0
3, 0
3, 0
3, 0
3, 0
3, 0
3, 0
1, 0x7bca0
0, 0x3fc90
0, 0x7bcc0
2, 2
3, 0
3, 0
3, 0
3, 0
3, 0
3, 0
3, 0
3, 0
3, 0
3, 0
3, 0
3, 0
3, 0
3, 0
1, 0x7bcc0
0, 0x3fcb0
0, 0x7bce0
2, 2
3, 0
3, 0
3, 0
3, 0
3, 0
3, 0
3, 0
3, 0
3, 0
3, 0
3, 0
3, 0
3, 0
3, 0
0, 0x3fcd0
0, 0x7bd00
0, 0x3fcf0
0, 0x7bd20
0, 0x3fd10
0, 0x7bd40
0, 0x3fd30
0, 0x7bd60
1, 0x7bce0
0, 0x3fcd0
0, 0x7bd00
2, 2
3, 0
3, 0
3, 0
3, 0
3, 0
3, 0
3, 0
3, 0
3, 0
3, 0
3, 0
3, 0
3, 0
3, 0
1, 0x7bd00
0, 0x3fcf0
0, 0x7bd20
2, 2
3, 0
3, 0
3, 0
3, 0
3, 0
3, 0
3, 0
3, 0
3, 0
3, 0
3, 0
3, 0
3, 0
3, 0
1, 0x7bd20
0, 0x3fd10
0, 0x7bd40
2, 2
3, 0
3, 0
3, 0
3, 0
3, 0
3, 0
3, 0
3, 0
3, 0
3, 0
3, 0
3, 0
3, 0
3, 0
1, 0x7bd40
0, 0x3fd30
0, 0x7bd60
2, 2
3, 0
3, 0
3, 0
3, 0
3, 0
3, 0
3, 0
3, 0
3, 0
3, 0
3, 0
3, 0
3, 0
3, 0
0, 0x3fd50
0, 0x7bd80
0, 0x3fd70
0, 0x7bda0
0, 0x3fd90
0, 0x7bdc0
0, 0x3fdb0
0, 0x7bde0
1, 0x7bd60
0, 0x3fd50
0, 0x7bd80
2, 2
3, 0
3, 0
3, 0
3, 0
3, 0
3, 0
3, 0
3, 0
3, 0
3, 0
3, 0
3, 0
3, 0
3, 0
1, 0x7bd80
0, 0x3fd70
0, 0x7bda0
2, 2
3, 0
3, 0
3, 0
3, 0
3, 0
3, 0
3, 0
3, 0
3, 0
3, 0
3, 0
3, 0
3, 0
3, 0
1, 0x7bda0
0, 0x3fd90
0, 0x7bdc0
2, 2
3, 0
3, 0
3, 0
3, 0
3, 0
3, 0
3, 0
3, 0
3, 0
3, 0
3, 0
3, 0
3, 0
3, 0
1, 0x7bdc0
0, 0x3fdb0
0, 0x7bde0
2, 2
3, 0
3, 0
3, 0
3, 0
3, 0
3, 0
3, 0
3, 0
3, 0
3, 0
3, 0
3, 0
3, 0
3, 0
0, 0x3fdd0
0, 0x7be00
0, 0x3fdf0
0, 0x7be20
0, 0x3fe10
0, 0x7be40
0, 0x3fe30
0, 0x7be60
1, 0x7bde0
0, 0x3fdd0
0, 0x7be00
2, 2
3, 0
3, 0
3, 0
3, 0
3, 0
3, 0
3, 0
3, 0
3, 0
3, 0
3, 0
3, 0
3, 0
3, 0
1, 0x7be00
0, 0x3fdf0
0, 0x7be20
2, 2
3, 0
3, 0
3, 0
3, 0
3, 0
3, 0
3, 0
3, 0
3, 0
3, 0
3, 0
3, 0
3, 0
3, 0
1, 0x7be20
0, 0x3fe10
0, 0x7be40
2, 2
3, 0
3, 0
3, 0
3, 0
3, 0
3, 0
3, 0
3, 0
3, 0
3, 0
3, 0
3, 0
3, 0
3, 0
1, 0x7be40
0, 0x3fe30
0, 0x7be60
2, 2
3, 0
3, 0
3, 0
3, 0
3, 0
3, 0
3, 0
3, 0
3, 0
3, 0
3, 0
3, 0
3, 0
3, 0
0, 0x3fe50
0, 0x7be80
0, 0x3fe70
0, 0x7bea0
0, 0x3fe90
0, 0x7bec0
0, 0x3feb0
0, 0x7bee0
1, 0x7be60
0, 0x3fe50
0, 0x7be80
2, 2
3, 0
3, 0
3, 0
3, 0
3, 0
3, 0
3, 0
3, 0
3, 0
3, 0
3, 0
3, 0
3, 0
3, 0
1, 0x7be80
0, 0x3fe70
0, 0x7bea0
2, 2
3, 0
3, 0
3, 0
3, 0
3, 0
3, 0
3, 0
3, 0
3, 0
3, 0
3, 0
3, 0
3, 0
3, 0
1, 0x7bea0
0, 0x3fe90
0, 0x7bec0
2, 2
3, 0
3, 0
3, 0
3, 0
3, 0
3, 0
3, 0
3, 0
3, 0
3, 0
3, 0
3, 0
3, 0
3, 0
1, 0x7bec0
0, 0x3feb0
0, 0x7bee0
2, 2
3, 0
3, 0
3, 0
3, 0
3, 0
3, 0
3, 0
3, 0
3, 0
3, 0
3, 0
3, 0
3, 0
3, 0
0, 0x3fed0
0, 0x7bf00
0, 0x3fef0
0, 0x7bf20
0, 0x3ff10
0, 0x7bf40
0, 0x3ff30
0, 0x7bf60
1, 0x7bee0
0, 0x3fed0
0, 0x7bf00
2, 2
3, 0
3, 0
3, 0
3, 0
3, 0
3, 0
3, 0
3, 0
3, 0
3, 0
3, 0
3, 0
3, 0
3, 0
1, 0x7bf00
0, 0x3fef0
0, 0x7bf20
2, 2
3, 0
3, 0
3, 0
3, 0
3, 0
3, 0
3, 0
3, 0
3, 0
3, 0
3, 0
3, 0
3, 0
3, 0
1, 0x7bf20
0, 0x3ff10
0, 0x7bf40
2, 2
3, 0
3, 0
3, 0
3, 0
3, 0
3, 0
3, 0
3, 0
3, 0
3, 0
3, 0
3, 0
3, 0
3, 0
1, 0x7bf40
0, 0x3ff30
0, 0x7bf60
2, 2
3, 0
3, 0
3, 0
3, 0
3, 0
3, 0
3, 0
3, 0
3, 0
3, 0
3, 0
3, 0
3, 0
3, 0
0, 0x3ff50
0, 0x7bf80
0, 0x3ff70
0, 0x7bfa0
0, 0x3ff90
0, 0x7bfc0
0, 0x3ffb0
0, 0x7bfe0
1, 0x7bf60
0, 0x3ff50
0, 0x7bf80
2, 2
3, 0
3, 0
3, 0
3, 0
3, 0
3, 0
3, 0
3, 0
3, 0
3, 0
3, 0
3, 0
3, 0
3, 0
1, 0x7bf80
0, 0x3ff70
0, 0x7bfa0
2, 2
3, 0
3, 0
3, 0
3, 0
3, 0
3, 0
3, 0
3, 0
3, 0
3, 0
3, 0
3, 0
3, 0
3, 0
1, 0x7bfa0
0, 0x3ff90
0, 0x7bfc0
2, 2
3, 0
3, 0
3, 0
3, 0
3, 0
3, 0
3, 0
3, 0
3, 0
3, 0
3, 0
3, 0
3, 0
3, 0
1, 0x7bfc0
0, 0x3ffb0
0, 0x7bfe0
2, 2
3, 0
3, 0
3, 0
3, 0
3, 0
3, 0
3, 0
3, 0
3, 0
3, 0
3, 0
3, 0
3, 0
3, 0
0, 0x3ffd0
0, 0x7c000
0, 0x3fff0
0, 0x7c020
0, 0x40010
0, 0x7c040
0, 0x40030
0, 0x7c060
1, 0x7bfe0
0, 0x3ffd0
0, 0x7c000
2, 2
3, 0
3, 0
3, 0
3, 0
3, 0
3, 0
3, 0
3, 0
3, 0
3, 0
3, 0
3, 0
3, 0
3, 0
1, 0x7c000
0, 0x3fff0
0, 0x7c020
2, 2
3, 0
3, 0
3, 0
3, 0
3, 0
3, 0
3, 0
3, 0
3, 0
3, 0
3, 0
3, 0
3, 0
3, 0
1, 0x7c020
0, 0x40010
0, 0x7c040
2, 2
3, 0
3, 0
3, 0
3, 0
3, 0
3, 0
3, 0
3, 0
3, 0
3, 0
3, 0
3, 0
3, 0
3, 0
1, 0x7c040
0, 0x40030
0, 0x7c060
2, 2
3, 0
3, 0
3, 0
3, 0
3, 0
3, 0
3, 0
3, 0
3, 0
3, 0
3, 0
3, 0
3, 0
3, 0
0, 0x40050
0, 0x7c080
0, 0x40070
0, 0x7c0a0
0, 0x40090
0, 0x7c0c0
0, 0x400b0
0, 0x7c0e0
1, 0x7c060
0, 0x40050
0, 0x7c080
2, 2
3, 0
3, 0
3, 0
3, 0
3, 0
3, 0
3, 0
3, 0
3, 0
3, 0
3, 0
3, 0
3, 0
3, 0
1, 0x7c080
0, 0x40070
0, 0x7c0a0
2, 2
3, 0
3, 0
3, 0
3, 0
3, 0
3, 0
3, 0
3, 0
3, 0
3, 0
3, 0
3, 0
3, 0
3, 0
1, 0x7c0a0
0, 0x40090
0, 0x7c0c0
2, 2
3, 0
3, 0
3, 0
3, 0
3, 0
3, 0
3, 0
3, 0
3, 0
3, 0
3, 0
3, 0
3, 0
3, 0
1, 0x7c0c0
0, 0x400b0
0, 0x7c0e0
2, 2
3, 0
3, 0
3, 0
3, 0
3, 0
3, 0
3, 0
3, 0
3, 0
3, 0
3, 0
3, 0
3, 0
3, 0
0, 0x400d0
0, 0x7c100
0, 0x400f0
0, 0x7c120
0, 0x40110
0, 0x7c140
0, 0x40130
0, 0x7c160
1, 0x7c0e0
0, 0x400d0
0, 0x7c100
2, 2
3, 0
3, 0
3, 0
3, 0
3, 0
3, 0
3, 0
3, 0
3, 0
3, 0
3, 0
3, 0
3, 0
3, 0
1, 0x7c100
0, 0x400f0
0, 0x7c120
2, 2
3, 0
3, 0
3, 0
3, 0
3, 0
3, 0
3, 0
3, 0
3, 0
3, 0
3, 0
3, 0
3, 0
3, 0
1, 0x7c120
0, 0x40110
0, 0x7c140
2, 2
3, 0
3, 0
3, 0
3, 0
3, 0
3, 0
3, 0
3, 0
3, 0
3, 0
3, 0
3, 0
3, 0
3, 0
1, 0x7c140
0, 0x40130
0, 0x7c160
2, 2
3, 0
3, 0
3, 0
3, 0
3, 0
3, 0
3, 0
3, 0
3, 0
3, 0
3, 0
3, 0
3, 0
3, 0
0, 0x40150
0, 0x7c180
0, 0x40170
0, 0x7c1a0
0, 0x40190
0, 0x7c1c0
0, 0x401b0
0, 0x7c1e0
1, 0x7c160
0, 0x40150
0, 0x7c180
2, 2
3, 0
3, 0
3, 0
3, 0
3, 0
3, 0
3, 0
3, 0
3, 0
3, 0
3, 0
3, 0
3, 0
3, 0
1, 0x7c180
0, 0x40170
0, 0x7c1a0
2, 2
3, 0
3, 0
3, 0
3, 0
3, 0
3, 0
3, 0
3, 0
3, 0
3, 0
3, 0
3, 0
3, 0
3, 0
1, 0x7c1a0
0, 0x40190
0, 0x7c1c0
2, 2
3, 0
3, 0
3, 0
3, 0
3, 0
3, 0
3, 0
3, 0
3, 0
3, 0
3, 0
3, 0
3, 0
3, 0
1, 0x7c1c0
0, 0x401b0
0, 0x7c1e0
2, 2
3, 0
3, 0
3, 0
3, 0
3, 0
3, 0
3, 0
3, 0
3, 0
3, 0
3, 0
3, 0
3, 0
3, 0
0, 0x401d0
0, 0x7c200
0, 0x401f0
0, 0x7c220
0, 0x40210
0, 0x7c240
0, 0x40230
0, 0x7c260
1, 0x7c1e0
0, 0x401d0
0, 0x7c200
2, 2
3, 0
3, 0
3, 0
3, 0
3, 0
3, 0
3, 0
3, 0
3, 0
3, 0
3, 0
3, 0
3, 0
3, 0
1, 0x7c200
0, 0x401f0
0, 0x7c220
2, 2
3, 0
3, 0
3, 0
3, 0
3, 0
3, 0
3, 0
3, 0
3, 0
3, 0
3, 0
3, 0
3, 0
3, 0
1, 0x7c220
0, 0x40210
0, 0x7c240
2, 2
3, 0
3, 0
3, 0
3, 0
3, 0
3, 0
3, 0
3, 0
3, 0
3, 0
3, 0
3, 0
3, 0
3, 0
1, 0x7c240
0, 0x40230
0, 0x7c260
2, 2
3, 0
3, 0
3, 0
3, 0
3, 0
3, 0
3, 0
3, 0
3, 0
3, 0
3, 0
3, 0
3, 0
3, 0
0, 0x40250
0, 0x7c280
0, 0x40270
0, 0x7c2a0
0, 0x40290
0, 0x7c2c0
0, 0x402b0
0, 0x7c2e0
1, 0x7c260
0, 0x40250
0, 0x7c280
2, 2
3, 0
3, 0
3, 0
3, 0
3, 0
3, 0
3, 0
3, 0
3, 0
3, 0
3, 0
3, 0
3, 0
3, 0
1, 0x7c280
0, 0x40270
0, 0x7c2a0
2, 2
3, 0
3, 0
3, 0
3, 0
3, 0
3, 0
3, 0
3, 0
3, 0
3, 0
3, 0
3, 0
3, 0
3, 0
1, 0x7c2a0
0, 0x40290
0, 0x7c2c0
2, 2
3, 0
3, 0
3, 0
3, 0
3, 0
3, 0
3, 0
3, 0
3, 0
3, 0
3, 0
3, 0
3, 0
3, 0
1, 0x7c2c0
0, 0x402b0
0, 0x7c2e0
2, 2
3, 0
3, 0
3, 0
3, 0
3, 0
3, 0
3, 0
3, 0
3, 0
3, 0
3, 0
3, 0
3, 0
3, 0
0, 0x402d0
0, 0x7c300
0, 0x402f0
0, 0x7c320
0, 0x40310
0, 0x7c340
0, 0x40330
0, 0x7c360
1, 0x7c2e0
0, 0x402d0
0, 0x7c300
2, 2
3, 0
3, 0
3, 0
3, 0
3, 0
3, 0
3, 0
3, 0
3, 0
3, 0
3, 0
3, 0
3, 0
3, 0
1, 0x7c300
0, 0x402f0
0, 0x7c320
2, 2
3, 0
3, 0
3, 0
3, 0
3, 0
3, 0
3, 0
3, 0
3, 0
3, 0
3, 0
3, 0
3, 0
3, 0
1, 0x7c320
0, 0x40310
0, 0x7c340
2, 2
3, 0
3, 0
3, 0
3, 0
3, 0
3, 0
3, 0
3, 0
3, 0
3, 0
3, 0
3, 0
3, 0
3, 0
1, 0x7c340
0, 0x40330
0, 0x7c360
2, 2
3, 0
3, 0
3, 0
3, 0
3, 0
3, 0
3, 0
3, 0
3, 0
3, 0
3, 0
3, 0
3, 0
3, 0
0, 0x40350
0, 0x7c380
0, 0x40370
0, 0x7c3a0
0, 0x40390
0, 0x7c3c0
0, 0x403b0
0, 0x7c3e0
1, 0x7c360
0, 0x40350
0, 0x7c380
2, 2
3, 0
3, 0
3, 0
3, 0
3, 0
3, 0
3, 0
3, 0
3, 0
3, 0
3, 0
3, 0
3, 0
3, 0
1, 0x7c380
0, 0x40370
0, 0x7c3a0
2, 2
3, 0
3, 0
3, 0
3, 0
3, 0
3, 0
3, 0
3, 0
3, 0
3, 0
3, 0
3, 0
3, 0
3, 0
1, 0x7c3a0
0, 0x40390
0, 0x7c3c0
2, 2
3, 0
3, 0
3, 0
3, 0
3, 0
3, 0
3, 0
3, 0
3, 0
3, 0
3, 0
3, 0
3, 0
3, 0
1, 0x7c3c0
0, 0x403b0
0, 0x7c3e0
2, 2
3, 0
3, 0
3, 0
3, 0
3, 0
3, 0
3, 0
3, 0
3, 0
3, 0
3, 0
3, 0
3, 0
3, 0
0, 0x403d0
0, 0x7c400
0, 0x403f0
0, 0x7c420
0, 0x40410
0, 0x7c440
0, 0x40430
0, 0x7c460
1, 0x7c3e0
0, 0x403d0
0, 0x7c400
2, 2
3, 0
3, 0
3, 0
3, 0
3, 0
3, 0
3, 0
3, 0
3, 0
3, 0
3, 0
3, 0
3, 0
3, 0
1, 0x7c400
0, 0x403f0
0, 0x7c420
2, 2
3, 0
3, 0
3, 0
3, 0
3, 0
3, 0
3, 0
3, 0
3, 0
3, 0
3, 0
3, 0
3, 0
3, 0
1, 0x7c420
0, 0x40410
0, 0x7c440
2, 2
3, 0
3, 0
3, 0
3, 0
3, 0
3, 0
3, 0
3, 0
3, 0
3, 0
3, 0
3, 0
3, 0
3, 0
1, 0x7c440
0, 0x40430
0, 0x7c460
2, 2
3, 0
3, 0
3, 0
3, 0
3, 0
3, 0
3, 0
3, 0
3, 0
3, 0
3, 0
3, 0
3, 0
3, 0
0, 0x40450
0, 0x7c480
0, 0x40470
0, 0x7c4a0
0, 0x40490
0, 0x7c4c0
0, 0x404b0
0, 0x7c4e0
1, 0x7c460
0, 0x40450
0, 0x7c480
2, 2
3, 0
3, 0
3, 0
3, 0
3, 0
3, 0
3, 0
3, 0
3, 0
3, 0
3, 0
3, 0
3, 0
3, 0
1, 0x7c480
0, 0x40470
0, 0x7c4a0
2, 2
3, 0
3, 0
3, 0
3, 0
3, 0
3, 0
3, 0
3, 0
3, 0
3, 0
3, 0
3, 0
3, 0
3, 0
1, 0x7c4a0
0, 0x40490
0, 0x7c4c0
2, 2
3, 0
3, 0
3, 0
3, 0
3, 0
3, 0
3, 0
3, 0
3, 0
3, 0
3, 0
3, 0
3, 0
3, 0
1, 0x7c4c0
0, 0x404b0
0, 0x7c4e0
2, 2
3, 0
3, 0
3, 0
3, 0
3, 0
3, 0
3, 0
3, 0
3, 0
3, 0
3, 0
3, 0
3, 0
3, 0
0, 0x404d0
0, 0x7c500
0, 0x404f0
0, 0x7c520
0, 0x40510
0, 0x7c540
0, 0x40530
0, 0x7c560
1, 0x7c4e0
0, 0x404d0
0, 0x7c500
2, 2
3, 0
3, 0
3, 0
3, 0
3, 0
3, 0
3, 0
3, 0
3, 0
3, 0
3, 0
3, 0
3, 0
3, 0
1, 0x7c500
0, 0x404f0
0, 0x7c520
2, 2
3, 0
3, 0
3, 0
3, 0
3, 0
3, 0
3, 0
3, 0
3, 0
3, 0
3, 0
3, 0
3, 0
3, 0
1, 0x7c520
0, 0x40510
0, 0x7c540
2, 2
3, 0
3, 0
3, 0
3, 0
3, 0
3, 0
3, 0
3, 0
3, 0
3, 0
3, 0
3, 0
3, 0
3, 0
1, 0x7c540
0, 0x40530
0, 0x7c560
2, 2
3, 0
3, 0
3, 0
3, 0
3, 0
3, 0
3, 0
3, 0
3, 0
3, 0
3, 0
3, 0
3, 0
3, 0
0, 0x40550
0, 0x7c580
0, 0x40570
0, 0x7c5a0
0, 0x40590
0, 0x7c5c0
0, 0x405b0
0, 0x7c5e0
1, 0x7c560
0, 0x40550
0, 0x7c580
2, 2
3, 0
3, 0
3, 0
3, 0
3, 0
3, 0
3, 0
3, 0
3, 0
3, 0
3, 0
3, 0
3, 0
3, 0
1, 0x7c580
0, 0x40570
0, 0x7c5a0
2, 2
3, 0
3, 0
3, 0
3, 0
3, 0
3, 0
3, 0
3, 0
3, 0
3, 0
3, 0
3, 0
3, 0
3, 0
1, 0x7c5a0
0, 0x40590
0, 0x7c5c0
2, 2
3, 0
3, 0
3, 0
3, 0
3, 0
3, 0
3, 0
3, 0
3, 0
3, 0
3, 0
3, 0
3, 0
3, 0
1, 0x7c5c0
0, 0x405b0
0, 0x7c5e0
2, 2
3, 0
3, 0
3, 0
3, 0
3, 0
3, 0
3, 0
3, 0
3, 0
3, 0
3, 0
3, 0
3, 0
3, 0
0, 0x405d0
0, 0x7c600
0, 0x405f0
0, 0x7c620
0, 0x40610
0, 0x7c640
0, 0x40630
0, 0x7c660
1, 0x7c5e0
0, 0x405d0
0, 0x7c600
2, 2
3, 0
3, 0
3, 0
3, 0
3, 0
3, 0
3, 0
3, 0
3, 0
3, 0
3, 0
3, 0
3, 0
3, 0
1, 0x7c600
0, 0x405f0
0, 0x7c620
2, 2
3, 0
3, 0
3, 0
3, 0
3, 0
3, 0
3, 0
3, 0
3, 0
3, 0
3, 0
3, 0
3, 0
3, 0
1, 0x7c620
0, 0x40610
0, 0x7c640
2, 2
3, 0
3, 0
3, 0
3, 0
3, 0
3, 0
3, 0
3, 0
3, 0
3, 0
3, 0
3, 0
3, 0
3, 0
1, 0x7c640
0, 0x40630
0, 0x7c660
2, 2
3, 0
3, 0
3, 0
3, 0
3, 0
3, 0
3, 0
3, 0
3, 0
3, 0
3, 0
3, 0
3, 0
3, 0
0, 0x40650
0, 0x7c680
0, 0x40670
0, 0x7c6a0
0, 0x40690
0, 0x7c6c0
0, 0x406b0
0, 0x7c6e0
1, 0x7c660
0, 0x40650
0, 0x7c680
2, 2
3, 0
3, 0
3, 0
3, 0
3, 0
3, 0
3, 0
3, 0
3, 0
3, 0
3, 0
3, 0
3, 0
3, 0
1, 0x7c680
0, 0x40670
0, 0x7c6a0
2, 2
3, 0
3, 0
3, 0
3, 0
3, 0
3, 0
3, 0
3, 0
3, 0
3, 0
3, 0
3, 0
3, 0
3, 0
1, 0x7c6a0
0, 0x40690
0, 0x7c6c0
2, 2
3, 0
3, 0
3, 0
3, 0
3, 0
3, 0
3, 0
3, 0
3, 0
3, 0
3, 0
3, 0
3, 0
3, 0
1, 0x7c6c0
0, 0x406b0
0, 0x7c6e0
2, 2
3, 0
3, 0
3, 0
3, 0
3, 0
3, 0
3, 0
3, 0
3, 0
3, 0
3, 0
3, 0
3, 0
3, 0
0, 0x406d0
0, 0x7c700
0, 0x406f0
0, 0x7c720
0, 0x40710
0, 0x7c740
0, 0x40730
0, 0x7c760
1, 0x7c6e0
0, 0x406d0
0, 0x7c700
2, 2
3, 0
3, 0
3, 0
3, 0
3, 0
3, 0
3, 0
3, 0
3, 0
3, 0
3, 0
3, 0
3, 0
3, 0
1, 0x7c700
0, 0x406f0
0, 0x7c720
2, 2
3, 0
3, 0
3, 0
3, 0
3, 0
3, 0
3, 0
3, 0
3, 0
3, 0
3, 0
3, 0
3, 0
3, 0
1, 0x7c720
0, 0x40710
0, 0x7c740
2, 2
3, 0
3, 0
3, 0
3, 0
3, 0
3, 0
3, 0
3, 0
3, 0
3, 0
3, 0
3, 0
3, 0
3, 0
1, 0x7c740
0, 0x40730
0, 0x7c760
2, 2
3, 0
3, 0
3, 0
3, 0
3, 0
3, 0
3, 0
3, 0
3, 0
3, 0
3, 0
3, 0
3, 0
3, 0
0, 0x40750
0, 0x7c780
0, 0x40770
0, 0x7c7a0
0, 0x40790
0, 0x7c7c0
0, 0x407b0
0, 0x7c7e0
1, 0x7c760
0, 0x40750
0, 0x7c780
2, 2
3, 0
3, 0
3, 0
3, 0
3, 0
3, 0
3, 0
3, 0
3, 0
3, 0
3, 0
3, 0
3, 0
3, 0
1, 0x7c780
0, 0x40770
0, 0x7c7a0
2, 2
3, 0
3, 0
3, 0
3, 0
3, 0
3, 0
3, 0
3, 0
3, 0
3, 0
3, 0
3, 0
3, 0
3, 0
1, 0x7c7a0
0, 0x40790
0, 0x7c7c0
2, 2
3, 0
3, 0
3, 0
3, 0
3, 0
3, 0
3, 0
3, 0
3, 0
3, 0
3, 0
3, 0
3, 0
3, 0
1, 0x7c7c0
0, 0x407b0
0, 0x7c7e0
2, 2
3, 0
3, 0
3, 0
3, 0
3, 0
3, 0
3, 0
3, 0
3, 0
3, 0
3, 0
3, 0
3, 0
3, 0
0, 0x407d0
0, 0x7c800
0, 0x407f0
0, 0x7c820
0, 0x40810
0, 0x7c840
0, 0x40830
0, 0x7c860
1, 0x7c7e0
0, 0x407d0
0, 0x7c800
2, 2
3, 0
3, 0
3, 0
3, 0
3, 0
3, 0
3, 0
3, 0
3, 0
3, 0
3, 0
3, 0
3, 0
3, 0
1, 0x7c800
0, 0x407f0
0, 0x7c820
2, 2
3, 0
3, 0
3, 0
3, 0
3, 0
3, 0
3, 0
3, 0
3, 0
3, 0
3, 0
3, 0
3, 0
3, 0
1, 0x7c820
0, 0x40810
0, 0x7c840
2, 2
3, 0
3, 0
3, 0
3, 0
3, 0
3, 0
3, 0
3, 0
3, 0
3, 0
3, 0
3, 0
3, 0
3, 0
1, 0x7c840
0, 0x40830
0, 0x7c860
2, 2
3, 0
3, 0
3, 0
3, 0
3, 0
3, 0
3, 0
3, 0
3, 0
3, 0
3, 0
3, 0
3, 0
3, 0
0, 0x40850
0, 0x7c880
0, 0x40870
0, 0x7c8a0
0, 0x40890
0, 0x7c8c0
0, 0x408b0
0, 0x7c8e0
1, 0x7c860
0, 0x40850
0, 0x7c880
2, 2
3, 0
3, 0
3, 0
3, 0
3, 0
3, 0
3, 0
3, 0
3, 0
3, 0
3, 0
3, 0
3, 0
3, 0
1, 0x7c880
0, 0x40870
0, 0x7c8a0
2, 2
3, 0
3, 0
3, 0
3, 0
3, 0
3, 0
3, 0
3, 0
3, 0
3, 0
3, 0
3, 0
3, 0
3, 0
1, 0x7c8a0
0, 0x40890
0, 0x7c8c0
2, 2
3, 0
3, 0
3, 0
3, 0
3, 0
3, 0
3, 0
3, 0
3, 0
3, 0
3, 0
3, 0
3, 0
3, 0
1, 0x7c8c0
0, 0x408b0
0, 0x7c8e0
2, 2
3, 0
3, 0
3, 0
3, 0
3, 0
3, 0
3, 0
3, 0
3, 0
3, 0
3, 0
3, 0
3, 0
3, 0
0, 0x408d0
0, 0x7c900
0, 0x408f0
0, 0x7c920
0, 0x40910
0, 0x7c940
0, 0x40930
0, 0x7c960
1, 0x7c8e0
0, 0x408d0
0, 0x7c900
2, 2
3, 0
3, 0
3, 0
3, 0
3, 0
3, 0
3, 0
3, 0
3, 0
3, 0
3, 0
3, 0
3, 0
3, 0
1, 0x7c900
0, 0x408f0
0, 0x7c920
2, 2
3, 0
3, 0
3, 0
3, 0
3, 0
3, 0
3, 0
3, 0
3, 0
3, 0
3, 0
3, 0
3, 0
3, 0
1, 0x7c920
0, 0x40910
0, 0x7c940
2, 2
3, 0
3, 0
3, 0
3, 0
3, 0
3, 0
3, 0
3, 0
3, 0
3, 0
3, 0
3, 0
3, 0
3, 0
1, 0x7c940
0, 0x40930
0, 0x7c960
2, 2
3, 0
3, 0
3, 0
3, 0
3, 0
3, 0
3, 0
3, 0
3, 0
3, 0
3, 0
3, 0
3, 0
3, 0
0, 0x40950
0, 0x7c980
0, 0x40970
0, 0x7c9a0
0, 0x40990
0, 0x7c9c0
0, 0x409b0
0, 0x7c9e0
1, 0x7c960
0, 0x40950
0, 0x7c980
2, 2
3, 0
3, 0
3, 0
3, 0
3, 0
3, 0
3, 0
3, 0
3, 0
3, 0
3, 0
3, 0
3, 0
3, 0
1, 0x7c980
0, 0x40970
0, 0x7c9a0
2, 2
3, 0
3, 0
3, 0
3, 0
3, 0
3, 0
3, 0
3, 0
3, 0
3, 0
3, 0
3, 0
3, 0
3, 0
1, 0x7c9a0
0, 0x40990
0, 0x7c9c0
2, 2
3, 0
3, 0
3, 0
3, 0
3, 0
3, 0
3, 0
3, 0
3, 0
3, 0
3, 0
3, 0
3, 0
3, 0
1, 0x7c9c0
0, 0x409b0
0, 0x7c9e0
2, 2
3, 0
3, 0
3, 0
3, 0
3, 0
3, 0
3, 0
3, 0
3, 0
3, 0
3, 0
3, 0
3, 0
3, 0
0, 0x409d0
0, 0x7ca00
0, 0x409f0
0, 0x7ca20
0, 0x40a10
0, 0x7ca40
0, 0x40a30
0, 0x7ca60
1, 0x7c9e0
0, 0x409d0
0, 0x7ca00
2, 2
3, 0
3, 0
3, 0
3, 0
3, 0
3, 0
3, 0
3, 0
3, 0
3, 0
3, 0
3, 0
3, 0
3, 0
1, 0x7ca00
0, 0x409f0
0, 0x7ca20
2, 2
3, 0
3, 0
3, 0
3, 0
3, 0
3, 0
3, 0
3, 0
3, 0
3, 0
3, 0
3, 0
3, 0
3, 0
1, 0x7ca20
0, 0x40a10
0, 0x7ca40
2, 2
3, 0
3, 0
3, 0
3, 0
3, 0
3, 0
3, 0
3, 0
3, 0
3, 0
3, 0
3, 0
3, 0
3, 0
1, 0x7ca40
0, 0x40a30
0, 0x7ca60
2, 2
3, 0
3, 0
3, 0
3, 0
3, 0
3, 0
3, 0
3, 0
3, 0
3, 0
3, 0
3, 0
3, 0
3, 0
0, 0x40a50
0, 0x7ca80
0, 0x40a70
0, 0x7caa0
0, 0x40a90
0, 0x7cac0
0, 0x40ab0
0, 0x7cae0
1, 0x7ca60
0, 0x40a50
0, 0x7ca80
2, 2
3, 0
3, 0
3, 0
3, 0
3, 0
3, 0
3, 0
3, 0
3, 0
3, 0
3, 0
3, 0
3, 0
3, 0
1, 0x7ca80
0, 0x40a70
0, 0x7caa0
2, 2
3, 0
3, 0
3, 0
3, 0
3, 0
3, 0
3, 0
3, 0
3, 0
3, 0
3, 0
3, 0
3, 0
3, 0
1, 0x7caa0
0, 0x40a90
0, 0x7cac0
2, 2
3, 0
3, 0
3, 0
3, 0
3, 0
3, 0
3, 0
3, 0
3, 0
3, 0
3, 0
3, 0
3, 0
3, 0
1, 0x7cac0
0, 0x40ab0
0, 0x7cae0
2, 2
3, 0
3, 0
3, 0
3, 0
3, 0
3, 0
3, 0
3, 0
3, 0
3, 0
3, 0
3, 0
3, 0
3, 0
0, 0x40ad0
0, 0x7cb00
0, 0x40af0
0, 0x7cb20
0, 0x40b10
0, 0x7cb40
0, 0x40b30
0, 0x7cb60
1, 0x7cae0
0, 0x40ad0
0, 0x7cb00
2, 2
3, 0
3, 0
3, 0
3, 0
3, 0
3, 0
3, 0
3, 0
3, 0
3, 0
3, 0
3, 0
3, 0
3, 0
1, 0x7cb00
0, 0x40af0
0, 0x7cb20
2, 2
3, 0
3, 0
3, 0
3, 0
3, 0
3, 0
3, 0
3, 0
3, 0
3, 0
3, 0
3, 0
3, 0
3, 0
1, 0x7cb20
0, 0x40b10
0, 0x7cb40
2, 2
3, 0
3, 0
3, 0
3, 0
3, 0
3, 0
3, 0
3, 0
3, 0
3, 0
3, 0
3, 0
3, 0
3, 0
1, 0x7cb40
0, 0x40b30
0, 0x7cb60
2, 2
3, 0
3, 0
3, 0
3, 0
3, 0
3, 0
3, 0
3, 0
3, 0
3, 0
3, 0
3, 0
3, 0
3, 0
0, 0x40b50
0, 0x7cb80
0, 0x40b70
0, 0x7cba0
0, 0x40b90
0, 0x7cbc0
0, 0x40bb0
0, 0x7cbe0
1, 0x7cb60
0, 0x40b50
0, 0x7cb80
2, 2
3, 0
3, 0
3, 0
3, 0
3, 0
3, 0
3, 0
3, 0
3, 0
3, 0
3, 0
3, 0
3, 0
3, 0
1, 0x7cb80
0, 0x40b70
0, 0x7cba0
2, 2
3, 0
3, 0
3, 0
3, 0
3, 0
3, 0
3, 0
3, 0
3, 0
3, 0
3, 0
3, 0
3, 0
3, 0
1, 0x7cba0
0, 0x40b90
0, 0x7cbc0
2, 2
3, 0
3, 0
3, 0
3, 0
3, 0
3, 0
3, 0
3, 0
3, 0
3, 0
3, 0
3, 0
3, 0
3, 0
1, 0x7cbc0
0, 0x40bb0
0, 0x7cbe0
2, 2
3, 0
3, 0
3, 0
3, 0
3, 0
3, 0
3, 0
3, 0
3, 0
3, 0
3, 0
3, 0
3, 0
3, 0
0, 0x40bd0
0, 0x7cc00
0, 0x40bf0
0, 0x7cc20
0, 0x40c10
0, 0x7cc40
0, 0x40c30
0, 0x7cc60
1, 0x7cbe0
0, 0x40bd0
0, 0x7cc00
2, 2
3, 0
3, 0
3, 0
3, 0
3, 0
3, 0
3, 0
3, 0
3, 0
3, 0
3, 0
3, 0
3, 0
3, 0
1, 0x7cc00
0, 0x40bf0
0, 0x7cc20
2, 2
3, 0
3, 0
3, 0
3, 0
3, 0
3, 0
3, 0
3, 0
3, 0
3, 0
3, 0
3, 0
3, 0
3, 0
1, 0x7cc20
0, 0x40c10
0, 0x7cc40
2, 2
3, 0
3, 0
3, 0
3, 0
3, 0
3, 0
3, 0
3, 0
3, 0
3, 0
3, 0
3, 0
3, 0
3, 0
1, 0x7cc40
0, 0x40c30
0, 0x7cc60
2, 2
3, 0
3, 0
3, 0
3, 0
3, 0
3, 0
3, 0
3, 0
3, 0
3, 0
3, 0
3, 0
3, 0
3, 0
0, 0x40c50
0, 0x7cc80
0, 0x40c70
0, 0x7cca0
0, 0x40c90
0, 0x7ccc0
0, 0x40cb0
0, 0x7cce0
1, 0x7cc60
0, 0x40c50
0, 0x7cc80
2, 2
3, 0
3, 0
3, 0
3, 0
3, 0
3, 0
3, 0
3, 0
3, 0
3, 0
3, 0
3, 0
3, 0
3, 0
1, 0x7cc80
0, 0x40c70
0, 0x7cca0
2, 2
3, 0
3, 0
3, 0
3, 0
3, 0
3, 0
3, 0
3, 0
3, 0
3, 0
3, 0
3, 0
3, 0
3, 0
1, 0x7cca0
0, 0x40c90
0, 0x7ccc0
2, 2
3, 0
3, 0
3, 0
3, 0
3, 0
3, 0
3, 0
3, 0
3, 0
3, 0
3, 0
3, 0
3, 0
3, 0
1, 0x7ccc0
0, 0x40cb0
0, 0x7cce0
2, 2
3, 0
3, 0
3, 0
3, 0
3, 0
3, 0
3, 0
3, 0
3, 0
3, 0
3, 0
3, 0
3, 0
3, 0
0, 0x40cd0
0, 0x7cd00
0, 0x40cf0
0, 0x7cd20
0, 0x40d10
0, 0x7cd40
0, 0x40d30
0, 0x7cd60
1, 0x7cce0
0, 0x40cd0
0, 0x7cd00
2, 2
3, 0
3, 0
3, 0
3, 0
3, 0
3, 0
3, 0
3, 0
3, 0
3, 0
3, 0
3, 0
3, 0
3, 0
1, 0x7cd00
0, 0x40cf0
0, 0x7cd20
2, 2
3, 0
3, 0
3, 0
3, 0
3, 0
3, 0
3, 0
3, 0
3, 0
3, 0
3, 0
3, 0
3, 0
3, 0
1, 0x7cd20
0, 0x40d10
0, 0x7cd40
2, 2
3, 0
3, 0
3, 0
3, 0
3, 0
3, 0
3, 0
3, 0
3, 0
3, 0
3, 0
3, 0
3, 0
3, 0
1, 0x7cd40
0, 0x40d30
0, 0x7cd60
2, 2
3, 0
3, 0
3, 0
3, 0
3, 0
3, 0
3, 0
3, 0
3, 0
3, 0
3, 0
3, 0
3, 0
3, 0
0, 0x40d50
0, 0x7cd80
0, 0x40d70
0, 0x7cda0
0, 0x40d90
0, 0x7cdc0
0, 0x40db0
0, 0x7cde0
1, 0x7cd60
0, 0x40d50
0, 0x7cd80
2, 2
3, 0
3, 0
3, 0
3, 0
3, 0
3, 0
3, 0
3, 0
3, 0
3, 0
3, 0
3, 0
3, 0
3, 0
1, 0x7cd80
0, 0x40d70
0, 0x7cda0
2, 2
3, 0
3, 0
3, 0
3, 0
3, 0
3, 0
3, 0
3, 0
3, 0
3, 0
3, 0
3, 0
3, 0
3, 0
1, 0x7cda0
0, 0x40d90
0, 0x7cdc0
2, 2
3, 0
3, 0
3, 0
3, 0
3, 0
3, 0
3, 0
3, 0
3, 0
3, 0
3, 0
3, 0
3, 0
3, 0
1, 0x7cdc0
0, 0x40db0
0, 0x7cde0
2, 2
3, 0
3, 0
3, 0
3, 0
3, 0
3, 0
3, 0
3, 0
3, 0
3, 0
3, 0
3, 0
3, 0
3, 0
0, 0x40dd0
0, 0x7ce00
0, 0x40df0
0, 0x7ce20
0, 0x40e10
0, 0x7ce40
0, 0x40e30
0, 0x7ce60
1, 0x7cde0
0, 0x40dd0
0, 0x7ce00
2, 2
3, 0
3, 0
3, 0
3, 0
3, 0
3, 0
3, 0
3, 0
3, 0
3, 0
3, 0
3, 0
3, 0
3, 0
1, 0x7ce00
0, 0x40df0
0, 0x7ce20
2, 2
3, 0
3, 0
3, 0
3, 0
3, 0
3, 0
3, 0
3, 0
3, 0
3, 0
3, 0
3, 0
3, 0
3, 0
1, 0x7ce20
0, 0x40e10
0, 0x7ce40
2, 2
3, 0
3, 0
3, 0
3, 0
3, 0
3, 0
3, 0
3, 0
3, 0
3, 0
3, 0
3, 0
3, 0
3, 0
1, 0x7ce40
0, 0x40e30
0, 0x7ce60
2, 2
3, 0
3, 0
3, 0
3, 0
3, 0
3, 0
3, 0
3, 0
3, 0
3, 0
3, 0
3, 0
3, 0
3, 0
0, 0x40e50
0, 0x7ce80
0, 0x40e70
0, 0x7cea0
0, 0x40e90
0, 0x7cec0
0, 0x40eb0
0, 0x7cee0
1, 0x7ce60
0, 0x40e50
0, 0x7ce80
2, 2
3, 0
3, 0
3, 0
3, 0
3, 0
3, 0
3, 0
3, 0
3, 0
3, 0
3, 0
3, 0
3, 0
3, 0
1, 0x7ce80
0, 0x40e70
0, 0x7cea0
2, 2
3, 0
3, 0
3, 0
3, 0
3, 0
3, 0
3, 0
3, 0
3, 0
3, 0
3, 0
3, 0
3, 0
3, 0
1, 0x7cea0
0, 0x40e90
0, 0x7cec0
2, 2
3, 0
3, 0
3, 0
3, 0
3, 0
3, 0
3, 0
3, 0
3, 0
3, 0
3, 0
3, 0
3, 0
3, 0
1, 0x7cec0
0, 0x40eb0
0, 0x7cee0
2, 2
3, 0
3, 0
3, 0
3, 0
3, 0
3, 0
3, 0
3, 0
3, 0
3, 0
3, 0
3, 0
3, 0
3, 0
0, 0x40ed0
0, 0x7cf00
0, 0x40ef0
0, 0x7cf20
0, 0x40f10
0, 0x7cf40
0, 0x40f30
0, 0x7cf60
1, 0x7cee0
0, 0x40ed0
0, 0x7cf00
2, 2
3, 0
3, 0
3, 0
3, 0
3, 0
3, 0
3, 0
3, 0
3, 0
3, 0
3, 0
3, 0
3, 0
3, 0
1, 0x7cf00
0, 0x40ef0
0, 0x7cf20
2, 2
3, 0
3, 0
3, 0
3, 0
3, 0
3, 0
3, 0
3, 0
3, 0
3, 0
3, 0
3, 0
3, 0
3, 0
1, 0x7cf20
0, 0x40f10
0, 0x7cf40
2, 2
3, 0
3, 0
3, 0
3, 0
3, 0
3, 0
3, 0
3, 0
3, 0
3, 0
3, 0
3, 0
3, 0
3, 0
1, 0x7cf40
0, 0x40f30
0, 0x7cf60
2, 2
3, 0
3, 0
3, 0
3, 0
3, 0
3, 0
3, 0
3, 0
3, 0
3, 0
3, 0
3, 0
3, 0
3, 0
0, 0x40f50
0, 0x7cf80
0, 0x40f70
0, 0x7cfa0
0, 0x40f90
0, 0x7cfc0
0, 0x40fb0
0, 0x7cfe0
1, 0x7cf60
0, 0x40f50
0, 0x7cf80
2, 2
3, 0
3, 0
3, 0
3, 0
3, 0
3, 0
3, 0
3, 0
3, 0
3, 0
3, 0
3, 0
3, 0
3, 0
1, 0x7cf80
0, 0x40f70
0, 0x7cfa0
2, 2
3, 0
3, 0
3, 0
3, 0
3, 0
3, 0
3, 0
3, 0
3, 0
3, 0
3, 0
3, 0
3, 0
3, 0
1, 0x7cfa0
0, 0x40f90
0, 0x7cfc0
2, 2
3, 0
3, 0
3, 0
3, 0
3, 0
3, 0
3, 0
3, 0
3, 0
3, 0
3, 0
3, 0
3, 0
3, 0
1, 0x7cfc0
0, 0x40fb0
0, 0x7cfe0
2, 2
3, 0
3, 0
3, 0
3, 0
3, 0
3, 0
3, 0
3, 0
3, 0
3, 0
3, 0
3, 0
3, 0
3, 0
0, 0x40fd0
0, 0x7d000
0, 0x40ff0
0, 0x7d020
0, 0x41010
0, 0x7d040
0, 0x41030
0, 0x7d060
1, 0x7cfe0
0, 0x40fd0
0, 0x7d000
2, 2
3, 0
3, 0
3, 0
3, 0
3, 0
3, 0
3, 0
3, 0
3, 0
3, 0
3, 0
3, 0
3, 0
3, 0
1, 0x7d000
0, 0x40ff0
0, 0x7d020
2, 2
3, 0
3, 0
3, 0
3, 0
3, 0
3, 0
3, 0
3, 0
3, 0
3, 0
3, 0
3, 0
3, 0
3, 0
1, 0x7d020
0, 0x41010
0, 0x7d040
2, 2
3, 0
3, 0
3, 0
3, 0
3, 0
3, 0
3, 0
3, 0
3, 0
3, 0
3, 0
3, 0
3, 0
3, 0
1, 0x7d040
0, 0x41030
0, 0x7d060
2, 2
3, 0
3, 0
3, 0
3, 0
3, 0
3, 0
3, 0
3, 0
3, 0
3, 0
3, 0
3, 0
3, 0
3, 0
0, 0x41050
0, 0x7d080
0, 0x41070
0, 0x7d0a0
0, 0x41090
0, 0x7d0c0
0, 0x410b0
0, 0x7d0e0
1, 0x7d060
0, 0x41050
0, 0x7d080
2, 2
3, 0
3, 0
3, 0
3, 0
3, 0
3, 0
3, 0
3, 0
3, 0
3, 0
3, 0
3, 0
3, 0
3, 0
1, 0x7d080
0, 0x41070
0, 0x7d0a0
2, 2
3, 0
3, 0
3, 0
3, 0
3, 0
3, 0
3, 0
3, 0
3, 0
3, 0
3, 0
3, 0
3, 0
3, 0
1, 0x7d0a0
0, 0x41090
0, 0x7d0c0
2, 2
3, 0
3, 0
3, 0
3, 0
3, 0
3, 0
3, 0
3, 0
3, 0
3, 0
3, 0
3, 0
3, 0
3, 0
1, 0x7d0c0
0, 0x410b0
0, 0x7d0e0
2, 2
3, 0
3, 0
3, 0
3, 0
3, 0
3, 0
3, 0
3, 0
3, 0
3, 0
3, 0
3, 0
3, 0
3, 0
0, 0x410d0
0, 0x7d100
0, 0x410f0
0, 0x7d120
0, 0x41110
0, 0x7d140
0, 0x41130
0, 0x7d160
1, 0x7d0e0
0, 0x410d0
0, 0x7d100
2, 2
3, 0
3, 0
3, 0
3, 0
3, 0
3, 0
3, 0
3, 0
3, 0
3, 0
3, 0
3, 0
3, 0
3, 0
1, 0x7d100
0, 0x410f0
0, 0x7d120
2, 2
3, 0
3, 0
3, 0
3, 0
3, 0
3, 0
3, 0
3, 0
3, 0
3, 0
3, 0
3, 0
3, 0
3, 0
1, 0x7d120
0, 0x41110
0, 0x7d140
2, 2
3, 0
3, 0
3, 0
3, 0
3, 0
3, 0
3, 0
3, 0
3, 0
3, 0
3, 0
3, 0
3, 0
3, 0
1, 0x7d140
0, 0x41130
0, 0x7d160
2, 2
3, 0
3, 0
3, 0
3, 0
3, 0
3, 0
3, 0
3, 0
3, 0
3, 0
3, 0
3, 0
3, 0
3, 0
0, 0x41150
0, 0x7d180
0, 0x41170
0, 0x7d1a0
0, 0x41190
0, 0x7d1c0
0, 0x411b0
0, 0x7d1e0
1, 0x7d160
0, 0x41150
0, 0x7d180
2, 2
3, 0
3, 0
3, 0
3, 0
3, 0
3, 0
3, 0
3, 0
3, 0
3, 0
3, 0
3, 0
3, 0
3, 0
1, 0x7d180
0, 0x41170
0, 0x7d1a0
2, 2
3, 0
3, 0
3, 0
3, 0
3, 0
3, 0
3, 0
3, 0
3, 0
3, 0
3, 0
3, 0
3, 0
3, 0
1, 0x7d1a0
0, 0x41190
0, 0x7d1c0
2, 2
3, 0
3, 0
3, 0
3, 0
3, 0
3, 0
3, 0
3, 0
3, 0
3, 0
3, 0
3, 0
3, 0
3, 0
1, 0x7d1c0
0, 0x411b0
0, 0x7d1e0
2, 2
3, 0
3, 0
3, 0
3, 0
3, 0
3, 0
3, 0
3, 0
3, 0
3, 0
3, 0
3, 0
3, 0
3, 0
0, 0x411d0
0, 0x7d200
0, 0x411f0
0, 0x7d220
0, 0x41210
0, 0x7d240
0, 0x41230
0, 0x7d260
1, 0x7d1e0
0, 0x411d0
0, 0x7d200
2, 2
3, 0
3, 0
3, 0
3, 0
3, 0
3, 0
3, 0
3, 0
3, 0
3, 0
3, 0
3, 0
3, 0
3, 0
1, 0x7d200
0, 0x411f0
0, 0x7d220
2, 2
3, 0
3, 0
3, 0
3, 0
3, 0
3, 0
3, 0
3, 0
3, 0
3, 0
3, 0
3, 0
3, 0
3, 0
1, 0x7d220
0, 0x41210
0, 0x7d240
2, 2
3, 0
3, 0
3, 0
3, 0
3, 0
3, 0
3, 0
3, 0
3, 0
3, 0
3, 0
3, 0
3, 0
3, 0
1, 0x7d240
0, 0x41230
0, 0x7d260
2, 2
3, 0
3, 0
3, 0
3, 0
3, 0
3, 0
3, 0
3, 0
3, 0
3, 0
3, 0
3, 0
3, 0
3, 0
0, 0x41250
0, 0x7d280
0, 0x41270
0, 0x7d2a0
0, 0x41290
0, 0x7d2c0
0, 0x412b0
0, 0x7d2e0
1, 0x7d260
0, 0x41250
0, 0x7d280
2, 2
3, 0
3, 0
3, 0
3, 0
3, 0
3, 0
3, 0
3, 0
3, 0
3, 0
3, 0
3, 0
3, 0
3, 0
1, 0x7d280
0, 0x41270
0, 0x7d2a0
2, 2
3, 0
3, 0
3, 0
3, 0
3, 0
3, 0
3, 0
3, 0
3, 0
3, 0
3, 0
3, 0
3, 0
3, 0
1, 0x7d2a0
0, 0x41290
0, 0x7d2c0
2, 2
3, 0
3, 0
3, 0
3, 0
3, 0
3, 0
3, 0
3, 0
3, 0
3, 0
3, 0
3, 0
3, 0
3, 0
1, 0x7d2c0
0, 0x412b0
0, 0x7d2e0
2, 2
3, 0
3, 0
3, 0
3, 0
3, 0
3, 0
3, 0
3, 0
3, 0
3, 0
3, 0
3, 0
3, 0
3, 0
0, 0x412d0
0, 0x7d300
0, 0x412f0
0, 0x7d320
0, 0x41310
0, 0x7d340
0, 0x41330
0, 0x7d360
1, 0x7d2e0
0, 0x412d0
0, 0x7d300
2, 2
3, 0
3, 0
3, 0
3, 0
3, 0
3, 0
3, 0
3, 0
3, 0
3, 0
3, 0
3, 0
3, 0
3, 0
1, 0x7d300
0, 0x412f0
0, 0x7d320
2, 2
3, 0
3, 0
3, 0
3, 0
3, 0
3, 0
3, 0
3, 0
3, 0
3, 0
3, 0
3, 0
3, 0
3, 0
1, 0x7d320
0, 0x41310
0, 0x7d340
2, 2
3, 0
3, 0
3, 0
3, 0
3, 0
3, 0
3, 0
3, 0
3, 0
3, 0
3, 0
3, 0
3, 0
3, 0
1, 0x7d340
0, 0x41330
0, 0x7d360
2, 2
3, 0
3, 0
3, 0
3, 0
3, 0
3, 0
3, 0
3, 0
3, 0
3, 0
3, 0
3, 0
3, 0
3, 0
0, 0x41350
0, 0x7d380
0, 0x41370
0, 0x7d3a0
0, 0x41390
0, 0x7d3c0
0, 0x413b0
0, 0x7d3e0
1, 0x7d360
0, 0x41350
0, 0x7d380
2, 2
3, 0
3, 0
3, 0
3, 0
3, 0
3, 0
3, 0
3, 0
3, 0
3, 0
3, 0
3, 0
3, 0
3, 0
1, 0x7d380
0, 0x41370
0, 0x7d3a0
2, 2
3, 0
3, 0
3, 0
3, 0
3, 0
3, 0
3, 0
3, 0
3, 0
3, 0
3, 0
3, 0
3, 0
3, 0
1, 0x7d3a0
0, 0x41390
0, 0x7d3c0
2, 2
3, 0
3, 0
3, 0
3, 0
3, 0
3, 0
3, 0
3, 0
3, 0
3, 0
3, 0
3, 0
3, 0
3, 0
1, 0x7d3c0
0, 0x413b0
0, 0x7d3e0
2, 2
3, 0
3, 0
3, 0
3, 0
3, 0
3, 0
3, 0
3, 0
3, 0
3, 0
3, 0
3, 0
3, 0
3, 0
0, 0x413d0
0, 0x7d400
0, 0x413f0
0, 0x7d420
0, 0x41410
0, 0x7d440
0, 0x41430
0, 0x7d460
1, 0x7d3e0
0, 0x413d0
0, 0x7d400
2, 2
3, 0
3, 0
3, 0
3, 0
3, 0
3, 0
3, 0
3, 0
3, 0
3, 0
3, 0
3, 0
3, 0
3, 0
1, 0x7d400
0, 0x413f0
0, 0x7d420
2, 2
3, 0
3, 0
3, 0
3, 0
3, 0
3, 0
3, 0
3, 0
3, 0
3, 0
3, 0
3, 0
3, 0
3, 0
1, 0x7d420
0, 0x41410
0, 0x7d440
2, 2
3, 0
3, 0
3, 0
3, 0
3, 0
3, 0
3, 0
3, 0
3, 0
3, 0
3, 0
3, 0
3, 0
3, 0
1, 0x7d440
0, 0x41430
0, 0x7d460
2, 2
3, 0
3, 0
3, 0
3, 0
3, 0
3, 0
3, 0
3, 0
3, 0
3, 0
3, 0
3, 0
3, 0
3, 0
0, 0x41450
0, 0x7d480
0, 0x41470
0, 0x7d4a0
0, 0x41490
0, 0x7d4c0
0, 0x414b0
0, 0x7d4e0
1, 0x7d460
0, 0x41450
0, 0x7d480
2, 2
3, 0
3, 0
3, 0
3, 0
3, 0
3, 0
3, 0
3, 0
3, 0
3, 0
3, 0
3, 0
3, 0
3, 0
1, 0x7d480
0, 0x41470
0, 0x7d4a0
2, 2
3, 0
3, 0
3, 0
3, 0
3, 0
3, 0
3, 0
3, 0
3, 0
3, 0
3, 0
3, 0
3, 0
3, 0
1, 0x7d4a0
0, 0x41490
0, 0x7d4c0
2, 2
3, 0
3, 0
3, 0
3, 0
3, 0
3, 0
3, 0
3, 0
3, 0
3, 0
3, 0
3, 0
3, 0
3, 0
1, 0x7d4c0
0, 0x414b0
0, 0x7d4e0
2, 2
3, 0
3, 0
3, 0
3, 0
3, 0
3, 0
3, 0
3, 0
3, 0
3, 0
3, 0
3, 0
3, 0
3, 0
0, 0x414d0
0, 0x7d500
0, 0x414f0
0, 0x7d520
0, 0x41510
0, 0x7d540
0, 0x41530
0, 0x7d560
1, 0x7d4e0
0, 0x414d0
0, 0x7d500
2, 2
3, 0
3, 0
3, 0
3, 0
3, 0
3, 0
3, 0
3, 0
3, 0
3, 0
3, 0
3, 0
3, 0
3, 0
1, 0x7d500
0, 0x414f0
0, 0x7d520
2, 2
3, 0
3, 0
3, 0
3, 0
3, 0
3, 0
3, 0
3, 0
3, 0
3, 0
3, 0
3, 0
3, 0
3, 0
1, 0x7d520
0, 0x41510
0, 0x7d540
2, 2
3, 0
3, 0
3, 0
3, 0
3, 0
3, 0
3, 0
3, 0
3, 0
3, 0
3, 0
3, 0
3, 0
3, 0
1, 0x7d540
0, 0x41530
0, 0x7d560
2, 2
3, 0
3, 0
3, 0
3, 0
3, 0
3, 0
3, 0
3, 0
3, 0
3, 0
3, 0
3, 0
3, 0
3, 0
0, 0x41550
0, 0x7d580
0, 0x41570
0, 0x7d5a0
0, 0x41590
0, 0x7d5c0
0, 0x415b0
0, 0x7d5e0
1, 0x7d560
0, 0x41550
0, 0x7d580
2, 2
3, 0
3, 0
3, 0
3, 0
3, 0
3, 0
3, 0
3, 0
3, 0
3, 0
3, 0
3, 0
3, 0
3, 0
1, 0x7d580
0, 0x41570
0, 0x7d5a0
2, 2
3, 0
3, 0
3, 0
3, 0
3, 0
3, 0
3, 0
3, 0
3, 0
3, 0
3, 0
3, 0
3, 0
3, 0
1, 0x7d5a0
0, 0x41590
0, 0x7d5c0
2, 2
3, 0
3, 0
3, 0
3, 0
3, 0
3, 0
3, 0
3, 0
3, 0
3, 0
3, 0
3, 0
3, 0
3, 0
1, 0x7d5c0
0, 0x415b0
0, 0x7d5e0
2, 2
3, 0
3, 0
3, 0
3, 0
3, 0
3, 0
3, 0
3, 0
3, 0
3, 0
3, 0
3, 0
3, 0
3, 0
0, 0x415d0
0, 0x7d600
0, 0x415f0
0, 0x7d620
0, 0x41610
0, 0x7d640
0, 0x41630
0, 0x7d660
1, 0x7d5e0
0, 0x415d0
0, 0x7d600
2, 2
3, 0
3, 0
3, 0
3, 0
3, 0
3, 0
3, 0
3, 0
3, 0
3, 0
3, 0
3, 0
3, 0
3, 0
1, 0x7d600
0, 0x415f0
0, 0x7d620
2, 2
3, 0
3, 0
3, 0
3, 0
3, 0
3, 0
3, 0
3, 0
3, 0
3, 0
3, 0
3, 0
3, 0
3, 0
1, 0x7d620
0, 0x41610
0, 0x7d640
2, 2
3, 0
3, 0
3, 0
3, 0
3, 0
3, 0
3, 0
3, 0
3, 0
3, 0
3, 0
3, 0
3, 0
3, 0
1, 0x7d640
0, 0x41630
0, 0x7d660
2, 2
3, 0
3, 0
3, 0
3, 0
3, 0
3, 0
3, 0
3, 0
3, 0
3, 0
3, 0
3, 0
3, 0
3, 0
0, 0x41650
0, 0x7d680
0, 0x41670
0, 0x7d6a0
0, 0x41690
0, 0x7d6c0
0, 0x416b0
0, 0x7d6e0
1, 0x7d660
0, 0x41650
0, 0x7d680
2, 2
3, 0
3, 0
3, 0
3, 0
3, 0
3, 0
3, 0
3, 0
3, 0
3, 0
3, 0
3, 0
3, 0
3, 0
1, 0x7d680
0, 0x41670
0, 0x7d6a0
2, 2
3, 0
3, 0
3, 0
3, 0
3, 0
3, 0
3, 0
3, 0
3, 0
3, 0
3, 0
3, 0
3, 0
3, 0
1, 0x7d6a0
0, 0x41690
0, 0x7d6c0
2, 2
3, 0
3, 0
3, 0
3, 0
3, 0
3, 0
3, 0
3, 0
3, 0
3, 0
3, 0
3, 0
3, 0
3, 0
1, 0x7d6c0
0, 0x416b0
0, 0x7d6e0
2, 2
3, 0
3, 0
3, 0
3, 0
3, 0
3, 0
3, 0
3, 0
3, 0
3, 0
3, 0
3, 0
3, 0
3, 0
0, 0x416d0
0, 0x7d700
0, 0x416f0
0, 0x7d720
0, 0x41710
0, 0x7d740
0, 0x41730
0, 0x7d760
1, 0x7d6e0
0, 0x416d0
0, 0x7d700
2, 2
3, 0
3, 0
3, 0
3, 0
3, 0
3, 0
3, 0
3, 0
3, 0
3, 0
3, 0
3, 0
3, 0
3, 0
1, 0x7d700
0, 0x416f0
0, 0x7d720
2, 2
3, 0
3, 0
3, 0
3, 0
3, 0
3, 0
3, 0
3, 0
3, 0
3, 0
3, 0
3, 0
3, 0
3, 0
1, 0x7d720
0, 0x41710
0, 0x7d740
2, 2
3, 0
3, 0
3, 0
3, 0
3, 0
3, 0
3, 0
3, 0
3, 0
3, 0
3, 0
3, 0
3, 0
3, 0
1, 0x7d740
0, 0x41730
0, 0x7d760
2, 2
3, 0
3, 0
3, 0
3, 0
3, 0
3, 0
3, 0
3, 0
3, 0
3, 0
3, 0
3, 0
3, 0
3, 0
0, 0x41750
0, 0x7d780
0, 0x41770
0, 0x7d7a0
0, 0x41790
0, 0x7d7c0
0, 0x417b0
0, 0x7d7e0
1, 0x7d760
0, 0x41750
0, 0x7d780
2, 2
3, 0
3, 0
3, 0
3, 0
3, 0
3, 0
3, 0
3, 0
3, 0
3, 0
3, 0
3, 0
3, 0
3, 0
1, 0x7d780
0, 0x41770
0, 0x7d7a0
2, 2
3, 0
3, 0
3, 0
3, 0
3, 0
3, 0
3, 0
3, 0
3, 0
3, 0
3, 0
3, 0
3, 0
3, 0
1, 0x7d7a0
0, 0x41790
0, 0x7d7c0
2, 2
3, 0
3, 0
3, 0
3, 0
3, 0
3, 0
3, 0
3, 0
3, 0
3, 0
3, 0
3, 0
3, 0
3, 0
1, 0x7d7c0
0, 0x417b0
0, 0x7d7e0
2, 2
3, 0
3, 0
3, 0
3, 0
3, 0
3, 0
3, 0
3, 0
3, 0
3, 0
3, 0
3, 0
3, 0
3, 0
0, 0x417d0
0, 0x7d800
0, 0x417f0
0, 0x7d820
0, 0x41810
0, 0x7d840
0, 0x41830
0, 0x7d860
1, 0x7d7e0
0, 0x417d0
0, 0x7d800
2, 2
3, 0
3, 0
3, 0
3, 0
3, 0
3, 0
3, 0
3, 0
3, 0
3, 0
3, 0
3, 0
3, 0
3, 0
1, 0x7d800
0, 0x417f0
0, 0x7d820
2, 2
3, 0
3, 0
3, 0
3, 0
3, 0
3, 0
3, 0
3, 0
3, 0
3, 0
3, 0
3, 0
3, 0
3, 0
1, 0x7d820
0, 0x41810
0, 0x7d840
2, 2
3, 0
3, 0
3, 0
3, 0
3, 0
3, 0
3, 0
3, 0
3, 0
3, 0
3, 0
3, 0
3, 0
3, 0
1, 0x7d840
0, 0x41830
0, 0x7d860
2, 2
3, 0
3, 0
3, 0
3, 0
3, 0
3, 0
3, 0
3, 0
3, 0
3, 0
3, 0
3, 0
3, 0
3, 0
0, 0x41850
0, 0x7d880
0, 0x41870
0, 0x7d8a0
0, 0x41890
0, 0x7d8c0
0, 0x418b0
0, 0x7d8e0
1, 0x7d860
0, 0x41850
0, 0x7d880
2, 2
3, 0
3, 0
3, 0
3, 0
3, 0
3, 0
3, 0
3, 0
3, 0
3, 0
3, 0
3, 0
3, 0
3, 0
1, 0x7d880
0, 0x41870
0, 0x7d8a0
2, 2
3, 0
3, 0
3, 0
3, 0
3, 0
3, 0
3, 0
3, 0
3, 0
3, 0
3, 0
3, 0
3, 0
3, 0
1, 0x7d8a0
0, 0x41890
0, 0x7d8c0
2, 2
3, 0
3, 0
3, 0
3, 0
3, 0
3, 0
3, 0
3, 0
3, 0
3, 0
3, 0
3, 0
3, 0
3, 0
1, 0x7d8c0
0, 0x418b0
0, 0x7d8e0
2, 2
3, 0
3, 0
3, 0
3, 0
3, 0
3, 0
3, 0
3, 0
3, 0
3, 0
3, 0
3, 0
3, 0
3, 0
0, 0x418d0
0, 0x7d900
0, 0x418f0
0, 0x7d920
0, 0x41910
0, 0x7d940
0, 0x41930
0, 0x7d960
1, 0x7d8e0
0, 0x418d0
0, 0x7d900
2, 2
3, 0
3, 0
3, 0
3, 0
3, 0
3, 0
3, 0
3, 0
3, 0
3, 0
3, 0
3, 0
3, 0
3, 0
1, 0x7d900
0, 0x418f0
0, 0x7d920
2, 2
3, 0
3, 0
3, 0
3, 0
3, 0
3, 0
3, 0
3, 0
3, 0
3, 0
3, 0
3, 0
3, 0
3, 0
1, 0x7d920
0, 0x41910
0, 0x7d940
2, 2
3, 0
3, 0
3, 0
3, 0
3, 0
3, 0
3, 0
3, 0
3, 0
3, 0
3, 0
3, 0
3, 0
3, 0
1, 0x7d940
0, 0x41930
0, 0x7d960
2, 2
3, 0
3, 0
3, 0
3, 0
3, 0
3, 0
3, 0
3, 0
3, 0
3, 0
3, 0
3, 0
3, 0
3, 0
0, 0x41950
0, 0x7d980
0, 0x41970
0, 0x7d9a0
0, 0x41990
0, 0x7d9c0
0, 0x419b0
0, 0x7d9e0
1, 0x7d960
0, 0x41950
0, 0x7d980
2, 2
3, 0
3, 0
3, 0
3, 0
3, 0
3, 0
3, 0
3, 0
3, 0
3, 0
3, 0
3, 0
3, 0
3, 0
1, 0x7d980
0, 0x41970
0, 0x7d9a0
2, 2
3, 0
3, 0
3, 0
3, 0
3, 0
3, 0
3, 0
3, 0
3, 0
3, 0
3, 0
3, 0
3, 0
3, 0
1, 0x7d9a0
0, 0x41990
0, 0x7d9c0
2, 2
3, 0
3, 0
3, 0
3, 0
3, 0
3, 0
3, 0
3, 0
3, 0
3, 0
3, 0
3, 0
3, 0
3, 0
1, 0x7d9c0
0, 0x419b0
0, 0x7d9e0
2, 2
3, 0
3, 0
3, 0
3, 0
3, 0
3, 0
3, 0
3, 0
3, 0
3, 0
3, 0
3, 0
3, 0
3, 0
0, 0x419d0
0, 0x7da00
0, 0x419f0
0, 0x7da20
0, 0x41a10
0, 0x7da40
0, 0x41a30
0, 0x7da60
1, 0x7d9e0
0, 0x419d0
0, 0x7da00
2, 2
3, 0
3, 0
3, 0
3, 0
3, 0
3, 0
3, 0
3, 0
3, 0
3, 0
3, 0
3, 0
3, 0
3, 0
1, 0x7da00
0, 0x419f0
0, 0x7da20
2, 2
3, 0
3, 0
3, 0
3, 0
3, 0
3, 0
3, 0
3, 0
3, 0
3, 0
3, 0
3, 0
3, 0
3, 0
1, 0x7da20
0, 0x41a10
0, 0x7da40
2, 2
3, 0
3, 0
3, 0
3, 0
3, 0
3, 0
3, 0
3, 0
3, 0
3, 0
3, 0
3, 0
3, 0
3, 0
1, 0x7da40
0, 0x41a30
0, 0x7da60
2, 2
3, 0
3, 0
3, 0
3, 0
3, 0
3, 0
3, 0
3, 0
3, 0
3, 0
3, 0
3, 0
3, 0
3, 0
0, 0x41a50
0, 0x7da80
0, 0x41a70
0, 0x7daa0
0, 0x41a90
0, 0x7dac0
0, 0x41ab0
0, 0x7dae0
1, 0x7da60
0, 0x41a50
0, 0x7da80
2, 2
3, 0
3, 0
3, 0
3, 0
3, 0
3, 0
3, 0
3, 0
3, 0
3, 0
3, 0
3, 0
3, 0
3, 0
1, 0x7da80
0, 0x41a70
0, 0x7daa0
2, 2
3, 0
3, 0
3, 0
3, 0
3, 0
3, 0
3, 0
3, 0
3, 0
3, 0
3, 0
3, 0
3, 0
3, 0
1, 0x7daa0
0, 0x41a90
0, 0x7dac0
2, 2
3, 0
3, 0
3, 0
3, 0
3, 0
3, 0
3, 0
3, 0
3, 0
3, 0
3, 0
3, 0
3, 0
3, 0
1, 0x7dac0
0, 0x41ab0
0, 0x7dae0
2, 2
3, 0
3, 0
3, 0
3, 0
3, 0
3, 0
3, 0
3, 0
3, 0
3, 0
3, 0
3, 0
3, 0
3, 0
0, 0x41ad0
0, 0x7db00
0, 0x41af0
0, 0x7db20
0, 0x41b10
0, 0x7db40
0, 0x41b30
0, 0x7db60
1, 0x7dae0
0, 0x41ad0
0, 0x7db00
2, 2
3, 0
3, 0
3, 0
3, 0
3, 0
3, 0
3, 0
3, 0
3, 0
3, 0
3, 0
3, 0
3, 0
3, 0
1, 0x7db00
0, 0x41af0
0, 0x7db20
2, 2
3, 0
3, 0
3, 0
3, 0
3, 0
3, 0
3, 0
3, 0
3, 0
3, 0
3, 0
3, 0
3, 0
3, 0
1, 0x7db20
0, 0x41b10
0, 0x7db40
2, 2
3, 0
3, 0
3, 0
3, 0
3, 0
3, 0
3, 0
3, 0
3, 0
3, 0
3, 0
3, 0
3, 0
3, 0
1, 0x7db40
0, 0x41b30
0, 0x7db60
2, 2
3, 0
3, 0
3, 0
3, 0
3, 0
3, 0
3, 0
3, 0
3, 0
3, 0
3, 0
3, 0
3, 0
3, 0
0, 0x41b50
0, 0x7db80
0, 0x41b70
0, 0x7dba0
0, 0x41b90
0, 0x7dbc0
0, 0x41bb0
0, 0x7dbe0
1, 0x7db60
0, 0x41b50
0, 0x7db80
2, 2
3, 0
3, 0
3, 0
3, 0
3, 0
3, 0
3, 0
3, 0
3, 0
3, 0
3, 0
3, 0
3, 0
3, 0
1, 0x7db80
0, 0x41b70
0, 0x7dba0
2, 2
3, 0
3, 0
3, 0
3, 0
3, 0
3, 0
3, 0
3, 0
3, 0
3, 0
3, 0
3, 0
3, 0
3, 0
1, 0x7dba0
0, 0x41b90
0, 0x7dbc0
2, 2
3, 0
3, 0
3, 0
3, 0
3, 0
3, 0
3, 0
3, 0
3, 0
3, 0
3, 0
3, 0
3, 0
3, 0
1, 0x7dbc0
0, 0x41bb0
0, 0x7dbe0
2, 2
3, 0
3, 0
3, 0
3, 0
3, 0
3, 0
3, 0
3, 0
3, 0
3, 0
3, 0
3, 0
3, 0
3, 0
0, 0x41bd0
0, 0x7dc00
0, 0x41bf0
0, 0x7dc20
0, 0x41c10
0, 0x7dc40
0, 0x41c30
0, 0x7dc60
1, 0x7dbe0
0, 0x41bd0
0, 0x7dc00
2, 2
3, 0
3, 0
3, 0
3, 0
3, 0
3, 0
3, 0
3, 0
3, 0
3, 0
3, 0
3, 0
3, 0
3, 0
1, 0x7dc00
0, 0x41bf0
0, 0x7dc20
2, 2
3, 0
3, 0
3, 0
3, 0
3, 0
3, 0
3, 0
3, 0
3, 0
3, 0
3, 0
3, 0
3, 0
3, 0
1, 0x7dc20
0, 0x41c10
0, 0x7dc40
2, 2
3, 0
3, 0
3, 0
3, 0
3, 0
3, 0
3, 0
3, 0
3, 0
3, 0
3, 0
3, 0
3, 0
3, 0
1, 0x7dc40
0, 0x41c30
0, 0x7dc60
2, 2
3, 0
3, 0
3, 0
3, 0
3, 0
3, 0
3, 0
3, 0
3, 0
3, 0
3, 0
3, 0
3, 0
3, 0
0, 0x41c50
0, 0x7dc80
0, 0x41c70
0, 0x7dca0
0, 0x41c90
0, 0x7dcc0
0, 0x41cb0
0, 0x7dce0
1, 0x7dc60
0, 0x41c50
0, 0x7dc80
2, 2
3, 0
3, 0
3, 0
3, 0
3, 0
3, 0
3, 0
3, 0
3, 0
3, 0
3, 0
3, 0
3, 0
3, 0
1, 0x7dc80
0, 0x41c70
0, 0x7dca0
2, 2
3, 0
3, 0
3, 0
3, 0
3, 0
3, 0
3, 0
3, 0
3, 0
3, 0
3, 0
3, 0
3, 0
3, 0
1, 0x7dca0
0, 0x41c90
0, 0x7dcc0
2, 2
3, 0
3, 0
3, 0
3, 0
3, 0
3, 0
3, 0
3, 0
3, 0
3, 0
3, 0
3, 0
3, 0
3, 0
1, 0x7dcc0
0, 0x41cb0
0, 0x7dce0
2, 2
3, 0
3, 0
3, 0
3, 0
3, 0
3, 0
3, 0
3, 0
3, 0
3, 0
3, 0
3, 0
3, 0
3, 0
0, 0x41cd0
0, 0x7dd00
0, 0x41cf0
0, 0x7dd20
0, 0x41d10
0, 0x7dd40
0, 0x41d30
0, 0x7dd60
1, 0x7dce0
0, 0x41cd0
0, 0x7dd00
2, 2
3, 0
3, 0
3, 0
3, 0
3, 0
3, 0
3, 0
3, 0
3, 0
3, 0
3, 0
3, 0
3, 0
3, 0
1, 0x7dd00
0, 0x41cf0
0, 0x7dd20
2, 2
3, 0
3, 0
3, 0
3, 0
3, 0
3, 0
3, 0
3, 0
3, 0
3, 0
3, 0
3, 0
3, 0
3, 0
1, 0x7dd20
0, 0x41d10
0, 0x7dd40
2, 2
3, 0
3, 0
3, 0
3, 0
3, 0
3, 0
3, 0
3, 0
3, 0
3, 0
3, 0
3, 0
3, 0
3, 0
1, 0x7dd40
0, 0x41d30
0, 0x7dd60
2, 2
3, 0
3, 0
3, 0
3, 0
3, 0
3, 0
3, 0
3, 0
3, 0
3, 0
3, 0
3, 0
3, 0
3, 0
0, 0x41d50
0, 0x7dd80
0, 0x41d70
0, 0x7dda0
0, 0x41d90
0, 0x7ddc0
0, 0x41db0
0, 0x7dde0
1, 0x7dd60
0, 0x41d50
0, 0x7dd80
2, 2
3, 0
3, 0
3, 0
3, 0
3, 0
3, 0
3, 0
3, 0
3, 0
3, 0
3, 0
3, 0
3, 0
3, 0
1, 0x7dd80
0, 0x41d70
0, 0x7dda0
2, 2
3, 0
3, 0
3, 0
3, 0
3, 0
3, 0
3, 0
3, 0
3, 0
3, 0
3, 0
3, 0
3, 0
3, 0
1, 0x7dda0
0, 0x41d90
0, 0x7ddc0
2, 2
3, 0
3, 0
3, 0
3, 0
3, 0
3, 0
3, 0
3, 0
3, 0
3, 0
3, 0
3, 0
3, 0
3, 0
1, 0x7ddc0
0, 0x41db0
0, 0x7dde0
2, 2
3, 0
3, 0
3, 0
3, 0
3, 0
3, 0
3, 0
3, 0
3, 0
3, 0
3, 0
3, 0
3, 0
3, 0
0, 0x41dd0
0, 0x7de00
0, 0x41df0
0, 0x7de20
0, 0x41e10
0, 0x7de40
0, 0x41e30
0, 0x7de60
1, 0x7dde0
0, 0x41dd0
0, 0x7de00
2, 2
3, 0
3, 0
3, 0
3, 0
3, 0
3, 0
3, 0
3, 0
3, 0
3, 0
3, 0
3, 0
3, 0
3, 0
1, 0x7de00
0, 0x41df0
0, 0x7de20
2, 2
3, 0
3, 0
3, 0
3, 0
3, 0
3, 0
3, 0
3, 0
3, 0
3, 0
3, 0
3, 0
3, 0
3, 0
1, 0x7de20
0, 0x41e10
0, 0x7de40
2, 2
3, 0
3, 0
3, 0
3, 0
3, 0
3, 0
3, 0
3, 0
3, 0
3, 0
3, 0
3, 0
3, 0
3, 0
1, 0x7de40
0, 0x41e30
0, 0x7de60
2, 2
3, 0
3, 0
3, 0
3, 0
3, 0
3, 0
3, 0
3, 0
3, 0
3, 0
3, 0
3, 0
3, 0
3, 0
0, 0x41e50
0, 0x7de80
0, 0x41e70
0, 0x7dea0
0, 0x41e90
0, 0x7dec0
0, 0x41eb0
0, 0x7dee0
1, 0x7de60
0, 0x41e50
0, 0x7de80
2, 2
3, 0
3, 0
3, 0
3, 0
3, 0
3, 0
3, 0
3, 0
3, 0
3, 0
3, 0
3, 0
3, 0
3, 0
1, 0x7de80
0, 0x41e70
0, 0x7dea0
2, 2
3, 0
3, 0
3, 0
3, 0
3, 0
3, 0
3, 0
3, 0
3, 0
3, 0
3, 0
3, 0
3, 0
3, 0
1, 0x7dea0
0, 0x41e90
0, 0x7dec0
2, 2
3, 0
3, 0
3, 0
3, 0
3, 0
3, 0
3, 0
3, 0
3, 0
3, 0
3, 0
3, 0
3, 0
3, 0
1, 0x7dec0
0, 0x41eb0
0, 0x7dee0
2, 2
3, 0
3, 0
3, 0
3, 0
3, 0
3, 0
3, 0
3, 0
3, 0
3, 0
3, 0
3, 0
3, 0
3, 0
0, 0x41ed0
0, 0x7df00
0, 0x41ef0
0, 0x7df20
0, 0x41f10
0, 0x7df40
0, 0x41f30
0, 0x7df60
1, 0x7dee0
0, 0x41ed0
0, 0x7df00
2, 2
3, 0
3, 0
3, 0
3, 0
3, 0
3, 0
3, 0
3, 0
3, 0
3, 0
3, 0
3, 0
3, 0
3, 0
1, 0x7df00
0, 0x41ef0
0, 0x7df20
2, 2
3, 0
3, 0
3, 0
3, 0
3, 0
3, 0
3, 0
3, 0
3, 0
3, 0
3, 0
3, 0
3, 0
3, 0
1, 0x7df20
0, 0x41f10
0, 0x7df40
2, 2
3, 0
3, 0
3, 0
3, 0
3, 0
3, 0
3, 0
3, 0
3, 0
3, 0
3, 0
3, 0
3, 0
3, 0
1, 0x7df40
0, 0x41f30
0, 0x7df60
2, 2
3, 0
3, 0
3, 0
3, 0
3, 0
3, 0
3, 0
3, 0
3, 0
3, 0
3, 0
3, 0
3, 0
3, 0
0, 0x41f50
0, 0x7df80
0, 0x41f70
0, 0x7dfa0
0, 0x41f90
0, 0x7dfc0
0, 0x41fb0
0, 0x7dfe0
1, 0x7df60
0, 0x41f50
0, 0x7df80
2, 2
3, 0
3, 0
3, 0
3, 0
3, 0
3, 0
3, 0
3, 0
3, 0
3, 0
3, 0
3, 0
3, 0
3, 0
1, 0x7df80
0, 0x41f70
0, 0x7dfa0
2, 2
3, 0
3, 0
3, 0
3, 0
3, 0
3, 0
3, 0
3, 0
3, 0
3, 0
3, 0
3, 0
3, 0
3, 0
1, 0x7dfa0
0, 0x41f90
0, 0x7dfc0
2, 2
3, 0
3, 0
3, 0
3, 0
3, 0
3, 0
3, 0
3, 0
3, 0
3, 0
3, 0
3, 0
3, 0
3, 0
1, 0x7dfc0
0, 0x41fb0
0, 0x7dfe0
2, 2
3, 0
3, 0
3, 0
3, 0
3, 0
3, 0
3, 0
3, 0
3, 0
3, 0
3, 0
3, 0
3, 0
3, 0
0, 0x41fd0
0, 0x7e000
0, 0x41ff0
0, 0x7e020
0, 0x42010
0, 0x7e040
0, 0x42030
0, 0x7e060
1, 0x7dfe0
0, 0x41fd0
0, 0x7e000
2, 2
3, 0
3, 0
3, 0
3, 0
3, 0
3, 0
3, 0
3, 0
3, 0
3, 0
3, 0
3, 0
3, 0
3, 0
1, 0x7e000
0, 0x41ff0
0, 0x7e020
2, 2
3, 0
3, 0
3, 0
3, 0
3, 0
3, 0
3, 0
3, 0
3, 0
3, 0
3, 0
3, 0
3, 0
3, 0
1, 0x7e020
0, 0x42010
0, 0x7e040
2, 2
3, 0
3, 0
3, 0
3, 0
3, 0
3, 0
3, 0
3, 0
3, 0
3, 0
3, 0
3, 0
3, 0
3, 0
1, 0x7e040
0, 0x42030
0, 0x7e060
2, 2
3, 0
3, 0
3, 0
3, 0
3, 0
3, 0
3, 0
3, 0
3, 0
3, 0
3, 0
3, 0
3, 0
3, 0
0, 0x42050
0, 0x7e080
0, 0x42070
0, 0x7e0a0
0, 0x42090
0, 0x7e0c0
0, 0x420b0
0, 0x7e0e0
1, 0x7e060
0, 0x42050
0, 0x7e080
2, 2
3, 0
3, 0
3, 0
3, 0
3, 0
3, 0
3, 0
3, 0
3, 0
3, 0
3, 0
3, 0
3, 0
3, 0
1, 0x7e080
0, 0x42070
0, 0x7e0a0
2, 2
3, 0
3, 0
3, 0
3, 0
3, 0
3, 0
3, 0
3, 0
3, 0
3, 0
3, 0
3, 0
3, 0
3, 0
1, 0x7e0a0
0, 0x42090
0, 0x7e0c0
2, 2
3, 0
3, 0
3, 0
3, 0
3, 0
3, 0
3, 0
3, 0
3, 0
3, 0
3, 0
3, 0
3, 0
3, 0
1, 0x7e0c0
0, 0x420b0
0, 0x7e0e0
2, 2
3, 0
3, 0
3, 0
3, 0
3, 0
3, 0
3, 0
3, 0
3, 0
3, 0
3, 0
3, 0
3, 0
3, 0
0, 0x420d0
0, 0x7e100
0, 0x420f0
0, 0x7e120
0, 0x42110
0, 0x7e140
0, 0x42130
0, 0x7e160
1, 0x7e0e0
0, 0x420d0
0, 0x7e100
2, 2
3, 0
3, 0
3, 0
3, 0
3, 0
3, 0
3, 0
3, 0
3, 0
3, 0
3, 0
3, 0
3, 0
3, 0
1, 0x7e100
0, 0x420f0
0, 0x7e120
2, 2
3, 0
3, 0
3, 0
3, 0
3, 0
3, 0
3, 0
3, 0
3, 0
3, 0
3, 0
3, 0
3, 0
3, 0
1, 0x7e120
0, 0x42110
0, 0x7e140
2, 2
3, 0
3, 0
3, 0
3, 0
3, 0
3, 0
3, 0
3, 0
3, 0
3, 0
3, 0
3, 0
3, 0
3, 0
1, 0x7e140
0, 0x42130
0, 0x7e160
2, 2
3, 0
3, 0
3, 0
3, 0
3, 0
3, 0
3, 0
3, 0
3, 0
3, 0
3, 0
3, 0
3, 0
3, 0
0, 0x42150
0, 0x7e180
0, 0x42170
0, 0x7e1a0
0, 0x42190
0, 0x7e1c0
0, 0x421b0
0, 0x7e1e0
1, 0x7e160
0, 0x42150
0, 0x7e180
2, 2
3, 0
3, 0
3, 0
3, 0
3, 0
3, 0
3, 0
3, 0
3, 0
3, 0
3, 0
3, 0
3, 0
3, 0
1, 0x7e180
0, 0x42170
0, 0x7e1a0
2, 2
3, 0
3, 0
3, 0
3, 0
3, 0
3, 0
3, 0
3, 0
3, 0
3, 0
3, 0
3, 0
3, 0
3, 0
1, 0x7e1a0
0, 0x42190
0, 0x7e1c0
2, 2
3, 0
3, 0
3, 0
3, 0
3, 0
3, 0
3, 0
3, 0
3, 0
3, 0
3, 0
3, 0
3, 0
3, 0
1, 0x7e1c0
0, 0x421b0
0, 0x7e1e0
2, 2
3, 0
3, 0
3, 0
3, 0
3, 0
3, 0
3, 0
3, 0
3, 0
3, 0
3, 0
3, 0
3, 0
3, 0
0, 0x421d0
0, 0x7e200
0, 0x421f0
0, 0x7e220
0, 0x42210
0, 0x7e240
0, 0x42230
0, 0x7e260
1, 0x7e1e0
0, 0x421d0
0, 0x7e200
2, 2
3, 0
3, 0
3, 0
3, 0
3, 0
3, 0
3, 0
3, 0
3, 0
3, 0
3, 0
3, 0
3, 0
3, 0
1, 0x7e200
0, 0x421f0
0, 0x7e220
2, 2
3, 0
3, 0
3, 0
3, 0
3, 0
3, 0
3, 0
3, 0
3, 0
3, 0
3, 0
3, 0
3, 0
3, 0
1, 0x7e220
0, 0x42210
0, 0x7e240
2, 2
3, 0
3, 0
3, 0
3, 0
3, 0
3, 0
3, 0
3, 0
3, 0
3, 0
3, 0
3, 0
3, 0
3, 0
1, 0x7e240
0, 0x42230
0, 0x7e260
2, 2
3, 0
3, 0
3, 0
3, 0
3, 0
3, 0
3, 0
3, 0
3, 0
3, 0
3, 0
3, 0
3, 0
3, 0
0, 0x42250
0, 0x7e280
0, 0x42270
0, 0x7e2a0
0, 0x42290
0, 0x7e2c0
0, 0x422b0
0, 0x7e2e0
1, 0x7e260
0, 0x42250
0, 0x7e280
2, 2
3, 0
3, 0
3, 0
3, 0
3, 0
3, 0
3, 0
3, 0
3, 0
3, 0
3, 0
3, 0
3, 0
3, 0
1, 0x7e280
0, 0x42270
0, 0x7e2a0
2, 2
3, 0
3, 0
3, 0
3, 0
3, 0
3, 0
3, 0
3, 0
3, 0
3, 0
3, 0
3, 0
3, 0
3, 0
1, 0x7e2a0
0, 0x42290
0, 0x7e2c0
2, 2
3, 0
3, 0
3, 0
3, 0
3, 0
3, 0
3, 0
3, 0
3, 0
3, 0
3, 0
3, 0
3, 0
3, 0
1, 0x7e2c0
0, 0x422b0
0, 0x7e2e0
2, 2
3, 0
3, 0
3, 0
3, 0
3, 0
3, 0
3, 0
3, 0
3, 0
3, 0
3, 0
3, 0
3, 0
3, 0
0, 0x422d0
0, 0x7e300
0, 0x422f0
0, 0x7e320
0, 0x42310
0, 0x7e340
0, 0x42330
0, 0x7e360
1, 0x7e2e0
0, 0x422d0
0, 0x7e300
2, 2
3, 0
3, 0
3, 0
3, 0
3, 0
3, 0
3, 0
3, 0
3, 0
3, 0
3, 0
3, 0
3, 0
3, 0
1, 0x7e300
0, 0x422f0
0, 0x7e320
2, 2
3, 0
3, 0
3, 0
3, 0
3, 0
3, 0
3, 0
3, 0
3, 0
3, 0
3, 0
3, 0
3, 0
3, 0
1, 0x7e320
0, 0x42310
0, 0x7e340
2, 2
3, 0
3, 0
3, 0
3, 0
3, 0
3, 0
3, 0
3, 0
3, 0
3, 0
3, 0
3, 0
3, 0
3, 0
1, 0x7e340
0, 0x42330
0, 0x7e360
2, 2
3, 0
3, 0
3, 0
3, 0
3, 0
3, 0
3, 0
3, 0
3, 0
3, 0
3, 0
3, 0
3, 0
3, 0
0, 0x42350
0, 0x7e380
0, 0x42370
0, 0x7e3a0
0, 0x42390
0, 0x7e3c0
0, 0x423b0
0, 0x7e3e0
1, 0x7e360
0, 0x42350
0, 0x7e380
2, 2
3, 0
3, 0
3, 0
3, 0
3, 0
3, 0
3, 0
3, 0
3, 0
3, 0
3, 0
3, 0
3, 0
3, 0
1, 0x7e380
0, 0x42370
0, 0x7e3a0
2, 2
3, 0
3, 0
3, 0
3, 0
3, 0
3, 0
3, 0
3, 0
3, 0
3, 0
3, 0
3, 0
3, 0
3, 0
1, 0x7e3a0
0, 0x42390
0, 0x7e3c0
2, 2
3, 0
3, 0
3, 0
3, 0
3, 0
3, 0
3, 0
3, 0
3, 0
3, 0
3, 0
3, 0
3, 0
3, 0
1, 0x7e3c0
0, 0x423b0
0, 0x7e3e0
2, 2
3, 0
3, 0
3, 0
3, 0
3, 0
3, 0
3, 0
3, 0
3, 0
3, 0
3, 0
3, 0
3, 0
3, 0
0, 0x423d0
0, 0x7e400
0, 0x423f0
0, 0x7e420
0, 0x42410
0, 0x7e440
0, 0x42430
0, 0x7e460
1, 0x7e3e0
0, 0x423d0
0, 0x7e400
2, 2
3, 0
3, 0
3, 0
3, 0
3, 0
3, 0
3, 0
3, 0
3, 0
3, 0
3, 0
3, 0
3, 0
3, 0
1, 0x7e400
0, 0x423f0
0, 0x7e420
2, 2
3, 0
3, 0
3, 0
3, 0
3, 0
3, 0
3, 0
3, 0
3, 0
3, 0
3, 0
3, 0
3, 0
3, 0
1, 0x7e420
0, 0x42410
0, 0x7e440
2, 2
3, 0
3, 0
3, 0
3, 0
3, 0
3, 0
3, 0
3, 0
3, 0
3, 0
3, 0
3, 0
3, 0
3, 0
1, 0x7e440
0, 0x42430
0, 0x7e460
2, 2
3, 0
3, 0
3, 0
3, 0
3, 0
3, 0
3, 0
3, 0
3, 0
3, 0
3, 0
3, 0
3, 0
3, 0
0, 0x42450
0, 0x7e480
0, 0x42470
0, 0x7e4a0
0, 0x42490
0, 0x7e4c0
0, 0x424b0
0, 0x7e4e0
1, 0x7e460
0, 0x42450
0, 0x7e480
2, 2
3, 0
3, 0
3, 0
3, 0
3, 0
3, 0
3, 0
3, 0
3, 0
3, 0
3, 0
3, 0
3, 0
3, 0
1, 0x7e480
0, 0x42470
0, 0x7e4a0
2, 2
3, 0
3, 0
3, 0
3, 0
3, 0
3, 0
3, 0
3, 0
3, 0
3, 0
3, 0
3, 0
3, 0
3, 0
1, 0x7e4a0
0, 0x42490
0, 0x7e4c0
2, 2
3, 0
3, 0
3, 0
3, 0
3, 0
3, 0
3, 0
3, 0
3, 0
3, 0
3, 0
3, 0
3, 0
3, 0
1, 0x7e4c0
0, 0x424b0
0, 0x7e4e0
2, 2
3, 0
3, 0
3, 0
3, 0
3, 0
3, 0
3, 0
3, 0
3, 0
3, 0
3, 0
3, 0
3, 0
3, 0
0, 0x424d0
0, 0x7e500
0, 0x424f0
0, 0x7e520
0, 0x42510
0, 0x7e540
0, 0x42530
0, 0x7e560
1, 0x7e4e0
0, 0x424d0
0, 0x7e500
2, 2
3, 0
3, 0
3, 0
3, 0
3, 0
3, 0
3, 0
3, 0
3, 0
3, 0
3, 0
3, 0
3, 0
3, 0
1, 0x7e500
0, 0x424f0
0, 0x7e520
2, 2
3, 0
3, 0
3, 0
3, 0
3, 0
3, 0
3, 0
3, 0
3, 0
3, 0
3, 0
3, 0
3, 0
3, 0
1, 0x7e520
0, 0x42510
0, 0x7e540
2, 2
3, 0
3, 0
3, 0
3, 0
3, 0
3, 0
3, 0
3, 0
3, 0
3, 0
3, 0
3, 0
3, 0
3, 0
1, 0x7e540
0, 0x42530
0, 0x7e560
2, 2
3, 0
3, 0
3, 0
3, 0
3, 0
3, 0
3, 0
3, 0
3, 0
3, 0
3, 0
3, 0
3, 0
3, 0
0, 0x42550
0, 0x7e580
0, 0x42570
0, 0x7e5a0
0, 0x42590
0, 0x7e5c0
0, 0x425b0
0, 0x7e5e0
1, 0x7e560
0, 0x42550
0, 0x7e580
2, 2
3, 0
3, 0
3, 0
3, 0
3, 0
3, 0
3, 0
3, 0
3, 0
3, 0
3, 0
3, 0
3, 0
3, 0
1, 0x7e580
0, 0x42570
0, 0x7e5a0
2, 2
3, 0
3, 0
3, 0
3, 0
3, 0
3, 0
3, 0
3, 0
3, 0
3, 0
3, 0
3, 0
3, 0
3, 0
1, 0x7e5a0
0, 0x42590
0, 0x7e5c0
2, 2
3, 0
3, 0
3, 0
3, 0
3, 0
3, 0
3, 0
3, 0
3, 0
3, 0
3, 0
3, 0
3, 0
3, 0
1, 0x7e5c0
0, 0x425b0
0, 0x7e5e0
2, 2
3, 0
3, 0
3, 0
3, 0
3, 0
3, 0
3, 0
3, 0
3, 0
3, 0
3, 0
3, 0
3, 0
3, 0
0, 0x425d0
0, 0x7e600
0, 0x425f0
0, 0x7e620
0, 0x42610
0, 0x7e640
0, 0x42630
0, 0x7e660
1, 0x7e5e0
0, 0x425d0
0, 0x7e600
2, 2
3, 0
3, 0
3, 0
3, 0
3, 0
3, 0
3, 0
3, 0
3, 0
3, 0
3, 0
3, 0
3, 0
3, 0
1, 0x7e600
0, 0x425f0
0, 0x7e620
2, 2
3, 0
3, 0
3, 0
3, 0
3, 0
3, 0
3, 0
3, 0
3, 0
3, 0
3, 0
3, 0
3, 0
3, 0
1, 0x7e620
0, 0x42610
0, 0x7e640
2, 2
3, 0
3, 0
3, 0
3, 0
3, 0
3, 0
3, 0
3, 0
3, 0
3, 0
3, 0
3, 0
3, 0
3, 0
1, 0x7e640
0, 0x42630
0, 0x7e660
2, 2
3, 0
3, 0
3, 0
3, 0
3, 0
3, 0
3, 0
3, 0
3, 0
3, 0
3, 0
3, 0
3, 0
3, 0
0, 0x42650
0, 0x7e680
0, 0x42670
0, 0x7e6a0
0, 0x42690
0, 0x7e6c0
0, 0x426b0
0, 0x7e6e0
1, 0x7e660
0, 0x42650
0, 0x7e680
2, 2
3, 0
3, 0
3, 0
3, 0
3, 0
3, 0
3, 0
3, 0
3, 0
3, 0
3, 0
3, 0
3, 0
3, 0
1, 0x7e680
0, 0x42670
0, 0x7e6a0
2, 2
3, 0
3, 0
3, 0
3, 0
3, 0
3, 0
3, 0
3, 0
3, 0
3, 0
3, 0
3, 0
3, 0
3, 0
1, 0x7e6a0
0, 0x42690
0, 0x7e6c0
2, 2
3, 0
3, 0
3, 0
3, 0
3, 0
3, 0
3, 0
3, 0
3, 0
3, 0
3, 0
3, 0
3, 0
3, 0
1, 0x7e6c0
0, 0x426b0
0, 0x7e6e0
2, 2
3, 0
3, 0
3, 0
3, 0
3, 0
3, 0
3, 0
3, 0
3, 0
3, 0
3, 0
3, 0
3, 0
3, 0
0, 0x426d0
0, 0x7e700
0, 0x426f0
0, 0x7e720
0, 0x42710
0, 0x7e740
0, 0x42730
0, 0x7e760
1, 0x7e6e0
0, 0x426d0
0, 0x7e700
2, 2
3, 0
3, 0
3, 0
3, 0
3, 0
3, 0
3, 0
3, 0
3, 0
3, 0
3, 0
3, 0
3, 0
3, 0
1, 0x7e700
0, 0x426f0
0, 0x7e720
2, 2
3, 0
3, 0
3, 0
3, 0
3, 0
3, 0
3, 0
3, 0
3, 0
3, 0
3, 0
3, 0
3, 0
3, 0
1, 0x7e720
0, 0x42710
0, 0x7e740
2, 2
3, 0
3, 0
3, 0
3, 0
3, 0
3, 0
3, 0
3, 0
3, 0
3, 0
3, 0
3, 0
3, 0
3, 0
1, 0x7e740
0, 0x42730
0, 0x7e760
2, 2
3, 0
3, 0
3, 0
3, 0
3, 0
3, 0
3, 0
3, 0
3, 0
3, 0
3, 0
3, 0
3, 0
3, 0
0, 0x42750
0, 0x7e780
0, 0x42770
0, 0x7e7a0
0, 0x42790
0, 0x7e7c0
0, 0x427b0
0, 0x7e7e0
1, 0x7e760
0, 0x42750
0, 0x7e780
2, 2
3, 0
3, 0
3, 0
3, 0
3, 0
3, 0
3, 0
3, 0
3, 0
3, 0
3, 0
3, 0
3, 0
3, 0
1, 0x7e780
0, 0x42770
0, 0x7e7a0
2, 2
3, 0
3, 0
3, 0
3, 0
3, 0
3, 0
3, 0
3, 0
3, 0
3, 0
3, 0
3, 0
3, 0
3, 0
1, 0x7e7a0
0, 0x42790
0, 0x7e7c0
2, 2
3, 0
3, 0
3, 0
3, 0
3, 0
3, 0
3, 0
3, 0
3, 0
3, 0
3, 0
3, 0
3, 0
3, 0
1, 0x7e7c0
0, 0x427b0
0, 0x7e7e0
2, 2
3, 0
3, 0
3, 0
3, 0
3, 0
3, 0
3, 0
3, 0
3, 0
3, 0
3, 0
3, 0
3, 0
3, 0
0, 0x427d0
0, 0x7e800
0, 0x427f0
0, 0x7e820
0, 0x42810
0, 0x7e840
0, 0x42830
0, 0x7e860
1, 0x7e7e0
0, 0x427d0
0, 0x7e800
2, 2
3, 0
3, 0
3, 0
3, 0
3, 0
3, 0
3, 0
3, 0
3, 0
3, 0
3, 0
3, 0
3, 0
3, 0
1, 0x7e800
0, 0x427f0
0, 0x7e820
2, 2
3, 0
3, 0
3, 0
3, 0
3, 0
3, 0
3, 0
3, 0
3, 0
3, 0
3, 0
3, 0
3, 0
3, 0
1, 0x7e820
0, 0x42810
0, 0x7e840
2, 2
3, 0
3, 0
3, 0
3, 0
3, 0
3, 0
3, 0
3, 0
3, 0
3, 0
3, 0
3, 0
3, 0
3, 0
1, 0x7e840
0, 0x42830
0, 0x7e860
2, 2
3, 0
3, 0
3, 0
3, 0
3, 0
3, 0
3, 0
3, 0
3, 0
3, 0
3, 0
3, 0
3, 0
3, 0
0, 0x42850
0, 0x7e880
0, 0x42870
0, 0x7e8a0
0, 0x42890
0, 0x7e8c0
0, 0x428b0
0, 0x7e8e0
1, 0x7e860
0, 0x42850
0, 0x7e880
2, 2
3, 0
3, 0
3, 0
3, 0
3, 0
3, 0
3, 0
3, 0
3, 0
3, 0
3, 0
3, 0
3, 0
3, 0
1, 0x7e880
0, 0x42870
0, 0x7e8a0
2, 2
3, 0
3, 0
3, 0
3, 0
3, 0
3, 0
3, 0
3, 0
3, 0
3, 0
3, 0
3, 0
3, 0
3, 0
1, 0x7e8a0
0, 0x42890
0, 0x7e8c0
2, 2
3, 0
3, 0
3, 0
3, 0
3, 0
3, 0
3, 0
3, 0
3, 0
3, 0
3, 0
3, 0
3, 0
3, 0
1, 0x7e8c0
0, 0x428b0
0, 0x7e8e0
2, 2
3, 0
3, 0
3, 0
3, 0
3, 0
3, 0
3, 0
3, 0
3, 0
3, 0
3, 0
3, 0
3, 0
3, 0
0, 0x428d0
0, 0x7e900
0, 0x428f0
0, 0x7e920
0, 0x42910
0, 0x7e940
0, 0x42930
0, 0x7e960
1, 0x7e8e0
0, 0x428d0
0, 0x7e900
2, 2
3, 0
3, 0
3, 0
3, 0
3, 0
3, 0
3, 0
3, 0
3, 0
3, 0
3, 0
3, 0
3, 0
3, 0
1, 0x7e900
0, 0x428f0
0, 0x7e920
2, 2
3, 0
3, 0
3, 0
3, 0
3, 0
3, 0
3, 0
3, 0
3, 0
3, 0
3, 0
3, 0
3, 0
3, 0
1, 0x7e920
0, 0x42910
0, 0x7e940
2, 2
3, 0
3, 0
3, 0
3, 0
3, 0
3, 0
3, 0
3, 0
3, 0
3, 0
3, 0
3, 0
3, 0
3, 0
1, 0x7e940
0, 0x42930
0, 0x7e960
2, 2
3, 0
3, 0
3, 0
3, 0
3, 0
3, 0
3, 0
3, 0
3, 0
3, 0
3, 0
3, 0
3, 0
3, 0
0, 0x42950
0, 0x7e980
0, 0x42970
0, 0x7e9a0
0, 0x42990
0, 0x7e9c0
0, 0x429b0
0, 0x7e9e0
1, 0x7e960
0, 0x42950
0, 0x7e980
2, 2
3, 0
3, 0
3, 0
3, 0
3, 0
3, 0
3, 0
3, 0
3, 0
3, 0
3, 0
3, 0
3, 0
3, 0
1, 0x7e980
0, 0x42970
0, 0x7e9a0
2, 2
3, 0
3, 0
3, 0
3, 0
3, 0
3, 0
3, 0
3, 0
3, 0
3, 0
3, 0
3, 0
3, 0
3, 0
1, 0x7e9a0
0, 0x42990
0, 0x7e9c0
2, 2
3, 0
3, 0
3, 0
3, 0
3, 0
3, 0
3, 0
3, 0
3, 0
3, 0
3, 0
3, 0
3, 0
3, 0
1, 0x7e9c0
0, 0x429b0
0, 0x7e9e0
2, 2
3, 0
3, 0
3, 0
3, 0
3, 0
3, 0
3, 0
3, 0
3, 0
3, 0
3, 0
3, 0
3, 0
3, 0
0, 0x429d0
0, 0x7ea00
0, 0x429f0
0, 0x7ea20
0, 0x42a10
0, 0x7ea40
0, 0x42a30
0, 0x7ea60
1, 0x7e9e0
0, 0x429d0
0, 0x7ea00
2, 2
3, 0
3, 0
3, 0
3, 0
3, 0
3, 0
3, 0
3, 0
3, 0
3, 0
3, 0
3, 0
3, 0
3, 0
1, 0x7ea00
0, 0x429f0
0, 0x7ea20
2, 2
3, 0
3, 0
3, 0
3, 0
3, 0
3, 0
3, 0
3, 0
3, 0
3, 0
3, 0
3, 0
3, 0
3, 0
1, 0x7ea20
0, 0x42a10
0, 0x7ea40
2, 2
3, 0
3, 0
3, 0
3, 0
3, 0
3, 0
3, 0
3, 0
3, 0
3, 0
3, 0
3, 0
3, 0
3, 0
1, 0x7ea40
0, 0x42a30
0, 0x7ea60
2, 2
3, 0
3, 0
3, 0
3, 0
3, 0
3, 0
3, 0
3, 0
3, 0
3, 0
3, 0
3, 0
3, 0
3, 0
0, 0x42a50
0, 0x7ea80
0, 0x42a70
0, 0x7eaa0
0, 0x42a90
0, 0x7eac0
0, 0x42ab0
0, 0x7eae0
1, 0x7ea60
0, 0x42a50
0, 0x7ea80
2, 2
3, 0
3, 0
3, 0
3, 0
3, 0
3, 0
3, 0
3, 0
3, 0
3, 0
3, 0
3, 0
3, 0
3, 0
1, 0x7ea80
0, 0x42a70
0, 0x7eaa0
2, 2
3, 0
3, 0
3, 0
3, 0
3, 0
3, 0
3, 0
3, 0
3, 0
3, 0
3, 0
3, 0
3, 0
3, 0
1, 0x7eaa0
0, 0x42a90
0, 0x7eac0
2, 2
3, 0
3, 0
3, 0
3, 0
3, 0
3, 0
3, 0
3, 0
3, 0
3, 0
3, 0
3, 0
3, 0
3, 0
1, 0x7eac0
0, 0x42ab0
0, 0x7eae0
2, 2
3, 0
3, 0
3, 0
3, 0
3, 0
3, 0
3, 0
3, 0
3, 0
3, 0
3, 0
3, 0
3, 0
3, 0
0, 0x42ad0
0, 0x7eb00
0, 0x42af0
0, 0x7eb20
0, 0x42b10
0, 0x7eb40
0, 0x42b30
0, 0x7eb60
1, 0x7eae0
0, 0x42ad0
0, 0x7eb00
2, 2
3, 0
3, 0
3, 0
3, 0
3, 0
3, 0
3, 0
3, 0
3, 0
3, 0
3, 0
3, 0
3, 0
3, 0
1, 0x7eb00
0, 0x42af0
0, 0x7eb20
2, 2
3, 0
3, 0
3, 0
3, 0
3, 0
3, 0
3, 0
3, 0
3, 0
3, 0
3, 0
3, 0
3, 0
3, 0
1, 0x7eb20
0, 0x42b10
0, 0x7eb40
2, 2
3, 0
3, 0
3, 0
3, 0
3, 0
3, 0
3, 0
3, 0
3, 0
3, 0
3, 0
3, 0
3, 0
3, 0
1, 0x7eb40
0, 0x42b30
0, 0x7eb60
2, 2
3, 0
3, 0
3, 0
3, 0
3, 0
3, 0
3, 0
3, 0
3, 0
3, 0
3, 0
3, 0
3, 0
3, 0
0, 0x42b50
0, 0x7eb80
0, 0x42b70
0, 0x7eba0
0, 0x42b90
0, 0x7ebc0
0, 0x42bb0
0, 0x7ebe0
1, 0x7eb60
0, 0x42b50
0, 0x7eb80
2, 2
3, 0
3, 0
3, 0
3, 0
3, 0
3, 0
3, 0
3, 0
3, 0
3, 0
3, 0
3, 0
3, 0
3, 0
1, 0x7eb80
0, 0x42b70
0, 0x7eba0
2, 2
3, 0
3, 0
3, 0
3, 0
3, 0
3, 0
3, 0
3, 0
3, 0
3, 0
3, 0
3, 0
3, 0
3, 0
1, 0x7eba0
0, 0x42b90
0, 0x7ebc0
2, 2
3, 0
3, 0
3, 0
3, 0
3, 0
3, 0
3, 0
3, 0
3, 0
3, 0
3, 0
3, 0
3, 0
3, 0
1, 0x7ebc0
0, 0x42bb0
0, 0x7ebe0
2, 2
3, 0
3, 0
3, 0
3, 0
3, 0
3, 0
3, 0
3, 0
3, 0
3, 0
3, 0
3, 0
3, 0
3, 0
0, 0x42bd0
0, 0x7ec00
0, 0x42bf0
0, 0x7ec20
0, 0x42c10
0, 0x7ec40
0, 0x42c30
0, 0x7ec60
1, 0x7ebe0
0, 0x42bd0
0, 0x7ec00
2, 2
3, 0
3, 0
3, 0
3, 0
3, 0
3, 0
3, 0
3, 0
3, 0
3, 0
3, 0
3, 0
3, 0
3, 0
1, 0x7ec00
0, 0x42bf0
0, 0x7ec20
2, 2
3, 0
3, 0
3, 0
3, 0
3, 0
3, 0
3, 0
3, 0
3, 0
3, 0
3, 0
3, 0
3, 0
3, 0
1, 0x7ec20
0, 0x42c10
0, 0x7ec40
2, 2
3, 0
3, 0
3, 0
3, 0
3, 0
3, 0
3, 0
3, 0
3, 0
3, 0
3, 0
3, 0
3, 0
3, 0
1, 0x7ec40
0, 0x42c30
0, 0x7ec60
2, 2
3, 0
3, 0
3, 0
3, 0
3, 0
3, 0
3, 0
3, 0
3, 0
3, 0
3, 0
3, 0
3, 0
3, 0
0, 0x42c50
0, 0x7ec80
0, 0x42c70
0, 0x7eca0
0, 0x42c90
0, 0x7ecc0
0, 0x42cb0
0, 0x7ece0
1, 0x7ec60
0, 0x42c50
0, 0x7ec80
2, 2
3, 0
3, 0
3, 0
3, 0
3, 0
3, 0
3, 0
3, 0
3, 0
3, 0
3, 0
3, 0
3, 0
3, 0
1, 0x7ec80
0, 0x42c70
0, 0x7eca0
2, 2
3, 0
3, 0
3, 0
3, 0
3, 0
3, 0
3, 0
3, 0
3, 0
3, 0
3, 0
3, 0
3, 0
3, 0
1, 0x7eca0
0, 0x42c90
0, 0x7ecc0
2, 2
3, 0
3, 0
3, 0
3, 0
3, 0
3, 0
3, 0
3, 0
3, 0
3, 0
3, 0
3, 0
3, 0
3, 0
1, 0x7ecc0
0, 0x42cb0
0, 0x7ece0
2, 2
3, 0
3, 0
3, 0
3, 0
3, 0
3, 0
3, 0
3, 0
3, 0
3, 0
3, 0
3, 0
3, 0
3, 0
0, 0x42cd0
0, 0x7ed00
0, 0x42cf0
0, 0x7ed20
0, 0x42d10
0, 0x7ed40
0, 0x42d30
0, 0x7ed60
1, 0x7ece0
0, 0x42cd0
0, 0x7ed00
2, 2
3, 0
3, 0
3, 0
3, 0
3, 0
3, 0
3, 0
3, 0
3, 0
3, 0
3, 0
3, 0
3, 0
3, 0
1, 0x7ed00
0, 0x42cf0
0, 0x7ed20
2, 2
3, 0
3, 0
3, 0
3, 0
3, 0
3, 0
3, 0
3, 0
3, 0
3, 0
3, 0
3, 0
3, 0
3, 0
1, 0x7ed20
0, 0x42d10
0, 0x7ed40
2, 2
3, 0
3, 0
3, 0
3, 0
3, 0
3, 0
3, 0
3, 0
3, 0
3, 0
3, 0
3, 0
3, 0
3, 0
1, 0x7ed40
0, 0x42d30
0, 0x7ed60
2, 2
3, 0
3, 0
3, 0
3, 0
3, 0
3, 0
3, 0
3, 0
3, 0
3, 0
3, 0
3, 0
3, 0
3, 0
0, 0x42d50
0, 0x7ed80
0, 0x42d70
0, 0x7eda0
0, 0x42d90
0, 0x7edc0
0, 0x42db0
0, 0x7ede0
1, 0x7ed60
0, 0x42d50
0, 0x7ed80
2, 2
3, 0
3, 0
3, 0
3, 0
3, 0
3, 0
3, 0
3, 0
3, 0
3, 0
3, 0
3, 0
3, 0
3, 0
1, 0x7ed80
0, 0x42d70
0, 0x7eda0
2, 2
3, 0
3, 0
3, 0
3, 0
3, 0
3, 0
3, 0
3, 0
3, 0
3, 0
3, 0
3, 0
3, 0
3, 0
1, 0x7eda0
0, 0x42d90
0, 0x7edc0
2, 2
3, 0
3, 0
3, 0
3, 0
3, 0
3, 0
3, 0
3, 0
3, 0
3, 0
3, 0
3, 0
3, 0
3, 0
1, 0x7edc0
0, 0x42db0
0, 0x7ede0
2, 2
3, 0
3, 0
3, 0
3, 0
3, 0
3, 0
3, 0
3, 0
3, 0
3, 0
3, 0
3, 0
3, 0
3, 0
0, 0x42dd0
0, 0x7ee00
0, 0x42df0
0, 0x7ee20
0, 0x42e10
0, 0x7ee40
0, 0x42e30
0, 0x7ee60
1, 0x7ede0
0, 0x42dd0
0, 0x7ee00
2, 2
3, 0
3, 0
3, 0
3, 0
3, 0
3, 0
3, 0
3, 0
3, 0
3, 0
3, 0
3, 0
3, 0
3, 0
1, 0x7ee00
0, 0x42df0
0, 0x7ee20
2, 2
3, 0
3, 0
3, 0
3, 0
3, 0
3, 0
3, 0
3, 0
3, 0
3, 0
3, 0
3, 0
3, 0
3, 0
1, 0x7ee20
0, 0x42e10
0, 0x7ee40
2, 2
3, 0
3, 0
3, 0
3, 0
3, 0
3, 0
3, 0
3, 0
3, 0
3, 0
3, 0
3, 0
3, 0
3, 0
1, 0x7ee40
0, 0x42e30
0, 0x7ee60
2, 2
3, 0
3, 0
3, 0
3, 0
3, 0
3, 0
3, 0
3, 0
3, 0
3, 0
3, 0
3, 0
3, 0
3, 0
0, 0x42e50
0, 0x7ee80
0, 0x42e70
0, 0x7eea0
0, 0x42e90
0, 0x7eec0
0, 0x42eb0
0, 0x7eee0
1, 0x7ee60
0, 0x42e50
0, 0x7ee80
2, 2
3, 0
3, 0
3, 0
3, 0
3, 0
3, 0
3, 0
3, 0
3, 0
3, 0
3, 0
3, 0
3, 0
3, 0
1, 0x7ee80
0, 0x42e70
0, 0x7eea0
2, 2
3, 0
3, 0
3, 0
3, 0
3, 0
3, 0
3, 0
3, 0
3, 0
3, 0
3, 0
3, 0
3, 0
3, 0
1, 0x7eea0
0, 0x42e90
0, 0x7eec0
2, 2
3, 0
3, 0
3, 0
3, 0
3, 0
3, 0
3, 0
3, 0
3, 0
3, 0
3, 0
3, 0
3, 0
3, 0
1, 0x7eec0
0, 0x42eb0
0, 0x7eee0
2, 2
3, 0
3, 0
3, 0
3, 0
3, 0
3, 0
3, 0
3, 0
3, 0
3, 0
3, 0
3, 0
3, 0
3, 0
0, 0x42ed0
0, 0x7ef00
0, 0x42ef0
0, 0x7ef20
0, 0x42f10
0, 0x7ef40
0, 0x42f30
0, 0x7ef60
1, 0x7eee0
0, 0x42ed0
0, 0x7ef00
2, 2
3, 0
3, 0
3, 0
3, 0
3, 0
3, 0
3, 0
3, 0
3, 0
3, 0
3, 0
3, 0
3, 0
3, 0
1, 0x7ef00
0, 0x42ef0
0, 0x7ef20
2, 2
3, 0
3, 0
3, 0
3, 0
3, 0
3, 0
3, 0
3, 0
3, 0
3, 0
3, 0
3, 0
3, 0
3, 0
1, 0x7ef20
0, 0x42f10
0, 0x7ef40
2, 2
3, 0
3, 0
3, 0
3, 0
3, 0
3, 0
3, 0
3, 0
3, 0
3, 0
3, 0
3, 0
3, 0
3, 0
1, 0x7ef40
0, 0x42f30
0, 0x7ef60
2, 2
3, 0
3, 0
3, 0
3, 0
3, 0
3, 0
3, 0
3, 0
3, 0
3, 0
3, 0
3, 0
3, 0
3, 0
0, 0x42f50
0, 0x7ef80
0, 0x42f70
0, 0x7efa0
0, 0x42f90
0, 0x7efc0
0, 0x42fb0
0, 0x7efe0
1, 0x7ef60
0, 0x42f50
0, 0x7ef80
2, 2
3, 0
3, 0
3, 0
3, 0
3, 0
3, 0
3, 0
3, 0
3, 0
3, 0
3, 0
3, 0
3, 0
3, 0
1, 0x7ef80
0, 0x42f70
0, 0x7efa0
2, 2
3, 0
3, 0
3, 0
3, 0
3, 0
3, 0
3, 0
3, 0
3, 0
3, 0
3, 0
3, 0
3, 0
3, 0
1, 0x7efa0
0, 0x42f90
0, 0x7efc0
2, 2
3, 0
3, 0
3, 0
3, 0
3, 0
3, 0
3, 0
3, 0
3, 0
3, 0
3, 0
3, 0
3, 0
3, 0
1, 0x7efc0
0, 0x42fb0
0, 0x7efe0
2, 2
3, 0
3, 0
3, 0
3, 0
3, 0
3, 0
3, 0
3, 0
3, 0
3, 0
3, 0
3, 0
3, 0
3, 0
0, 0x42fd0
0, 0x7f000
0, 0x42ff0
0, 0x7f020
0, 0x43010
0, 0x7f040
0, 0x43030
0, 0x7f060
1, 0x7efe0
0, 0x42fd0
0, 0x7f000
2, 2
3, 0
3, 0
3, 0
3, 0
3, 0
3, 0
3, 0
3, 0
3, 0
3, 0
3, 0
3, 0
3, 0
3, 0
1, 0x7f000
0, 0x42ff0
0, 0x7f020
2, 2
3, 0
3, 0
3, 0
3, 0
3, 0
3, 0
3, 0
3, 0
3, 0
3, 0
3, 0
3, 0
3, 0
3, 0
1, 0x7f020
0, 0x43010
0, 0x7f040
2, 2
3, 0
3, 0
3, 0
3, 0
3, 0
3, 0
3, 0
3, 0
3, 0
3, 0
3, 0
3, 0
3, 0
3, 0
1, 0x7f040
0, 0x43030
0, 0x7f060
2, 2
3, 0
3, 0
3, 0
3, 0
3, 0
3, 0
3, 0
3, 0
3, 0
3, 0
3, 0
3, 0
3, 0
3, 0
0, 0x43050
0, 0x7f080
0, 0x43070
0, 0x7f0a0
0, 0x43090
0, 0x7f0c0
0, 0x430b0
0, 0x7f0e0
1, 0x7f060
0, 0x43050
0, 0x7f080
2, 2
3, 0
3, 0
3, 0
3, 0
3, 0
3, 0
3, 0
3, 0
3, 0
3, 0
3, 0
3, 0
3, 0
3, 0
1, 0x7f080
0, 0x43070
0, 0x7f0a0
2, 2
3, 0
3, 0
3, 0
3, 0
3, 0
3, 0
3, 0
3, 0
3, 0
3, 0
3, 0
3, 0
3, 0
3, 0
1, 0x7f0a0
0, 0x43090
0, 0x7f0c0
2, 2
3, 0
3, 0
3, 0
3, 0
3, 0
3, 0
3, 0
3, 0
3, 0
3, 0
3, 0
3, 0
3, 0
3, 0
1, 0x7f0c0
0, 0x430b0
0, 0x7f0e0
2, 2
3, 0
3, 0
3, 0
3, 0
3, 0
3, 0
3, 0
3, 0
3, 0
3, 0
3, 0
3, 0
3, 0
3, 0
0, 0x430d0
0, 0x7f100
0, 0x430f0
0, 0x7f120
0, 0x43110
0, 0x7f140
0, 0x43130
0, 0x7f160
1, 0x7f0e0
0, 0x430d0
0, 0x7f100
2, 2
3, 0
3, 0
3, 0
3, 0
3, 0
3, 0
3, 0
3, 0
3, 0
3, 0
3, 0
3, 0
3, 0
3, 0
1, 0x7f100
0, 0x430f0
0, 0x7f120
2, 2
3, 0
3, 0
3, 0
3, 0
3, 0
3, 0
3, 0
3, 0
3, 0
3, 0
3, 0
3, 0
3, 0
3, 0
1, 0x7f120
0, 0x43110
0, 0x7f140
2, 2
3, 0
3, 0
3, 0
3, 0
3, 0
3, 0
3, 0
3, 0
3, 0
3, 0
3, 0
3, 0
3, 0
3, 0
1, 0x7f140
0, 0x43130
0, 0x7f160
2, 2
3, 0
3, 0
3, 0
3, 0
3, 0
3, 0
3, 0
3, 0
3, 0
3, 0
3, 0
3, 0
3, 0
3, 0
0, 0x43150
0, 0x7f180
0, 0x43170
0, 0x7f1a0
0, 0x43190
0, 0x7f1c0
0, 0x431b0
0, 0x7f1e0
1, 0x7f160
0, 0x43150
0, 0x7f180
2, 2
3, 0
3, 0
3, 0
3, 0
3, 0
3, 0
3, 0
3, 0
3, 0
3, 0
3, 0
3, 0
3, 0
3, 0
1, 0x7f180
0, 0x43170
0, 0x7f1a0
2, 2
3, 0
3, 0
3, 0
3, 0
3, 0
3, 0
3, 0
3, 0
3, 0
3, 0
3, 0
3, 0
3, 0
3, 0
1, 0x7f1a0
0, 0x43190
0, 0x7f1c0
2, 2
3, 0
3, 0
3, 0
3, 0
3, 0
3, 0
3, 0
3, 0
3, 0
3, 0
3, 0
3, 0
3, 0
3, 0
1, 0x7f1c0
0, 0x431b0
0, 0x7f1e0
2, 2
3, 0
3, 0
3, 0
3, 0
3, 0
3, 0
3, 0
3, 0
3, 0
3, 0
3, 0
3, 0
3, 0
3, 0
0, 0x431d0
0, 0x7f200
0, 0x431f0
0, 0x7f220
0, 0x43210
0, 0x7f240
0, 0x43230
0, 0x7f260
1, 0x7f1e0
0, 0x431d0
0, 0x7f200
2, 2
3, 0
3, 0
3, 0
3, 0
3, 0
3, 0
3, 0
3, 0
3, 0
3, 0
3, 0
3, 0
3, 0
3, 0
1, 0x7f200
0, 0x431f0
0, 0x7f220
2, 2
3, 0
3, 0
3, 0
3, 0
3, 0
3, 0
3, 0
3, 0
3, 0
3, 0
3, 0
3, 0
3, 0
3, 0
1, 0x7f220
0, 0x43210
0, 0x7f240
2, 2
3, 0
3, 0
3, 0
3, 0
3, 0
3, 0
3, 0
3, 0
3, 0
3, 0
3, 0
3, 0
3, 0
3, 0
1, 0x7f240
0, 0x43230
0, 0x7f260
2, 2
3, 0
3, 0
3, 0
3, 0
3, 0
3, 0
3, 0
3, 0
3, 0
3, 0
3, 0
3, 0
3, 0
3, 0
0, 0x43250
0, 0x7f280
0, 0x43270
0, 0x7f2a0
0, 0x43290
0, 0x7f2c0
0, 0x432b0
0, 0x7f2e0
1, 0x7f260
0, 0x43250
0, 0x7f280
2, 2
3, 0
3, 0
3, 0
3, 0
3, 0
3, 0
3, 0
3, 0
3, 0
3, 0
3, 0
3, 0
3, 0
3, 0
1, 0x7f280
0, 0x43270
0, 0x7f2a0
2, 2
3, 0
3, 0
3, 0
3, 0
3, 0
3, 0
3, 0
3, 0
3, 0
3, 0
3, 0
3, 0
3, 0
3, 0
1, 0x7f2a0
0, 0x43290
0, 0x7f2c0
2, 2
3, 0
3, 0
3, 0
3, 0
3, 0
3, 0
3, 0
3, 0
3, 0
3, 0
3, 0
3, 0
3, 0
3, 0
1, 0x7f2c0
0, 0x432b0
0, 0x7f2e0
2, 2
3, 0
3, 0
3, 0
3, 0
3, 0
3, 0
3, 0
3, 0
3, 0
3, 0
3, 0
3, 0
3, 0
3, 0
0, 0x432d0
0, 0x7f300
0, 0x432f0
0, 0x7f320
0, 0x43310
0, 0x7f340
0, 0x43330
0, 0x7f360
1, 0x7f2e0
0, 0x432d0
0, 0x7f300
2, 2
3, 0
3, 0
3, 0
3, 0
3, 0
3, 0
3, 0
3, 0
3, 0
3, 0
3, 0
3, 0
3, 0
3, 0
1, 0x7f300
0, 0x432f0
0, 0x7f320
2, 2
3, 0
3, 0
3, 0
3, 0
3, 0
3, 0
3, 0
3, 0
3, 0
3, 0
3, 0
3, 0
3, 0
3, 0
1, 0x7f320
0, 0x43310
0, 0x7f340
2, 2
3, 0
3, 0
3, 0
3, 0
3, 0
3, 0
3, 0
3, 0
3, 0
3, 0
3, 0
3, 0
3, 0
3, 0
1, 0x7f340
0, 0x43330
0, 0x7f360
2, 2
3, 0
3, 0
3, 0
3, 0
3, 0
3, 0
3, 0
3, 0
3, 0
3, 0
3, 0
3, 0
3, 0
3, 0
0, 0x43350
0, 0x7f380
0, 0x43370
0, 0x7f3a0
0, 0x43390
0, 0x7f3c0
0, 0x433b0
0, 0x7f3e0
1, 0x7f360
0, 0x43350
0, 0x7f380
2, 2
3, 0
3, 0
3, 0
3, 0
3, 0
3, 0
3, 0
3, 0
3, 0
3, 0
3, 0
3, 0
3, 0
3, 0
1, 0x7f380
0, 0x43370
0, 0x7f3a0
2, 2
3, 0
3, 0
3, 0
3, 0
3, 0
3, 0
3, 0
3, 0
3, 0
3, 0
3, 0
3, 0
3, 0
3, 0
1, 0x7f3a0
0, 0x43390
0, 0x7f3c0
2, 2
3, 0
3, 0
3, 0
3, 0
3, 0
3, 0
3, 0
3, 0
3, 0
3, 0
3, 0
3, 0
3, 0
3, 0
1, 0x7f3c0
0, 0x433b0
0, 0x7f3e0
2, 2
3, 0
3, 0
3, 0
3, 0
3, 0
3, 0
3, 0
3, 0
3, 0
3, 0
3, 0
3, 0
3, 0
3, 0
0, 0x433d0
0, 0x7f400
0, 0x433f0
0, 0x7f420
0, 0x43410
0, 0x7f440
0, 0x43430
0, 0x7f460
1, 0x7f3e0
0, 0x433d0
0, 0x7f400
2, 2
3, 0
3, 0
3, 0
3, 0
3, 0
3, 0
3, 0
3, 0
3, 0
3, 0
3, 0
3, 0
3, 0
3, 0
1, 0x7f400
0, 0x433f0
0, 0x7f420
2, 2
3, 0
3, 0
3, 0
3, 0
3, 0
3, 0
3, 0
3, 0
3, 0
3, 0
3, 0
3, 0
3, 0
3, 0
1, 0x7f420
0, 0x43410
0, 0x7f440
2, 2
3, 0
3, 0
3, 0
3, 0
3, 0
3, 0
3, 0
3, 0
3, 0
3, 0
3, 0
3, 0
3, 0
3, 0
1, 0x7f440
0, 0x43430
0, 0x7f460
2, 2
3, 0
3, 0
3, 0
3, 0
3, 0
3, 0
3, 0
3, 0
3, 0
3, 0
3, 0
3, 0
3, 0
3, 0
0, 0x43450
0, 0x7f480
0, 0x43470
0, 0x7f4a0
0, 0x43490
0, 0x7f4c0
0, 0x434b0
0, 0x7f4e0
1, 0x7f460
0, 0x43450
0, 0x7f480
2, 2
3, 0
3, 0
3, 0
3, 0
3, 0
3, 0
3, 0
3, 0
3, 0
3, 0
3, 0
3, 0
3, 0
3, 0
1, 0x7f480
0, 0x43470
0, 0x7f4a0
2, 2
3, 0
3, 0
3, 0
3, 0
3, 0
3, 0
3, 0
3, 0
3, 0
3, 0
3, 0
3, 0
3, 0
3, 0
1, 0x7f4a0
0, 0x43490
0, 0x7f4c0
2, 2
3, 0
3, 0
3, 0
3, 0
3, 0
3, 0
3, 0
3, 0
3, 0
3, 0
3, 0
3, 0
3, 0
3, 0
1, 0x7f4c0
0, 0x434b0
0, 0x7f4e0
2, 2
3, 0
3, 0
3, 0
3, 0
3, 0
3, 0
3, 0
3, 0
3, 0
3, 0
3, 0
3, 0
3, 0
3, 0
0, 0x434d0
0, 0x7f500
0, 0x434f0
0, 0x7f520
0, 0x43510
0, 0x7f540
0, 0x43530
0, 0x7f560
1, 0x7f4e0
0, 0x434d0
0, 0x7f500
2, 2
3, 0
3, 0
3, 0
3, 0
3, 0
3, 0
3, 0
3, 0
3, 0
3, 0
3, 0
3, 0
3, 0
3, 0
1, 0x7f500
0, 0x434f0
0, 0x7f520
2, 2
3, 0
3, 0
3, 0
3, 0
3, 0
3, 0
3, 0
3, 0
3, 0
3, 0
3, 0
3, 0
3, 0
3, 0
1, 0x7f520
0, 0x43510
0, 0x7f540
2, 2
3, 0
3, 0
3, 0
3, 0
3, 0
3, 0
3, 0
3, 0
3, 0
3, 0
3, 0
3, 0
3, 0
3, 0
1, 0x7f540
0, 0x43530
0, 0x7f560
2, 2
3, 0
3, 0
3, 0
3, 0
3, 0
3, 0
3, 0
3, 0
3, 0
3, 0
3, 0
3, 0
3, 0
3, 0
0, 0x43550
0, 0x7f580
0, 0x43570
0, 0x7f5a0
0, 0x43590
0, 0x7f5c0
0, 0x435b0
0, 0x7f5e0
1, 0x7f560
0, 0x43550
0, 0x7f580
2, 2
3, 0
3, 0
3, 0
3, 0
3, 0
3, 0
3, 0
3, 0
3, 0
3, 0
3, 0
3, 0
3, 0
3, 0
1, 0x7f580
0, 0x43570
0, 0x7f5a0
2, 2
3, 0
3, 0
3, 0
3, 0
3, 0
3, 0
3, 0
3, 0
3, 0
3, 0
3, 0
3, 0
3, 0
3, 0
1, 0x7f5a0
0, 0x43590
0, 0x7f5c0
2, 2
3, 0
3, 0
3, 0
3, 0
3, 0
3, 0
3, 0
3, 0
3, 0
3, 0
3, 0
3, 0
3, 0
3, 0
1, 0x7f5c0
0, 0x435b0
0, 0x7f5e0
2, 2
3, 0
3, 0
3, 0
3, 0
3, 0
3, 0
3, 0
3, 0
3, 0
3, 0
3, 0
3, 0
3, 0
3, 0
0, 0x435d0
0, 0x7f600
0, 0x435f0
0, 0x7f620
0, 0x43610
0, 0x7f640
0, 0x43630
0, 0x7f660
1, 0x7f5e0
0, 0x435d0
0, 0x7f600
2, 2
3, 0
3, 0
3, 0
3, 0
3, 0
3, 0
3, 0
3, 0
3, 0
3, 0
3, 0
3, 0
3, 0
3, 0
1, 0x7f600
0, 0x435f0
0, 0x7f620
2, 2
3, 0
3, 0
3, 0
3, 0
3, 0
3, 0
3, 0
3, 0
3, 0
3, 0
3, 0
3, 0
3, 0
3, 0
1, 0x7f620
0, 0x43610
0, 0x7f640
2, 2
3, 0
3, 0
3, 0
3, 0
3, 0
3, 0
3, 0
3, 0
3, 0
3, 0
3, 0
3, 0
3, 0
3, 0
1, 0x7f640
0, 0x43630
0, 0x7f660
2, 2
3, 0
3, 0
3, 0
3, 0
3, 0
3, 0
3, 0
3, 0
3, 0
3, 0
3, 0
3, 0
3, 0
3, 0
0, 0x43650
0, 0x7f680
0, 0x43670
0, 0x7f6a0
0, 0x43690
0, 0x7f6c0
0, 0x436b0
0, 0x7f6e0
1, 0x7f660
0, 0x43650
0, 0x7f680
2, 2
3, 0
3, 0
3, 0
3, 0
3, 0
3, 0
3, 0
3, 0
3, 0
3, 0
3, 0
3, 0
3, 0
3, 0
1, 0x7f680
0, 0x43670
0, 0x7f6a0
2, 2
3, 0
3, 0
3, 0
3, 0
3, 0
3, 0
3, 0
3, 0
3, 0
3, 0
3, 0
3, 0
3, 0
3, 0
1, 0x7f6a0
0, 0x43690
0, 0x7f6c0
2, 2
3, 0
3, 0
3, 0
3, 0
3, 0
3, 0
3, 0
3, 0
3, 0
3, 0
3, 0
3, 0
3, 0
3, 0
1, 0x7f6c0
0, 0x436b0
0, 0x7f6e0
2, 2
3, 0
3, 0
3, 0
3, 0
3, 0
3, 0
3, 0
3, 0
3, 0
3, 0
3, 0
3, 0
3, 0
3, 0
0, 0x436d0
0, 0x7f700
0, 0x436f0
0, 0x7f720
0, 0x43710
0, 0x7f740
0, 0x43730
0, 0x7f760
1, 0x7f6e0
0, 0x436d0
0, 0x7f700
2, 2
3, 0
3, 0
3, 0
3, 0
3, 0
3, 0
3, 0
3, 0
3, 0
3, 0
3, 0
3, 0
3, 0
3, 0
1, 0x7f700
0, 0x436f0
0, 0x7f720
2, 2
3, 0
3, 0
3, 0
3, 0
3, 0
3, 0
3, 0
3, 0
3, 0
3, 0
3, 0
3, 0
3, 0
3, 0
1, 0x7f720
0, 0x43710
0, 0x7f740
2, 2
3, 0
3, 0
3, 0
3, 0
3, 0
3, 0
3, 0
3, 0
3, 0
3, 0
3, 0
3, 0
3, 0
3, 0
1, 0x7f740
0, 0x43730
0, 0x7f760
2, 2
3, 0
3, 0
3, 0
3, 0
3, 0
3, 0
3, 0
3, 0
3, 0
3, 0
3, 0
3, 0
3, 0
3, 0
0, 0x43750
0, 0x7f780
0, 0x43770
0, 0x7f7a0
0, 0x43790
0, 0x7f7c0
0, 0x437b0
0, 0x7f7e0
1, 0x7f760
0, 0x43750
0, 0x7f780
2, 2
3, 0
3, 0
3, 0
3, 0
3, 0
3, 0
3, 0
3, 0
3, 0
3, 0
3, 0
3, 0
3, 0
3, 0
1, 0x7f780
0, 0x43770
0, 0x7f7a0
2, 2
3, 0
3, 0
3, 0
3, 0
3, 0
3, 0
3, 0
3, 0
3, 0
3, 0
3, 0
3, 0
3, 0
3, 0
1, 0x7f7a0
0, 0x43790
0, 0x7f7c0
2, 2
3, 0
3, 0
3, 0
3, 0
3, 0
3, 0
3, 0
3, 0
3, 0
3, 0
3, 0
3, 0
3, 0
3, 0
1, 0x7f7c0
0, 0x437b0
0, 0x7f7e0
2, 2
3, 0
3, 0
3, 0
3, 0
3, 0
3, 0
3, 0
3, 0
3, 0
3, 0
3, 0
3, 0
3, 0
3, 0
0, 0x437d0
0, 0x7f800
0, 0x437f0
0, 0x7f820
0, 0x43810
0, 0x7f840
0, 0x43830
0, 0x7f860
1, 0x7f7e0
0, 0x437d0
0, 0x7f800
2, 2
3, 0
3, 0
3, 0
3, 0
3, 0
3, 0
3, 0
3, 0
3, 0
3, 0
3, 0
3, 0
3, 0
3, 0
1, 0x7f800
0, 0x437f0
0, 0x7f820
2, 2
3, 0
3, 0
3, 0
3, 0
3, 0
3, 0
3, 0
3, 0
3, 0
3, 0
3, 0
3, 0
3, 0
3, 0
1, 0x7f820
0, 0x43810
0, 0x7f840
2, 2
3, 0
3, 0
3, 0
3, 0
3, 0
3, 0
3, 0
3, 0
3, 0
3, 0
3, 0
3, 0
3, 0
3, 0
1, 0x7f840
0, 0x43830
0, 0x7f860
2, 2
3, 0
3, 0
3, 0
3, 0
3, 0
3, 0
3, 0
3, 0
3, 0
3, 0
3, 0
3, 0
3, 0
3, 0
0, 0x43850
0, 0x7f880
0, 0x43870
0, 0x7f8a0
0, 0x43890
0, 0x7f8c0
0, 0x438b0
0, 0x7f8e0
1, 0x7f860
0, 0x43850
0, 0x7f880
2, 2
3, 0
3, 0
3, 0
3, 0
3, 0
3, 0
3, 0
3, 0
3, 0
3, 0
3, 0
3, 0
3, 0
3, 0
1, 0x7f880
0, 0x43870
0, 0x7f8a0
2, 2
3, 0
3, 0
3, 0
3, 0
3, 0
3, 0
3, 0
3, 0
3, 0
3, 0
3, 0
3, 0
3, 0
3, 0
1, 0x7f8a0
0, 0x43890
0, 0x7f8c0
2, 2
3, 0
3, 0
3, 0
3, 0
3, 0
3, 0
3, 0
3, 0
3, 0
3, 0
3, 0
3, 0
3, 0
3, 0
1, 0x7f8c0
0, 0x438b0
0, 0x7f8e0
2, 2
3, 0
3, 0
3, 0
3, 0
3, 0
3, 0
3, 0
3, 0
3, 0
3, 0
3, 0
3, 0
3, 0
3, 0
0, 0x438d0
0, 0x7f900
0, 0x438f0
0, 0x7f920
0, 0x43910
0, 0x7f940
0, 0x43930
0, 0x7f960
1, 0x7f8e0
0, 0x438d0
0, 0x7f900
2, 2
3, 0
3, 0
3, 0
3, 0
3, 0
3, 0
3, 0
3, 0
3, 0
3, 0
3, 0
3, 0
3, 0
3, 0
1, 0x7f900
0, 0x438f0
0, 0x7f920
2, 2
3, 0
3, 0
3, 0
3, 0
3, 0
3, 0
3, 0
3, 0
3, 0
3, 0
3, 0
3, 0
3, 0
3, 0
1, 0x7f920
0, 0x43910
0, 0x7f940
2, 2
3, 0
3, 0
3, 0
3, 0
3, 0
3, 0
3, 0
3, 0
3, 0
3, 0
3, 0
3, 0
3, 0
3, 0
1, 0x7f940
0, 0x43930
0, 0x7f960
2, 2
3, 0
3, 0
3, 0
3, 0
3, 0
3, 0
3, 0
3, 0
3, 0
3, 0
3, 0
3, 0
3, 0
3, 0
0, 0x43950
0, 0x7f980
0, 0x43970
0, 0x7f9a0
0, 0x43990
0, 0x7f9c0
0, 0x439b0
0, 0x7f9e0
1, 0x7f960
0, 0x43950
0, 0x7f980
2, 2
3, 0
3, 0
3, 0
3, 0
3, 0
3, 0
3, 0
3, 0
3, 0
3, 0
3, 0
3, 0
3, 0
3, 0
1, 0x7f980
0, 0x43970
0, 0x7f9a0
2, 2
3, 0
3, 0
3, 0
3, 0
3, 0
3, 0
3, 0
3, 0
3, 0
3, 0
3, 0
3, 0
3, 0
3, 0
1, 0x7f9a0
0, 0x43990
0, 0x7f9c0
2, 2
3, 0
3, 0
3, 0
3, 0
3, 0
3, 0
3, 0
3, 0
3, 0
3, 0
3, 0
3, 0
3, 0
3, 0
1, 0x7f9c0
0, 0x439b0
0, 0x7f9e0
2, 2
3, 0
3, 0
3, 0
3, 0
3, 0
3, 0
3, 0
3, 0
3, 0
3, 0
3, 0
3, 0
3, 0
3, 0
0, 0x439d0
0, 0x7fa00
0, 0x439f0
0, 0x7fa20
0, 0x43a10
0, 0x7fa40
0, 0x43a30
0, 0x7fa60
1, 0x7f9e0
0, 0x439d0
0, 0x7fa00
2, 2
3, 0
3, 0
3, 0
3, 0
3, 0
3, 0
3, 0
3, 0
3, 0
3, 0
3, 0
3, 0
3, 0
3, 0
1, 0x7fa00
0, 0x439f0
0, 0x7fa20
2, 2
3, 0
3, 0
3, 0
3, 0
3, 0
3, 0
3, 0
3, 0
3, 0
3, 0
3, 0
3, 0
3, 0
3, 0
1, 0x7fa20
0, 0x43a10
0, 0x7fa40
2, 2
3, 0
3, 0
3, 0
3, 0
3, 0
3, 0
3, 0
3, 0
3, 0
3, 0
3, 0
3, 0
3, 0
3, 0
1, 0x7fa40
0, 0x43a30
0, 0x7fa60
2, 2
3, 0
3, 0
3, 0
3, 0
3, 0
3, 0
3, 0
3, 0
3, 0
3, 0
3, 0
3, 0
3, 0
3, 0
0, 0x43a50
0, 0x7fa80
0, 0x43a70
0, 0x7faa0
0, 0x43a90
0, 0x7fac0
0, 0x43ab0
0, 0x7fae0
1, 0x7fa60
0, 0x43a50
0, 0x7fa80
2, 2
3, 0
3, 0
3, 0
3, 0
3, 0
3, 0
3, 0
3, 0
3, 0
3, 0
3, 0
3, 0
3, 0
3, 0
1, 0x7fa80
0, 0x43a70
0, 0x7faa0
2, 2
3, 0
3, 0
3, 0
3, 0
3, 0
3, 0
3, 0
3, 0
3, 0
3, 0
3, 0
3, 0
3, 0
3, 0
1, 0x7faa0
0, 0x43a90
0, 0x7fac0
2, 2
3, 0
3, 0
3, 0
3, 0
3, 0
3, 0
3, 0
3, 0
3, 0
3, 0
3, 0
3, 0
3, 0
3, 0
1, 0x7fac0
0, 0x43ab0
0, 0x7fae0
2, 2
3, 0
3, 0
3, 0
3, 0
3, 0
3, 0
3, 0
3, 0
3, 0
3, 0
3, 0
3, 0
3, 0
3, 0
0, 0x43ad0
0, 0x7fb00
0, 0x43af0
0, 0x7fb20
0, 0x43b10
0, 0x7fb40
0, 0x43b30
0, 0x7fb60
1, 0x7fae0
0, 0x43ad0
0, 0x7fb00
2, 2
3, 0
3, 0
3, 0
3, 0
3, 0
3, 0
3, 0
3, 0
3, 0
3, 0
3, 0
3, 0
3, 0
3, 0
1, 0x7fb00
0, 0x43af0
0, 0x7fb20
2, 2
3, 0
3, 0
3, 0
3, 0
3, 0
3, 0
3, 0
3, 0
3, 0
3, 0
3, 0
3, 0
3, 0
3, 0
1, 0x7fb20
0, 0x43b10
0, 0x7fb40
2, 2
3, 0
3, 0
3, 0
3, 0
3, 0
3, 0
3, 0
3, 0
3, 0
3, 0
3, 0
3, 0
3, 0
3, 0
1, 0x7fb40
0, 0x43b30
0, 0x7fb60
2, 2
3, 0
3, 0
3, 0
3, 0
3, 0
3, 0
3, 0
3, 0
3, 0
3, 0
3, 0
3, 0
3, 0
3, 0
0, 0x43b50
0, 0x7fb80
0, 0x43b70
0, 0x7fba0
0, 0x43b90
0, 0x7fbc0
0, 0x43bb0
0, 0x7fbe0
1, 0x7fb60
0, 0x43b50
0, 0x7fb80
2, 2
3, 0
3, 0
3, 0
3, 0
3, 0
3, 0
3, 0
3, 0
3, 0
3, 0
3, 0
3, 0
3, 0
3, 0
1, 0x7fb80
0, 0x43b70
0, 0x7fba0
2, 2
3, 0
3, 0
3, 0
3, 0
3, 0
3, 0
3, 0
3, 0
3, 0
3, 0
3, 0
3, 0
3, 0
3, 0
1, 0x7fba0
0, 0x43b90
0, 0x7fbc0
2, 2
3, 0
3, 0
3, 0
3, 0
3, 0
3, 0
3, 0
3, 0
3, 0
3, 0
3, 0
3, 0
3, 0
3, 0
1, 0x7fbc0
0, 0x43bb0
0, 0x7fbe0
2, 2
3, 0
3, 0
3, 0
3, 0
3, 0
3, 0
3, 0
3, 0
3, 0
3, 0
3, 0
3, 0
3, 0
3, 0
0, 0x43bd0
0, 0x7fc00
0, 0x43bf0
0, 0x7fc20
0, 0x43c10
0, 0x7fc40
0, 0x43c30
0, 0x7fc60
1, 0x7fbe0
0, 0x43bd0
0, 0x7fc00
2, 2
3, 0
3, 0
3, 0
3, 0
3, 0
3, 0
3, 0
3, 0
3, 0
3, 0
3, 0
3, 0
3, 0
3, 0
1, 0x7fc00
0, 0x43bf0
0, 0x7fc20
2, 2
3, 0
3, 0
3, 0
3, 0
3, 0
3, 0
3, 0
3, 0
3, 0
3, 0
3, 0
3, 0
3, 0
3, 0
1, 0x7fc20
0, 0x43c10
0, 0x7fc40
2, 2
3, 0
3, 0
3, 0
3, 0
3, 0
3, 0
3, 0
3, 0
3, 0
3, 0
3, 0
3, 0
3, 0
3, 0
1, 0x7fc40
0, 0x43c30
0, 0x7fc60
2, 2
3, 0
3, 0
3, 0
3, 0
3, 0
3, 0
3, 0
3, 0
3, 0
3, 0
3, 0
3, 0
3, 0
3, 0
0, 0x43c50
0, 0x7fc80
0, 0x43c70
0, 0x7fca0
0, 0x43c90
0, 0x7fcc0
0, 0x43cb0
0, 0x7fce0
1, 0x7fc60
0, 0x43c50
0, 0x7fc80
2, 2
3, 0
3, 0
3, 0
3, 0
3, 0
3, 0
3, 0
3, 0
3, 0
3, 0
3, 0
3, 0
3, 0
3, 0
1, 0x7fc80
0, 0x43c70
0, 0x7fca0
2, 2
3, 0
3, 0
3, 0
3, 0
3, 0
3, 0
3, 0
3, 0
3, 0
3, 0
3, 0
3, 0
3, 0
3, 0
1, 0x7fca0
0, 0x43c90
0, 0x7fcc0
2, 2
3, 0
3, 0
3, 0
3, 0
3, 0
3, 0
3, 0
3, 0
3, 0
3, 0
3, 0
3, 0
3, 0
3, 0
1, 0x7fcc0
0, 0x43cb0
0, 0x7fce0
2, 2
3, 0
3, 0
3, 0
3, 0
3, 0
3, 0
3, 0
3, 0
3, 0
3, 0
3, 0
3, 0
3, 0
3, 0
0, 0x43cd0
0, 0x7fd00
0, 0x43cf0
0, 0x7fd20
0, 0x43d10
0, 0x7fd40
0, 0x43d30
0, 0x7fd60
1, 0x7fce0
0, 0x43cd0
0, 0x7fd00
2, 2
3, 0
3, 0
3, 0
3, 0
3, 0
3, 0
3, 0
3, 0
3, 0
3, 0
3, 0
3, 0
3, 0
3, 0
1, 0x7fd00
0, 0x43cf0
0, 0x7fd20
2, 2
3, 0
3, 0
3, 0
3, 0
3, 0
3, 0
3, 0
3, 0
3, 0
3, 0
3, 0
3, 0
3, 0
3, 0
1, 0x7fd20
0, 0x43d10
0, 0x7fd40
2, 2
3, 0
3, 0
3, 0
3, 0
3, 0
3, 0
3, 0
3, 0
3, 0
3, 0
3, 0
3, 0
3, 0
3, 0
1, 0x7fd40
0, 0x43d30
0, 0x7fd60
2, 2
3, 0
3, 0
3, 0
3, 0
3, 0
3, 0
3, 0
3, 0
3, 0
3, 0
3, 0
3, 0
3, 0
3, 0
0, 0x43d50
0, 0x7fd80
0, 0x43d70
0, 0x7fda0
0, 0x43d90
0, 0x7fdc0
0, 0x43db0
0, 0x7fde0
1, 0x7fd60
0, 0x43d50
0, 0x7fd80
2, 2
3, 0
3, 0
3, 0
3, 0
3, 0
3, 0
3, 0
3, 0
3, 0
3, 0
3, 0
3, 0
3, 0
3, 0
1, 0x7fd80
0, 0x43d70
0, 0x7fda0
2, 2
3, 0
3, 0
3, 0
3, 0
3, 0
3, 0
3, 0
3, 0
3, 0
3, 0
3, 0
3, 0
3, 0
3, 0
1, 0x7fda0
0, 0x43d90
0, 0x7fdc0
2, 2
3, 0
3, 0
3, 0
3, 0
3, 0
3, 0
3, 0
3, 0
3, 0
3, 0
3, 0
3, 0
3, 0
3, 0
1, 0x7fdc0
0, 0x43db0
0, 0x7fde0
2, 2
3, 0
3, 0
3, 0
3, 0
3, 0
3, 0
3, 0
3, 0
3, 0
3, 0
3, 0
3, 0
3, 0
3, 0
0, 0x43dd0
0, 0x7fe00
0, 0x43df0
0, 0x7fe20
0, 0x43e10
0, 0x7fe40
0, 0x43e30
0, 0x7fe60
1, 0x7fde0
0, 0x43dd0
0, 0x7fe00
2, 2
3, 0
3, 0
3, 0
3, 0
3, 0
3, 0
3, 0
3, 0
3, 0
3, 0
3, 0
3, 0
3, 0
3, 0
1, 0x7fe00
0, 0x43df0
0, 0x7fe20
2, 2
3, 0
3, 0
3, 0
3, 0
3, 0
3, 0
3, 0
3, 0
3, 0
3, 0
3, 0
3, 0
3, 0
3, 0
1, 0x7fe20
0, 0x43e10
0, 0x7fe40
2, 2
3, 0
3, 0
3, 0
3, 0
3, 0
3, 0
3, 0
3, 0
3, 0
3, 0
3, 0
3, 0
3, 0
3, 0
1, 0x7fe40
0, 0x43e30
0, 0x7fe60
2, 2
3, 0
3, 0
3, 0
3, 0
3, 0
3, 0
3, 0
3, 0
3, 0
3, 0
3, 0
3, 0
3, 0
3, 0
0, 0x43e50
0, 0x7fe80
0, 0x43e70
0, 0x7fea0
0, 0x43e90
0, 0x7fec0
0, 0x43eb0
0, 0x7fee0
1, 0x7fe60
0, 0x43e50
0, 0x7fe80
2, 2
3, 0
3, 0
3, 0
3, 0
3, 0
3, 0
3, 0
3, 0
3, 0
3, 0
3, 0
3, 0
3, 0
3, 0
1, 0x7fe80
0, 0x43e70
0, 0x7fea0
2, 2
3, 0
3, 0
3, 0
3, 0
3, 0
3, 0
3, 0
3, 0
3, 0
3, 0
3, 0
3, 0
3, 0
3, 0
1, 0x7fea0
0, 0x43e90
0, 0x7fec0
2, 2
3, 0
3, 0
3, 0
3, 0
3, 0
3, 0
3, 0
3, 0
3, 0
3, 0
3, 0
3, 0
3, 0
3, 0
1, 0x7fec0
0, 0x43eb0
0, 0x7fee0
2, 2
3, 0
3, 0
3, 0
3, 0
3, 0
3, 0
3, 0
3, 0
3, 0
3, 0
3, 0
3, 0
3, 0
3, 0
0, 0x43ed0
0, 0x7ff00
0, 0x43ef0
0, 0x7ff20
0, 0x43f10
0, 0x7ff40
0, 0x43f30
0, 0x7ff60
1, 0x7fee0
0, 0x43ed0
0, 0x7ff00
2, 2
3, 0
3, 0
3, 0
3, 0
3, 0
3, 0
3, 0
3, 0
3, 0
3, 0
3, 0
3, 0
3, 0
3, 0
1, 0x7ff00
0, 0x43ef0
0, 0x7ff20
2, 2
3, 0
3, 0
3, 0
3, 0
3, 0
3, 0
3, 0
3, 0
3, 0
3, 0
3, 0
3, 0
3, 0
3, 0
1, 0x7ff20
0, 0x43f10
0, 0x7ff40
2, 2
3, 0
3, 0
3, 0
3, 0
3, 0
3, 0
3, 0
3, 0
3, 0
3, 0
3, 0
3, 0
3, 0
3, 0
1, 0x7ff40
0, 0x43f30
0, 0x7ff60
2, 2
3, 0
3, 0
3, 0
3, 0
3, 0
3, 0
3, 0
3, 0
3, 0
3, 0
3, 0
3, 0
3, 0
3, 0
0, 0x43f50
0, 0x7ff80
0, 0x43f70
0, 0x7ffa0
0, 0x43f90
0, 0x7ffc0
0, 0x43fb0
0, 0x7ffe0
1, 0x7ff60
0, 0x43f50
0, 0x7ff80
2, 2
3, 0
3, 0
3, 0
3, 0
3, 0
3, 0
3, 0
3, 0
3, 0
3, 0
3, 0
3, 0
3, 0
3, 0
1, 0x7ff80
0, 0x43f70
0, 0x7ffa0
2, 2
3, 0
3, 0
3, 0
3, 0
3, 0
3, 0
3, 0
3, 0
3, 0
3, 0
3, 0
3, 0
3, 0
3, 0
1, 0x7ffa0
0, 0x43f90
0, 0x7ffc0
2, 2
3, 0
3, 0
3, 0
3, 0
3, 0
3, 0
3, 0
3, 0
3, 0
3, 0
3, 0
3, 0
3, 0
3, 0
1, 0x7ffc0
0, 0x43fb0
0, 0x7ffe0
2, 2
3, 0
3, 0
3, 0
3, 0
3, 0
3, 0
3, 0
3, 0
3, 0
3, 0
3, 0
3, 0
3, 0
3, 0
0, 0x43fd0
0, 0x80000
0, 0x43ff0
0, 0x80020
0, 0x44010
0, 0x80040
0, 0x44030
0, 0x80060
1, 0x7ffe0
0, 0x43fd0
0, 0x80000
2, 2
3, 0
3, 0
3, 0
3, 0
3, 0
3, 0
3, 0
3, 0
3, 0
3, 0
3, 0
3, 0
3, 0
3, 0
1, 0x80000
0, 0x43ff0
0, 0x80020
2, 2
3, 0
3, 0
3, 0
3, 0
3, 0
3, 0
3, 0
3, 0
3, 0
3, 0
3, 0
3, 0
3, 0
3, 0
1, 0x80020
0, 0x44010
0, 0x80040
2, 2
3, 0
3, 0
3, 0
3, 0
3, 0
3, 0
3, 0
3, 0
3, 0
3, 0
3, 0
3, 0
3, 0
3, 0
1, 0x80040
0, 0x44030
0, 0x80060
2, 2
3, 0
3, 0
3, 0
3, 0
3, 0
3, 0
3, 0
3, 0
3, 0
3, 0
3, 0
3, 0
3, 0
3, 0
0, 0x44050
0, 0x80080
0, 0x44070
0, 0x800a0
0, 0x44090
0, 0x800c0
0, 0x440b0
0, 0x800e0
1, 0x80060
0, 0x44050
0, 0x80080
2, 2
3, 0
3, 0
3, 0
3, 0
3, 0
3, 0
3, 0
3, 0
3, 0
3, 0
3, 0
3, 0
3, 0
3, 0
1, 0x80080
0, 0x44070
0, 0x800a0
2, 2
3, 0
3, 0
3, 0
3, 0
3, 0
3, 0
3, 0
3, 0
3, 0
3, 0
3, 0
3, 0
3, 0
3, 0
1, 0x800a0
0, 0x44090
0, 0x800c0
2, 2
3, 0
3, 0
3, 0
3, 0
3, 0
3, 0
3, 0
3, 0
3, 0
3, 0
3, 0
3, 0
3, 0
3, 0
1, 0x800c0
0, 0x440b0
0, 0x800e0
2, 2
3, 0
3, 0
3, 0
3, 0
3, 0
3, 0
3, 0
3, 0
3, 0
3, 0
3, 0
3, 0
3, 0
3, 0
0, 0x440d0
0, 0x80100
0, 0x440f0
0, 0x80120
0, 0x44110
0, 0x80140
0, 0x44130
0, 0x80160
1, 0x800e0
0, 0x440d0
0, 0x80100
2, 2
3, 0
3, 0
3, 0
3, 0
3, 0
3, 0
3, 0
3, 0
3, 0
3, 0
3, 0
3, 0
3, 0
3, 0
1, 0x80100
0, 0x440f0
0, 0x80120
2, 2
3, 0
3, 0
3, 0
3, 0
3, 0
3, 0
3, 0
3, 0
3, 0
3, 0
3, 0
3, 0
3, 0
3, 0
1, 0x80120
0, 0x44110
0, 0x80140
2, 2
3, 0
3, 0
3, 0
3, 0
3, 0
3, 0
3, 0
3, 0
3, 0
3, 0
3, 0
3, 0
3, 0
3, 0
1, 0x80140
0, 0x44130
0, 0x80160
2, 2
3, 0
3, 0
3, 0
3, 0
3, 0
3, 0
3, 0
3, 0
3, 0
3, 0
3, 0
3, 0
3, 0
3, 0
0, 0x44150
0, 0x80180
0, 0x44170
0, 0x801a0
0, 0x44190
0, 0x801c0
0, 0x441b0
0, 0x801e0
1, 0x80160
0, 0x44150
0, 0x80180
2, 2
3, 0
3, 0
3, 0
3, 0
3, 0
3, 0
3, 0
3, 0
3, 0
3, 0
3, 0
3, 0
3, 0
3, 0
1, 0x80180
0, 0x44170
0, 0x801a0
2, 2
3, 0
3, 0
3, 0
3, 0
3, 0
3, 0
3, 0
3, 0
3, 0
3, 0
3, 0
3, 0
3, 0
3, 0
1, 0x801a0
0, 0x44190
0, 0x801c0
2, 2
3, 0
3, 0
3, 0
3, 0
3, 0
3, 0
3, 0
3, 0
3, 0
3, 0
3, 0
3, 0
3, 0
3, 0
1, 0x801c0
0, 0x441b0
0, 0x801e0
2, 2
3, 0
3, 0
3, 0
3, 0
3, 0
3, 0
3, 0
3, 0
3, 0
3, 0
3, 0
3, 0
3, 0
3, 0
0, 0x441d0
0, 0x80200
0, 0x441f0
0, 0x80220
0, 0x44210
0, 0x80240
0, 0x44230
0, 0x80260
1, 0x801e0
0, 0x441d0
0, 0x80200
2, 2
3, 0
3, 0
3, 0
3, 0
3, 0
3, 0
3, 0
3, 0
3, 0
3, 0
3, 0
3, 0
3, 0
3, 0
1, 0x80200
0, 0x441f0
0, 0x80220
2, 2
3, 0
3, 0
3, 0
3, 0
3, 0
3, 0
3, 0
3, 0
3, 0
3, 0
3, 0
3, 0
3, 0
3, 0
1, 0x80220
0, 0x44210
0, 0x80240
2, 2
3, 0
3, 0
3, 0
3, 0
3, 0
3, 0
3, 0
3, 0
3, 0
3, 0
3, 0
3, 0
3, 0
3, 0
1, 0x80240
0, 0x44230
0, 0x80260
2, 2
3, 0
3, 0
3, 0
3, 0
3, 0
3, 0
3, 0
3, 0
3, 0
3, 0
3, 0
3, 0
3, 0
3, 0
0, 0x44250
0, 0x80280
0, 0x44270
0, 0x802a0
0, 0x44290
0, 0x802c0
0, 0x442b0
0, 0x802e0
1, 0x80260
0, 0x44250
0, 0x80280
2, 2
3, 0
3, 0
3, 0
3, 0
3, 0
3, 0
3, 0
3, 0
3, 0
3, 0
3, 0
3, 0
3, 0
3, 0
1, 0x80280
0, 0x44270
0, 0x802a0
2, 2
3, 0
3, 0
3, 0
3, 0
3, 0
3, 0
3, 0
3, 0
3, 0
3, 0
3, 0
3, 0
3, 0
3, 0
1, 0x802a0
0, 0x44290
0, 0x802c0
2, 2
3, 0
3, 0
3, 0
3, 0
3, 0
3, 0
3, 0
3, 0
3, 0
3, 0
3, 0
3, 0
3, 0
3, 0
1, 0x802c0
0, 0x442b0
0, 0x802e0
2, 2
3, 0
3, 0
3, 0
3, 0
3, 0
3, 0
3, 0
3, 0
3, 0
3, 0
3, 0
3, 0
3, 0
3, 0
0, 0x442d0
0, 0x80300
0, 0x442f0
0, 0x80320
0, 0x44310
0, 0x80340
0, 0x44330
0, 0x80360
1, 0x802e0
0, 0x442d0
0, 0x80300
2, 2
3, 0
3, 0
3, 0
3, 0
3, 0
3, 0
3, 0
3, 0
3, 0
3, 0
3, 0
3, 0
3, 0
3, 0
1, 0x80300
0, 0x442f0
0, 0x80320
2, 2
3, 0
3, 0
3, 0
3, 0
3, 0
3, 0
3, 0
3, 0
3, 0
3, 0
3, 0
3, 0
3, 0
3, 0
1, 0x80320
0, 0x44310
0, 0x80340
2, 2
3, 0
3, 0
3, 0
3, 0
3, 0
3, 0
3, 0
3, 0
3, 0
3, 0
3, 0
3, 0
3, 0
3, 0
1, 0x80340
0, 0x44330
0, 0x80360
2, 2
3, 0
3, 0
3, 0
3, 0
3, 0
3, 0
3, 0
3, 0
3, 0
3, 0
3, 0
3, 0
3, 0
3, 0
0, 0x44350
0, 0x80380
0, 0x44370
0, 0x803a0
0, 0x44390
0, 0x803c0
0, 0x443b0
0, 0x803e0
1, 0x80360
0, 0x44350
0, 0x80380
2, 2
3, 0
3, 0
3, 0
3, 0
3, 0
3, 0
3, 0
3, 0
3, 0
3, 0
3, 0
3, 0
3, 0
3, 0
1, 0x80380
0, 0x44370
0, 0x803a0
2, 2
3, 0
3, 0
3, 0
3, 0
3, 0
3, 0
3, 0
3, 0
3, 0
3, 0
3, 0
3, 0
3, 0
3, 0
1, 0x803a0
0, 0x44390
0, 0x803c0
2, 2
3, 0
3, 0
3, 0
3, 0
3, 0
3, 0
3, 0
3, 0
3, 0
3, 0
3, 0
3, 0
3, 0
3, 0
1, 0x803c0
0, 0x443b0
0, 0x803e0
2, 2
3, 0
3, 0
3, 0
3, 0
3, 0
3, 0
3, 0
3, 0
3, 0
3, 0
3, 0
3, 0
3, 0
3, 0
0, 0x443d0
0, 0x80400
0, 0x443f0
0, 0x80420
0, 0x44410
0, 0x80440
0, 0x44430
0, 0x80460
1, 0x803e0
0, 0x443d0
0, 0x80400
2, 2
3, 0
3, 0
3, 0
3, 0
3, 0
3, 0
3, 0
3, 0
3, 0
3, 0
3, 0
3, 0
3, 0
3, 0
1, 0x80400
0, 0x443f0
0, 0x80420
2, 2
3, 0
3, 0
3, 0
3, 0
3, 0
3, 0
3, 0
3, 0
3, 0
3, 0
3, 0
3, 0
3, 0
3, 0
1, 0x80420
0, 0x44410
0, 0x80440
2, 2
3, 0
3, 0
3, 0
3, 0
3, 0
3, 0
3, 0
3, 0
3, 0
3, 0
3, 0
3, 0
3, 0
3, 0
1, 0x80440
0, 0x44430
0, 0x80460
2, 2
3, 0
3, 0
3, 0
3, 0
3, 0
3, 0
3, 0
3, 0
3, 0
3, 0
3, 0
3, 0
3, 0
3, 0
0, 0x44450
0, 0x80480
0, 0x44470
0, 0x804a0
0, 0x44490
0, 0x804c0
0, 0x444b0
0, 0x804e0
1, 0x80460
0, 0x44450
0, 0x80480
2, 2
3, 0
3, 0
3, 0
3, 0
3, 0
3, 0
3, 0
3, 0
3, 0
3, 0
3, 0
3, 0
3, 0
3, 0
1, 0x80480
0, 0x44470
0, 0x804a0
2, 2
3, 0
3, 0
3, 0
3, 0
3, 0
3, 0
3, 0
3, 0
3, 0
3, 0
3, 0
3, 0
3, 0
3, 0
1, 0x804a0
0, 0x44490
0, 0x804c0
2, 2
3, 0
3, 0
3, 0
3, 0
3, 0
3, 0
3, 0
3, 0
3, 0
3, 0
3, 0
3, 0
3, 0
3, 0
1, 0x804c0
0, 0x444b0
0, 0x804e0
2, 2
3, 0
3, 0
3, 0
3, 0
3, 0
3, 0
3, 0
3, 0
3, 0
3, 0
3, 0
3, 0
3, 0
3, 0
0, 0x444d0
0, 0x80500
0, 0x444f0
0, 0x80520
0, 0x44510
0, 0x80540
0, 0x44530
0, 0x80560
1, 0x804e0
0, 0x444d0
0, 0x80500
2, 2
3, 0
3, 0
3, 0
3, 0
3, 0
3, 0
3, 0
3, 0
3, 0
3, 0
3, 0
3, 0
3, 0
3, 0
1, 0x80500
0, 0x444f0
0, 0x80520
2, 2
3, 0
3, 0
3, 0
3, 0
3, 0
3, 0
3, 0
3, 0
3, 0
3, 0
3, 0
3, 0
3, 0
3, 0
1, 0x80520
0, 0x44510
0, 0x80540
2, 2
3, 0
3, 0
3, 0
3, 0
3, 0
3, 0
3, 0
3, 0
3, 0
3, 0
3, 0
3, 0
3, 0
3, 0
1, 0x80540
0, 0x44530
0, 0x80560
2, 2
3, 0
3, 0
3, 0
3, 0
3, 0
3, 0
3, 0
3, 0
3, 0
3, 0
3, 0
3, 0
3, 0
3, 0
0, 0x44550
0, 0x80580
0, 0x44570
0, 0x805a0
0, 0x44590
0, 0x805c0
0, 0x445b0
0, 0x805e0
1, 0x80560
0, 0x44550
0, 0x80580
2, 2
3, 0
3, 0
3, 0
3, 0
3, 0
3, 0
3, 0
3, 0
3, 0
3, 0
3, 0
3, 0
3, 0
3, 0
1, 0x80580
0, 0x44570
0, 0x805a0
2, 2
3, 0
3, 0
3, 0
3, 0
3, 0
3, 0
3, 0
3, 0
3, 0
3, 0
3, 0
3, 0
3, 0
3, 0
1, 0x805a0
0, 0x44590
0, 0x805c0
2, 2
3, 0
3, 0
3, 0
3, 0
3, 0
3, 0
3, 0
3, 0
3, 0
3, 0
3, 0
3, 0
3, 0
3, 0
1, 0x805c0
0, 0x445b0
0, 0x805e0
2, 2
3, 0
3, 0
3, 0
3, 0
3, 0
3, 0
3, 0
3, 0
3, 0
3, 0
3, 0
3, 0
3, 0
3, 0
0, 0x445d0
0, 0x80600
0, 0x445f0
0, 0x80620
0, 0x44610
0, 0x80640
0, 0x44630
0, 0x80660
1, 0x805e0
0, 0x445d0
0, 0x80600
2, 2
3, 0
3, 0
3, 0
3, 0
3, 0
3, 0
3, 0
3, 0
3, 0
3, 0
3, 0
3, 0
3, 0
3, 0
1, 0x80600
0, 0x445f0
0, 0x80620
2, 2
3, 0
3, 0
3, 0
3, 0
3, 0
3, 0
3, 0
3, 0
3, 0
3, 0
3, 0
3, 0
3, 0
3, 0
1, 0x80620
0, 0x44610
0, 0x80640
2, 2
3, 0
3, 0
3, 0
3, 0
3, 0
3, 0
3, 0
3, 0
3, 0
3, 0
3, 0
3, 0
3, 0
3, 0
1, 0x80640
0, 0x44630
0, 0x80660
2, 2
3, 0
3, 0
3, 0
3, 0
3, 0
3, 0
3, 0
3, 0
3, 0
3, 0
3, 0
3, 0
3, 0
3, 0
0, 0x44650
0, 0x80680
0, 0x44670
0, 0x806a0
0, 0x44690
0, 0x806c0
0, 0x446b0
0, 0x806e0
1, 0x80660
0, 0x44650
0, 0x80680
2, 2
3, 0
3, 0
3, 0
3, 0
3, 0
3, 0
3, 0
3, 0
3, 0
3, 0
3, 0
3, 0
3, 0
3, 0
1, 0x80680
0, 0x44670
0, 0x806a0
2, 2
3, 0
3, 0
3, 0
3, 0
3, 0
3, 0
3, 0
3, 0
3, 0
3, 0
3, 0
3, 0
3, 0
3, 0
1, 0x806a0
0, 0x44690
0, 0x806c0
2, 2
3, 0
3, 0
3, 0
3, 0
3, 0
3, 0
3, 0
3, 0
3, 0
3, 0
3, 0
3, 0
3, 0
3, 0
1, 0x806c0
0, 0x446b0
0, 0x806e0
2, 2
3, 0
3, 0
3, 0
3, 0
3, 0
3, 0
3, 0
3, 0
3, 0
3, 0
3, 0
3, 0
3, 0
3, 0
0, 0x446d0
0, 0x80700
0, 0x446f0
0, 0x80720
0, 0x44710
0, 0x80740
0, 0x44730
0, 0x80760
1, 0x806e0
0, 0x446d0
0, 0x80700
2, 2
3, 0
3, 0
3, 0
3, 0
3, 0
3, 0
3, 0
3, 0
3, 0
3, 0
3, 0
3, 0
3, 0
3, 0
1, 0x80700
0, 0x446f0
0, 0x80720
2, 2
3, 0
3, 0
3, 0
3, 0
3, 0
3, 0
3, 0
3, 0
3, 0
3, 0
3, 0
3, 0
3, 0
3, 0
1, 0x80720
0, 0x44710
0, 0x80740
2, 2
3, 0
3, 0
3, 0
3, 0
3, 0
3, 0
3, 0
3, 0
3, 0
3, 0
3, 0
3, 0
3, 0
3, 0
1, 0x80740
0, 0x44730
0, 0x80760
2, 2
3, 0
3, 0
3, 0
3, 0
3, 0
3, 0
3, 0
3, 0
3, 0
3, 0
3, 0
3, 0
3, 0
3, 0
0, 0x44750
0, 0x80780
0, 0x44770
0, 0x807a0
0, 0x44790
0, 0x807c0
0, 0x447b0
0, 0x807e0
1, 0x80760
0, 0x44750
0, 0x80780
2, 2
3, 0
3, 0
3, 0
3, 0
3, 0
3, 0
3, 0
3, 0
3, 0
3, 0
3, 0
3, 0
3, 0
3, 0
1, 0x80780
0, 0x44770
0, 0x807a0
2, 2
3, 0
3, 0
3, 0
3, 0
3, 0
3, 0
3, 0
3, 0
3, 0
3, 0
3, 0
3, 0
3, 0
3, 0
1, 0x807a0
0, 0x44790
0, 0x807c0
2, 2
3, 0
3, 0
3, 0
3, 0
3, 0
3, 0
3, 0
3, 0
3, 0
3, 0
3, 0
3, 0
3, 0
3, 0
1, 0x807c0
0, 0x447b0
0, 0x807e0
2, 2
3, 0
3, 0
3, 0
3, 0
3, 0
3, 0
3, 0
3, 0
3, 0
3, 0
3, 0
3, 0
3, 0
3, 0
0, 0x447d0
0, 0x80800
0, 0x447f0
0, 0x80820
0, 0x44810
0, 0x80840
0, 0x44830
0, 0x80860
1, 0x807e0
0, 0x447d0
0, 0x80800
2, 2
3, 0
3, 0
3, 0
3, 0
3, 0
3, 0
3, 0
3, 0
3, 0
3, 0
3, 0
3, 0
3, 0
3, 0
1, 0x80800
0, 0x447f0
0, 0x80820
2, 2
3, 0
3, 0
3, 0
3, 0
3, 0
3, 0
3, 0
3, 0
3, 0
3, 0
3, 0
3, 0
3, 0
3, 0
1, 0x80820
0, 0x44810
0, 0x80840
2, 2
3, 0
3, 0
3, 0
3, 0
3, 0
3, 0
3, 0
3, 0
3, 0
3, 0
3, 0
3, 0
3, 0
3, 0
1, 0x80840
0, 0x44830
0, 0x80860
2, 2
3, 0
3, 0
3, 0
3, 0
3, 0
3, 0
3, 0
3, 0
3, 0
3, 0
3, 0
3, 0
3, 0
3, 0
0, 0x44850
0, 0x80880
0, 0x44870
0, 0x808a0
0, 0x44890
0, 0x808c0
0, 0x448b0
0, 0x808e0
1, 0x80860
0, 0x44850
0, 0x80880
2, 2
3, 0
3, 0
3, 0
3, 0
3, 0
3, 0
3, 0
3, 0
3, 0
3, 0
3, 0
3, 0
3, 0
3, 0
1, 0x80880
0, 0x44870
0, 0x808a0
2, 2
3, 0
3, 0
3, 0
3, 0
3, 0
3, 0
3, 0
3, 0
3, 0
3, 0
3, 0
3, 0
3, 0
3, 0
1, 0x808a0
0, 0x44890
0, 0x808c0
2, 2
3, 0
3, 0
3, 0
3, 0
3, 0
3, 0
3, 0
3, 0
3, 0
3, 0
3, 0
3, 0
3, 0
3, 0
1, 0x808c0
0, 0x448b0
0, 0x808e0
2, 2
3, 0
3, 0
3, 0
3, 0
3, 0
3, 0
3, 0
3, 0
3, 0
3, 0
3, 0
3, 0
3, 0
3, 0
0, 0x448d0
0, 0x80900
0, 0x448f0
0, 0x80920
0, 0x44910
0, 0x80940
0, 0x44930
0, 0x80960
1, 0x808e0
0, 0x448d0
0, 0x80900
2, 2
3, 0
3, 0
3, 0
3, 0
3, 0
3, 0
3, 0
3, 0
3, 0
3, 0
3, 0
3, 0
3, 0
3, 0
1, 0x80900
0, 0x448f0
0, 0x80920
2, 2
3, 0
3, 0
3, 0
3, 0
3, 0
3, 0
3, 0
3, 0
3, 0
3, 0
3, 0
3, 0
3, 0
3, 0
1, 0x80920
0, 0x44910
0, 0x80940
2, 2
3, 0
3, 0
3, 0
3, 0
3, 0
3, 0
3, 0
3, 0
3, 0
3, 0
3, 0
3, 0
3, 0
3, 0
1, 0x80940
0, 0x44930
0, 0x80960
2, 2
3, 0
3, 0
3, 0
3, 0
3, 0
3, 0
3, 0
3, 0
3, 0
3, 0
3, 0
3, 0
3, 0
3, 0
0, 0x44950
0, 0x80980
0, 0x44970
0, 0x809a0
0, 0x44990
0, 0x809c0
0, 0x449b0
0, 0x809e0
1, 0x80960
0, 0x44950
0, 0x80980
2, 2
3, 0
3, 0
3, 0
3, 0
3, 0
3, 0
3, 0
3, 0
3, 0
3, 0
3, 0
3, 0
3, 0
3, 0
1, 0x80980
0, 0x44970
0, 0x809a0
2, 2
3, 0
3, 0
3, 0
3, 0
3, 0
3, 0
3, 0
3, 0
3, 0
3, 0
3, 0
3, 0
3, 0
3, 0
1, 0x809a0
0, 0x44990
0, 0x809c0
2, 2
3, 0
3, 0
3, 0
3, 0
3, 0
3, 0
3, 0
3, 0
3, 0
3, 0
3, 0
3, 0
3, 0
3, 0
1, 0x809c0
0, 0x449b0
0, 0x809e0
2, 2
3, 0
3, 0
3, 0
3, 0
3, 0
3, 0
3, 0
3, 0
3, 0
3, 0
3, 0
3, 0
3, 0
3, 0
0, 0x449d0
0, 0x80a00
0, 0x449f0
0, 0x80a20
0, 0x44a10
0, 0x80a40
0, 0x44a30
0, 0x80a60
1, 0x809e0
0, 0x449d0
0, 0x80a00
2, 2
3, 0
3, 0
3, 0
3, 0
3, 0
3, 0
3, 0
3, 0
3, 0
3, 0
3, 0
3, 0
3, 0
3, 0
1, 0x80a00
0, 0x449f0
0, 0x80a20
2, 2
3, 0
3, 0
3, 0
3, 0
3, 0
3, 0
3, 0
3, 0
3, 0
3, 0
3, 0
3, 0
3, 0
3, 0
1, 0x80a20
0, 0x44a10
0, 0x80a40
2, 2
3, 0
3, 0
3, 0
3, 0
3, 0
3, 0
3, 0
3, 0
3, 0
3, 0
3, 0
3, 0
3, 0
3, 0
1, 0x80a40
0, 0x44a30
0, 0x80a60
2, 2
3, 0
3, 0
3, 0
3, 0
3, 0
3, 0
3, 0
3, 0
3, 0
3, 0
3, 0
3, 0
3, 0
3, 0
0, 0x44a50
0, 0x80a80
0, 0x44a70
0, 0x80aa0
0, 0x44a90
0, 0x80ac0
0, 0x44ab0
0, 0x80ae0
1, 0x80a60
0, 0x44a50
0, 0x80a80
2, 2
3, 0
3, 0
3, 0
3, 0
3, 0
3, 0
3, 0
3, 0
3, 0
3, 0
3, 0
3, 0
3, 0
3, 0
1, 0x80a80
0, 0x44a70
0, 0x80aa0
2, 2
3, 0
3, 0
3, 0
3, 0
3, 0
3, 0
3, 0
3, 0
3, 0
3, 0
3, 0
3, 0
3, 0
3, 0
1, 0x80aa0
0, 0x44a90
0, 0x80ac0
2, 2
3, 0
3, 0
3, 0
3, 0
3, 0
3, 0
3, 0
3, 0
3, 0
3, 0
3, 0
3, 0
3, 0
3, 0
1, 0x80ac0
0, 0x44ab0
0, 0x80ae0
2, 2
3, 0
3, 0
3, 0
3, 0
3, 0
3, 0
3, 0
3, 0
3, 0
3, 0
3, 0
3, 0
3, 0
3, 0
0, 0x44ad0
0, 0x80b00
0, 0x44af0
0, 0x80b20
0, 0x44b10
0, 0x80b40
0, 0x44b30
0, 0x80b60
1, 0x80ae0
0, 0x44ad0
0, 0x80b00
2, 2
3, 0
3, 0
3, 0
3, 0
3, 0
3, 0
3, 0
3, 0
3, 0
3, 0
3, 0
3, 0
3, 0
3, 0
1, 0x80b00
0, 0x44af0
0, 0x80b20
2, 2
3, 0
3, 0
3, 0
3, 0
3, 0
3, 0
3, 0
3, 0
3, 0
3, 0
3, 0
3, 0
3, 0
3, 0
1, 0x80b20
0, 0x44b10
0, 0x80b40
2, 2
3, 0
3, 0
3, 0
3, 0
3, 0
3, 0
3, 0
3, 0
3, 0
3, 0
3, 0
3, 0
3, 0
3, 0
1, 0x80b40
0, 0x44b30
0, 0x80b60
2, 2
3, 0
3, 0
3, 0
3, 0
3, 0
3, 0
3, 0
3, 0
3, 0
3, 0
3, 0
3, 0
3, 0
3, 0
0, 0x44b50
0, 0x80b80
0, 0x44b70
0, 0x80ba0
0, 0x44b90
0, 0x80bc0
0, 0x44bb0
0, 0x80be0
1, 0x80b60
0, 0x44b50
0, 0x80b80
2, 2
3, 0
3, 0
3, 0
3, 0
3, 0
3, 0
3, 0
3, 0
3, 0
3, 0
3, 0
3, 0
3, 0
3, 0
1, 0x80b80
0, 0x44b70
0, 0x80ba0
2, 2
3, 0
3, 0
3, 0
3, 0
3, 0
3, 0
3, 0
3, 0
3, 0
3, 0
3, 0
3, 0
3, 0
3, 0
1, 0x80ba0
0, 0x44b90
0, 0x80bc0
2, 2
3, 0
3, 0
3, 0
3, 0
3, 0
3, 0
3, 0
3, 0
3, 0
3, 0
3, 0
3, 0
3, 0
3, 0
1, 0x80bc0
0, 0x44bb0
0, 0x80be0
2, 2
3, 0
3, 0
3, 0
3, 0
3, 0
3, 0
3, 0
3, 0
3, 0
3, 0
3, 0
3, 0
3, 0
3, 0
0, 0x44bd0
0, 0x80c00
0, 0x44bf0
0, 0x80c20
0, 0x44c10
0, 0x80c40
0, 0x44c30
0, 0x80c60
1, 0x80be0
0, 0x44bd0
0, 0x80c00
2, 2
3, 0
3, 0
3, 0
3, 0
3, 0
3, 0
3, 0
3, 0
3, 0
3, 0
3, 0
3, 0
3, 0
3, 0
1, 0x80c00
0, 0x44bf0
0, 0x80c20
2, 2
3, 0
3, 0
3, 0
3, 0
3, 0
3, 0
3, 0
3, 0
3, 0
3, 0
3, 0
3, 0
3, 0
3, 0
1, 0x80c20
0, 0x44c10
0, 0x80c40
2, 2
3, 0
3, 0
3, 0
3, 0
3, 0
3, 0
3, 0
3, 0
3, 0
3, 0
3, 0
3, 0
3, 0
3, 0
1, 0x80c40
0, 0x44c30
0, 0x80c60
2, 2
3, 0
3, 0
3, 0
3, 0
3, 0
3, 0
3, 0
3, 0
3, 0
3, 0
3, 0
3, 0
3, 0
3, 0
0, 0x44c50
0, 0x80c80
0, 0x44c70
0, 0x80ca0
0, 0x44c90
0, 0x80cc0
0, 0x44cb0
0, 0x80ce0
1, 0x80c60
0, 0x44c50
0, 0x80c80
2, 2
3, 0
3, 0
3, 0
3, 0
3, 0
3, 0
3, 0
3, 0
3, 0
3, 0
3, 0
3, 0
3, 0
3, 0
1, 0x80c80
0, 0x44c70
0, 0x80ca0
2, 2
3, 0
3, 0
3, 0
3, 0
3, 0
3, 0
3, 0
3, 0
3, 0
3, 0
3, 0
3, 0
3, 0
3, 0
1, 0x80ca0
0, 0x44c90
0, 0x80cc0
2, 2
3, 0
3, 0
3, 0
3, 0
3, 0
3, 0
3, 0
3, 0
3, 0
3, 0
3, 0
3, 0
3, 0
3, 0
1, 0x80cc0
0, 0x44cb0
0, 0x80ce0
2, 2
3, 0
3, 0
3, 0
3, 0
3, 0
3, 0
3, 0
3, 0
3, 0
3, 0
3, 0
3, 0
3, 0
3, 0
0, 0x44cd0
0, 0x80d00
0, 0x44cf0
0, 0x80d20
0, 0x44d10
0, 0x80d40
0, 0x44d30
0, 0x80d60
1, 0x80ce0
0, 0x44cd0
0, 0x80d00
2, 2
3, 0
3, 0
3, 0
3, 0
3, 0
3, 0
3, 0
3, 0
3, 0
3, 0
3, 0
3, 0
3, 0
3, 0
1, 0x80d00
0, 0x44cf0
0, 0x80d20
2, 2
3, 0
3, 0
3, 0
3, 0
3, 0
3, 0
3, 0
3, 0
3, 0
3, 0
3, 0
3, 0
3, 0
3, 0
1, 0x80d20
0, 0x44d10
0, 0x80d40
2, 2
3, 0
3, 0
3, 0
3, 0
3, 0
3, 0
3, 0
3, 0
3, 0
3, 0
3, 0
3, 0
3, 0
3, 0
1, 0x80d40
0, 0x44d30
0, 0x80d60
2, 2
3, 0
3, 0
3, 0
3, 0
3, 0
3, 0
3, 0
3, 0
3, 0
3, 0
3, 0
3, 0
3, 0
3, 0
0, 0x44d50
0, 0x80d80
0, 0x44d70
0, 0x80da0
0, 0x44d90
0, 0x80dc0
0, 0x44db0
0, 0x80de0
1, 0x80d60
0, 0x44d50
0, 0x80d80
2, 2
3, 0
3, 0
3, 0
3, 0
3, 0
3, 0
3, 0
3, 0
3, 0
3, 0
3, 0
3, 0
3, 0
3, 0
1, 0x80d80
0, 0x44d70
0, 0x80da0
2, 2
3, 0
3, 0
3, 0
3, 0
3, 0
3, 0
3, 0
3, 0
3, 0
3, 0
3, 0
3, 0
3, 0
3, 0
1, 0x80da0
0, 0x44d90
0, 0x80dc0
2, 2
3, 0
3, 0
3, 0
3, 0
3, 0
3, 0
3, 0
3, 0
3, 0
3, 0
3, 0
3, 0
3, 0
3, 0
1, 0x80dc0
0, 0x44db0
0, 0x80de0
2, 2
3, 0
3, 0
3, 0
3, 0
3, 0
3, 0
3, 0
3, 0
3, 0
3, 0
3, 0
3, 0
3, 0
3, 0
0, 0x44dd0
0, 0x80e00
0, 0x44df0
0, 0x80e20
0, 0x44e10
0, 0x80e40
0, 0x44e30
0, 0x80e60
1, 0x80de0
0, 0x44dd0
0, 0x80e00
2, 2
3, 0
3, 0
3, 0
3, 0
3, 0
3, 0
3, 0
3, 0
3, 0
3, 0
3, 0
3, 0
3, 0
3, 0
1, 0x80e00
0, 0x44df0
0, 0x80e20
2, 2
3, 0
3, 0
3, 0
3, 0
3, 0
3, 0
3, 0
3, 0
3, 0
3, 0
3, 0
3, 0
3, 0
3, 0
1, 0x80e20
0, 0x44e10
0, 0x80e40
2, 2
3, 0
3, 0
3, 0
3, 0
3, 0
3, 0
3, 0
3, 0
3, 0
3, 0
3, 0
3, 0
3, 0
3, 0
1, 0x80e40
0, 0x44e30
0, 0x80e60
2, 2
3, 0
3, 0
3, 0
3, 0
3, 0
3, 0
3, 0
3, 0
3, 0
3, 0
3, 0
3, 0
3, 0
3, 0
0, 0x44e50
0, 0x80e80
0, 0x44e70
0, 0x80ea0
0, 0x44e90
0, 0x80ec0
0, 0x44eb0
0, 0x80ee0
1, 0x80e60
0, 0x44e50
0, 0x80e80
2, 2
3, 0
3, 0
3, 0
3, 0
3, 0
3, 0
3, 0
3, 0
3, 0
3, 0
3, 0
3, 0
3, 0
3, 0
1, 0x80e80
0, 0x44e70
0, 0x80ea0
2, 2
3, 0
3, 0
3, 0
3, 0
3, 0
3, 0
3, 0
3, 0
3, 0
3, 0
3, 0
3, 0
3, 0
3, 0
1, 0x80ea0
0, 0x44e90
0, 0x80ec0
2, 2
3, 0
3, 0
3, 0
3, 0
3, 0
3, 0
3, 0
3, 0
3, 0
3, 0
3, 0
3, 0
3, 0
3, 0
1, 0x80ec0
0, 0x44eb0
0, 0x80ee0
2, 2
3, 0
3, 0
3, 0
3, 0
3, 0
3, 0
3, 0
3, 0
3, 0
3, 0
3, 0
3, 0
3, 0
3, 0
0, 0x44ed0
0, 0x80f00
0, 0x44ef0
0, 0x80f20
0, 0x44f10
0, 0x80f40
0, 0x44f30
0, 0x80f60
1, 0x80ee0
0, 0x44ed0
0, 0x80f00
2, 2
3, 0
3, 0
3, 0
3, 0
3, 0
3, 0
3, 0
3, 0
3, 0
3, 0
3, 0
3, 0
3, 0
3, 0
1, 0x80f00
0, 0x44ef0
0, 0x80f20
2, 2
3, 0
3, 0
3, 0
3, 0
3, 0
3, 0
3, 0
3, 0
3, 0
3, 0
3, 0
3, 0
3, 0
3, 0
1, 0x80f20
0, 0x44f10
0, 0x80f40
2, 2
3, 0
3, 0
3, 0
3, 0
3, 0
3, 0
3, 0
3, 0
3, 0
3, 0
3, 0
3, 0
3, 0
3, 0
1, 0x80f40
0, 0x44f30
0, 0x80f60
2, 2
3, 0
3, 0
3, 0
3, 0
3, 0
3, 0
3, 0
3, 0
3, 0
3, 0
3, 0
3, 0
3, 0
3, 0
0, 0x44f50
0, 0x80f80
0, 0x44f70
0, 0x80fa0
0, 0x44f90
0, 0x80fc0
0, 0x44fb0
0, 0x80fe0
1, 0x80f60
0, 0x44f50
0, 0x80f80
2, 2
3, 0
3, 0
3, 0
3, 0
3, 0
3, 0
3, 0
3, 0
3, 0
3, 0
3, 0
3, 0
3, 0
3, 0
1, 0x80f80
0, 0x44f70
0, 0x80fa0
2, 2
3, 0
3, 0
3, 0
3, 0
3, 0
3, 0
3, 0
3, 0
3, 0
3, 0
3, 0
3, 0
3, 0
3, 0
1, 0x80fa0
0, 0x44f90
0, 0x80fc0
2, 2
3, 0
3, 0
3, 0
3, 0
3, 0
3, 0
3, 0
3, 0
3, 0
3, 0
3, 0
3, 0
3, 0
3, 0
1, 0x80fc0
0, 0x44fb0
0, 0x80fe0
2, 2
3, 0
3, 0
3, 0
3, 0
3, 0
3, 0
3, 0
3, 0
3, 0
3, 0
3, 0
3, 0
3, 0
3, 0
0, 0x44fd0
0, 0x81000
0, 0x44ff0
0, 0x81020
0, 0x45010
0, 0x81040
0, 0x45030
0, 0x81060
1, 0x80fe0
0, 0x44fd0
0, 0x81000
2, 2
3, 0
3, 0
3, 0
3, 0
3, 0
3, 0
3, 0
3, 0
3, 0
3, 0
3, 0
3, 0
3, 0
3, 0
1, 0x81000
0, 0x44ff0
0, 0x81020
2, 2
3, 0
3, 0
3, 0
3, 0
3, 0
3, 0
3, 0
3, 0
3, 0
3, 0
3, 0
3, 0
3, 0
3, 0
1, 0x81020
0, 0x45010
0, 0x81040
2, 2
3, 0
3, 0
3, 0
3, 0
3, 0
3, 0
3, 0
3, 0
3, 0
3, 0
3, 0
3, 0
3, 0
3, 0
1, 0x81040
0, 0x45030
0, 0x81060
2, 2
3, 0
3, 0
3, 0
3, 0
3, 0
3, 0
3, 0
3, 0
3, 0
3, 0
3, 0
3, 0
3, 0
3, 0
0, 0x45050
0, 0x81080
0, 0x45070
0, 0x810a0
0, 0x45090
0, 0x810c0
0, 0x450b0
0, 0x810e0
1, 0x81060
0, 0x45050
0, 0x81080
2, 2
3, 0
3, 0
3, 0
3, 0
3, 0
3, 0
3, 0
3, 0
3, 0
3, 0
3, 0
3, 0
3, 0
3, 0
1, 0x81080
0, 0x45070
0, 0x810a0
2, 2
3, 0
3, 0
3, 0
3, 0
3, 0
3, 0
3, 0
3, 0
3, 0
3, 0
3, 0
3, 0
3, 0
3, 0
1, 0x810a0
0, 0x45090
0, 0x810c0
2, 2
3, 0
3, 0
3, 0
3, 0
3, 0
3, 0
3, 0
3, 0
3, 0
3, 0
3, 0
3, 0
3, 0
3, 0
1, 0x810c0
0, 0x450b0
0, 0x810e0
2, 2
3, 0
3, 0
3, 0
3, 0
3, 0
3, 0
3, 0
3, 0
3, 0
3, 0
3, 0
3, 0
3, 0
3, 0
0, 0x450d0
0, 0x81100
0, 0x450f0
0, 0x81120
0, 0x45110
0, 0x81140
0, 0x45130
0, 0x81160
1, 0x810e0
0, 0x450d0
0, 0x81100
2, 2
3, 0
3, 0
3, 0
3, 0
3, 0
3, 0
3, 0
3, 0
3, 0
3, 0
3, 0
3, 0
3, 0
3, 0
1, 0x81100
0, 0x450f0
0, 0x81120
2, 2
3, 0
3, 0
3, 0
3, 0
3, 0
3, 0
3, 0
3, 0
3, 0
3, 0
3, 0
3, 0
3, 0
3, 0
1, 0x81120
0, 0x45110
0, 0x81140
2, 2
3, 0
3, 0
3, 0
3, 0
3, 0
3, 0
3, 0
3, 0
3, 0
3, 0
3, 0
3, 0
3, 0
3, 0
1, 0x81140
0, 0x45130
0, 0x81160
2, 2
3, 0
3, 0
3, 0
3, 0
3, 0
3, 0
3, 0
3, 0
3, 0
3, 0
3, 0
3, 0
3, 0
3, 0
0, 0x45150
0, 0x81180
0, 0x45170
0, 0x811a0
0, 0x45190
0, 0x811c0
0, 0x451b0
0, 0x811e0
1, 0x81160
0, 0x45150
0, 0x81180
2, 2
3, 0
3, 0
3, 0
3, 0
3, 0
3, 0
3, 0
3, 0
3, 0
3, 0
3, 0
3, 0
3, 0
3, 0
1, 0x81180
0, 0x45170
0, 0x811a0
2, 2
3, 0
3, 0
3, 0
3, 0
3, 0
3, 0
3, 0
3, 0
3, 0
3, 0
3, 0
3, 0
3, 0
3, 0
1, 0x811a0
0, 0x45190
0, 0x811c0
2, 2
3, 0
3, 0
3, 0
3, 0
3, 0
3, 0
3, 0
3, 0
3, 0
3, 0
3, 0
3, 0
3, 0
3, 0
1, 0x811c0
0, 0x451b0
0, 0x811e0
2, 2
3, 0
3, 0
3, 0
3, 0
3, 0
3, 0
3, 0
3, 0
3, 0
3, 0
3, 0
3, 0
3, 0
3, 0
0, 0x451d0
0, 0x81200
0, 0x451f0
0, 0x81220
0, 0x45210
0, 0x81240
0, 0x45230
0, 0x81260
1, 0x811e0
0, 0x451d0
0, 0x81200
2, 2
3, 0
3, 0
3, 0
3, 0
3, 0
3, 0
3, 0
3, 0
3, 0
3, 0
3, 0
3, 0
3, 0
3, 0
1, 0x81200
0, 0x451f0
0, 0x81220
2, 2
3, 0
3, 0
3, 0
3, 0
3, 0
3, 0
3, 0
3, 0
3, 0
3, 0
3, 0
3, 0
3, 0
3, 0
1, 0x81220
0, 0x45210
0, 0x81240
2, 2
3, 0
3, 0
3, 0
3, 0
3, 0
3, 0
3, 0
3, 0
3, 0
3, 0
3, 0
3, 0
3, 0
3, 0
1, 0x81240
0, 0x45230
0, 0x81260
2, 2
3, 0
3, 0
3, 0
3, 0
3, 0
3, 0
3, 0
3, 0
3, 0
3, 0
3, 0
3, 0
3, 0
3, 0
0, 0x45250
0, 0x81280
0, 0x45270
0, 0x812a0
0, 0x45290
0, 0x812c0
0, 0x452b0
0, 0x812e0
1, 0x81260
0, 0x45250
0, 0x81280
2, 2
3, 0
3, 0
3, 0
3, 0
3, 0
3, 0
3, 0
3, 0
3, 0
3, 0
3, 0
3, 0
3, 0
3, 0
1, 0x81280
0, 0x45270
0, 0x812a0
2, 2
3, 0
3, 0
3, 0
3, 0
3, 0
3, 0
3, 0
3, 0
3, 0
3, 0
3, 0
3, 0
3, 0
3, 0
1, 0x812a0
0, 0x45290
0, 0x812c0
2, 2
3, 0
3, 0
3, 0
3, 0
3, 0
3, 0
3, 0
3, 0
3, 0
3, 0
3, 0
3, 0
3, 0
3, 0
1, 0x812c0
0, 0x452b0
0, 0x812e0
2, 2
3, 0
3, 0
3, 0
3, 0
3, 0
3, 0
3, 0
3, 0
3, 0
3, 0
3, 0
3, 0
3, 0
3, 0
0, 0x452d0
0, 0x81300
0, 0x452f0
0, 0x81320
0, 0x45310
0, 0x81340
0, 0x45330
0, 0x81360
1, 0x812e0
0, 0x452d0
0, 0x81300
2, 2
3, 0
3, 0
3, 0
3, 0
3, 0
3, 0
3, 0
3, 0
3, 0
3, 0
3, 0
3, 0
3, 0
3, 0
1, 0x81300
0, 0x452f0
0, 0x81320
2, 2
3, 0
3, 0
3, 0
3, 0
3, 0
3, 0
3, 0
3, 0
3, 0
3, 0
3, 0
3, 0
3, 0
3, 0
1, 0x81320
0, 0x45310
0, 0x81340
2, 2
3, 0
3, 0
3, 0
3, 0
3, 0
3, 0
3, 0
3, 0
3, 0
3, 0
3, 0
3, 0
3, 0
3, 0
1, 0x81340
0, 0x45330
0, 0x81360
2, 2
3, 0
3, 0
3, 0
3, 0
3, 0
3, 0
3, 0
3, 0
3, 0
3, 0
3, 0
3, 0
3, 0
3, 0
0, 0x45350
0, 0x81380
0, 0x45370
0, 0x813a0
0, 0x45390
0, 0x813c0
0, 0x453b0
0, 0x813e0
1, 0x81360
0, 0x45350
0, 0x81380
2, 2
3, 0
3, 0
3, 0
3, 0
3, 0
3, 0
3, 0
3, 0
3, 0
3, 0
3, 0
3, 0
3, 0
3, 0
1, 0x81380
0, 0x45370
0, 0x813a0
2, 2
3, 0
3, 0
3, 0
3, 0
3, 0
3, 0
3, 0
3, 0
3, 0
3, 0
3, 0
3, 0
3, 0
3, 0
1, 0x813a0
0, 0x45390
0, 0x813c0
2, 2
3, 0
3, 0
3, 0
3, 0
3, 0
3, 0
3, 0
3, 0
3, 0
3, 0
3, 0
3, 0
3, 0
3, 0
1, 0x813c0
0, 0x453b0
0, 0x813e0
2, 2
3, 0
3, 0
3, 0
3, 0
3, 0
3, 0
3, 0
3, 0
3, 0
3, 0
3, 0
3, 0
3, 0
3, 0
0, 0x453d0
0, 0x81400
0, 0x453f0
0, 0x81420
0, 0x45410
0, 0x81440
0, 0x45430
0, 0x81460
1, 0x813e0
0, 0x453d0
0, 0x81400
2, 2
3, 0
3, 0
3, 0
3, 0
3, 0
3, 0
3, 0
3, 0
3, 0
3, 0
3, 0
3, 0
3, 0
3, 0
1, 0x81400
0, 0x453f0
0, 0x81420
2, 2
3, 0
3, 0
3, 0
3, 0
3, 0
3, 0
3, 0
3, 0
3, 0
3, 0
3, 0
3, 0
3, 0
3, 0
1, 0x81420
0, 0x45410
0, 0x81440
2, 2
3, 0
3, 0
3, 0
3, 0
3, 0
3, 0
3, 0
3, 0
3, 0
3, 0
3, 0
3, 0
3, 0
3, 0
1, 0x81440
0, 0x45430
0, 0x81460
2, 2
3, 0
3, 0
3, 0
3, 0
3, 0
3, 0
3, 0
3, 0
3, 0
3, 0
3, 0
3, 0
3, 0
3, 0
0, 0x45450
0, 0x81480
0, 0x45470
0, 0x814a0
0, 0x45490
0, 0x814c0
0, 0x454b0
0, 0x814e0
1, 0x81460
0, 0x45450
0, 0x81480
2, 2
3, 0
3, 0
3, 0
3, 0
3, 0
3, 0
3, 0
3, 0
3, 0
3, 0
3, 0
3, 0
3, 0
3, 0
1, 0x81480
0, 0x45470
0, 0x814a0
2, 2
3, 0
3, 0
3, 0
3, 0
3, 0
3, 0
3, 0
3, 0
3, 0
3, 0
3, 0
3, 0
3, 0
3, 0
1, 0x814a0
0, 0x45490
0, 0x814c0
2, 2
3, 0
3, 0
3, 0
3, 0
3, 0
3, 0
3, 0
3, 0
3, 0
3, 0
3, 0
3, 0
3, 0
3, 0
1, 0x814c0
0, 0x454b0
0, 0x814e0
2, 2
3, 0
3, 0
3, 0
3, 0
3, 0
3, 0
3, 0
3, 0
3, 0
3, 0
3, 0
3, 0
3, 0
3, 0
0, 0x454d0
0, 0x81500
0, 0x454f0
0, 0x81520
0, 0x45510
0, 0x81540
0, 0x45530
0, 0x81560
1, 0x814e0
0, 0x454d0
0, 0x81500
2, 2
3, 0
3, 0
3, 0
3, 0
3, 0
3, 0
3, 0
3, 0
3, 0
3, 0
3, 0
3, 0
3, 0
3, 0
1, 0x81500
0, 0x454f0
0, 0x81520
2, 2
3, 0
3, 0
3, 0
3, 0
3, 0
3, 0
3, 0
3, 0
3, 0
3, 0
3, 0
3, 0
3, 0
3, 0
1, 0x81520
0, 0x45510
0, 0x81540
2, 2
3, 0
3, 0
3, 0
3, 0
3, 0
3, 0
3, 0
3, 0
3, 0
3, 0
3, 0
3, 0
3, 0
3, 0
1, 0x81540
0, 0x45530
0, 0x81560
2, 2
3, 0
3, 0
3, 0
3, 0
3, 0
3, 0
3, 0
3, 0
3, 0
3, 0
3, 0
3, 0
3, 0
3, 0
0, 0x45550
0, 0x81580
0, 0x45570
0, 0x815a0
0, 0x45590
0, 0x815c0
0, 0x455b0
0, 0x815e0
1, 0x81560
0, 0x45550
0, 0x81580
2, 2
3, 0
3, 0
3, 0
3, 0
3, 0
3, 0
3, 0
3, 0
3, 0
3, 0
3, 0
3, 0
3, 0
3, 0
1, 0x81580
0, 0x45570
0, 0x815a0
2, 2
3, 0
3, 0
3, 0
3, 0
3, 0
3, 0
3, 0
3, 0
3, 0
3, 0
3, 0
3, 0
3, 0
3, 0
1, 0x815a0
0, 0x45590
0, 0x815c0
2, 2
3, 0
3, 0
3, 0
3, 0
3, 0
3, 0
3, 0
3, 0
3, 0
3, 0
3, 0
3, 0
3, 0
3, 0
1, 0x815c0
0, 0x455b0
0, 0x815e0
2, 2
3, 0
3, 0
3, 0
3, 0
3, 0
3, 0
3, 0
3, 0
3, 0
3, 0
3, 0
3, 0
3, 0
3, 0
0, 0x455d0
0, 0x81600
0, 0x455f0
0, 0x81620
0, 0x45610
0, 0x81640
0, 0x45630
0, 0x81660
1, 0x815e0
0, 0x455d0
0, 0x81600
2, 2
3, 0
3, 0
3, 0
3, 0
3, 0
3, 0
3, 0
3, 0
3, 0
3, 0
3, 0
3, 0
3, 0
3, 0
1, 0x81600
0, 0x455f0
0, 0x81620
2, 2
3, 0
3, 0
3, 0
3, 0
3, 0
3, 0
3, 0
3, 0
3, 0
3, 0
3, 0
3, 0
3, 0
3, 0
1, 0x81620
0, 0x45610
0, 0x81640
2, 2
3, 0
3, 0
3, 0
3, 0
3, 0
3, 0
3, 0
3, 0
3, 0
3, 0
3, 0
3, 0
3, 0
3, 0
1, 0x81640
0, 0x45630
0, 0x81660
2, 2
3, 0
3, 0
3, 0
3, 0
3, 0
3, 0
3, 0
3, 0
3, 0
3, 0
3, 0
3, 0
3, 0
3, 0
0, 0x45650
0, 0x81680
0, 0x45670
0, 0x816a0
0, 0x45690
0, 0x816c0
0, 0x456b0
0, 0x816e0
1, 0x81660
0, 0x45650
0, 0x81680
2, 2
3, 0
3, 0
3, 0
3, 0
3, 0
3, 0
3, 0
3, 0
3, 0
3, 0
3, 0
3, 0
3, 0
3, 0
1, 0x81680
0, 0x45670
0, 0x816a0
2, 2
3, 0
3, 0
3, 0
3, 0
3, 0
3, 0
3, 0
3, 0
3, 0
3, 0
3, 0
3, 0
3, 0
3, 0
1, 0x816a0
0, 0x45690
0, 0x816c0
2, 2
3, 0
3, 0
3, 0
3, 0
3, 0
3, 0
3, 0
3, 0
3, 0
3, 0
3, 0
3, 0
3, 0
3, 0
1, 0x816c0
0, 0x456b0
0, 0x816e0
2, 2
3, 0
3, 0
3, 0
3, 0
3, 0
3, 0
3, 0
3, 0
3, 0
3, 0
3, 0
3, 0
3, 0
3, 0
0, 0x456d0
0, 0x81700
0, 0x456f0
0, 0x81720
0, 0x45710
0, 0x81740
0, 0x45730
0, 0x81760
1, 0x816e0
0, 0x456d0
0, 0x81700
2, 2
3, 0
3, 0
3, 0
3, 0
3, 0
3, 0
3, 0
3, 0
3, 0
3, 0
3, 0
3, 0
3, 0
3, 0
1, 0x81700
0, 0x456f0
0, 0x81720
2, 2
3, 0
3, 0
3, 0
3, 0
3, 0
3, 0
3, 0
3, 0
3, 0
3, 0
3, 0
3, 0
3, 0
3, 0
1, 0x81720
0, 0x45710
0, 0x81740
2, 2
3, 0
3, 0
3, 0
3, 0
3, 0
3, 0
3, 0
3, 0
3, 0
3, 0
3, 0
3, 0
3, 0
3, 0
1, 0x81740
0, 0x45730
0, 0x81760
2, 2
3, 0
3, 0
3, 0
3, 0
3, 0
3, 0
3, 0
3, 0
3, 0
3, 0
3, 0
3, 0
3, 0
3, 0
0, 0x45750
0, 0x81780
0, 0x45770
0, 0x817a0
0, 0x45790
0, 0x817c0
0, 0x457b0
0, 0x817e0
1, 0x81760
0, 0x45750
0, 0x81780
2, 2
3, 0
3, 0
3, 0
3, 0
3, 0
3, 0
3, 0
3, 0
3, 0
3, 0
3, 0
3, 0
3, 0
3, 0
1, 0x81780
0, 0x45770
0, 0x817a0
2, 2
3, 0
3, 0
3, 0
3, 0
3, 0
3, 0
3, 0
3, 0
3, 0
3, 0
3, 0
3, 0
3, 0
3, 0
1, 0x817a0
0, 0x45790
0, 0x817c0
2, 2
3, 0
3, 0
3, 0
3, 0
3, 0
3, 0
3, 0
3, 0
3, 0
3, 0
3, 0
3, 0
3, 0
3, 0
1, 0x817c0
0, 0x457b0
0, 0x817e0
2, 2
3, 0
3, 0
3, 0
3, 0
3, 0
3, 0
3, 0
3, 0
3, 0
3, 0
3, 0
3, 0
3, 0
3, 0
0, 0x457d0
0, 0x81800
0, 0x457f0
0, 0x81820
0, 0x45810
0, 0x81840
0, 0x45830
0, 0x81860
1, 0x817e0
0, 0x457d0
0, 0x81800
2, 2
3, 0
3, 0
3, 0
3, 0
3, 0
3, 0
3, 0
3, 0
3, 0
3, 0
3, 0
3, 0
3, 0
3, 0
1, 0x81800
0, 0x457f0
0, 0x81820
2, 2
3, 0
3, 0
3, 0
3, 0
3, 0
3, 0
3, 0
3, 0
3, 0
3, 0
3, 0
3, 0
3, 0
3, 0
1, 0x81820
0, 0x45810
0, 0x81840
2, 2
3, 0
3, 0
3, 0
3, 0
3, 0
3, 0
3, 0
3, 0
3, 0
3, 0
3, 0
3, 0
3, 0
3, 0
1, 0x81840
0, 0x45830
0, 0x81860
2, 2
3, 0
3, 0
3, 0
3, 0
3, 0
3, 0
3, 0
3, 0
3, 0
3, 0
3, 0
3, 0
3, 0
3, 0
0, 0x45850
0, 0x81880
0, 0x45870
0, 0x818a0
0, 0x45890
0, 0x818c0
0, 0x458b0
0, 0x818e0
1, 0x81860
0, 0x45850
0, 0x81880
2, 2
3, 0
3, 0
3, 0
3, 0
3, 0
3, 0
3, 0
3, 0
3, 0
3, 0
3, 0
3, 0
3, 0
3, 0
1, 0x81880
0, 0x45870
0, 0x818a0
2, 2
3, 0
3, 0
3, 0
3, 0
3, 0
3, 0
3, 0
3, 0
3, 0
3, 0
3, 0
3, 0
3, 0
3, 0
1, 0x818a0
0, 0x45890
0, 0x818c0
2, 2
3, 0
3, 0
3, 0
3, 0
3, 0
3, 0
3, 0
3, 0
3, 0
3, 0
3, 0
3, 0
3, 0
3, 0
1, 0x818c0
0, 0x458b0
0, 0x818e0
2, 2
3, 0
3, 0
3, 0
3, 0
3, 0
3, 0
3, 0
3, 0
3, 0
3, 0
3, 0
3, 0
3, 0
3, 0
0, 0x458d0
0, 0x81900
0, 0x458f0
0, 0x81920
0, 0x45910
0, 0x81940
0, 0x45930
0, 0x81960
1, 0x818e0
0, 0x458d0
0, 0x81900
2, 2
3, 0
3, 0
3, 0
3, 0
3, 0
3, 0
3, 0
3, 0
3, 0
3, 0
3, 0
3, 0
3, 0
3, 0
1, 0x81900
0, 0x458f0
0, 0x81920
2, 2
3, 0
3, 0
3, 0
3, 0
3, 0
3, 0
3, 0
3, 0
3, 0
3, 0
3, 0
3, 0
3, 0
3, 0
1, 0x81920
0, 0x45910
0, 0x81940
2, 2
3, 0
3, 0
3, 0
3, 0
3, 0
3, 0
3, 0
3, 0
3, 0
3, 0
3, 0
3, 0
3, 0
3, 0
1, 0x81940
0, 0x45930
0, 0x81960
2, 2
3, 0
3, 0
3, 0
3, 0
3, 0
3, 0
3, 0
3, 0
3, 0
3, 0
3, 0
3, 0
3, 0
3, 0
0, 0x45950
0, 0x81980
0, 0x45970
0, 0x819a0
0, 0x45990
0, 0x819c0
0, 0x459b0
0, 0x819e0
1, 0x81960
0, 0x45950
0, 0x81980
2, 2
3, 0
3, 0
3, 0
3, 0
3, 0
3, 0
3, 0
3, 0
3, 0
3, 0
3, 0
3, 0
3, 0
3, 0
1, 0x81980
0, 0x45970
0, 0x819a0
2, 2
3, 0
3, 0
3, 0
3, 0
3, 0
3, 0
3, 0
3, 0
3, 0
3, 0
3, 0
3, 0
3, 0
3, 0
1, 0x819a0
0, 0x45990
0, 0x819c0
2, 2
3, 0
3, 0
3, 0
3, 0
3, 0
3, 0
3, 0
3, 0
3, 0
3, 0
3, 0
3, 0
3, 0
3, 0
1, 0x819c0
0, 0x459b0
0, 0x819e0
2, 2
3, 0
3, 0
3, 0
3, 0
3, 0
3, 0
3, 0
3, 0
3, 0
3, 0
3, 0
3, 0
3, 0
3, 0
0, 0x459d0
0, 0x81a00
0, 0x459f0
0, 0x81a20
0, 0x45a10
0, 0x81a40
0, 0x45a30
0, 0x81a60
1, 0x819e0
0, 0x459d0
0, 0x81a00
2, 2
3, 0
3, 0
3, 0
3, 0
3, 0
3, 0
3, 0
3, 0
3, 0
3, 0
3, 0
3, 0
3, 0
3, 0
1, 0x81a00
0, 0x459f0
0, 0x81a20
2, 2
3, 0
3, 0
3, 0
3, 0
3, 0
3, 0
3, 0
3, 0
3, 0
3, 0
3, 0
3, 0
3, 0
3, 0
1, 0x81a20
0, 0x45a10
0, 0x81a40
2, 2
3, 0
3, 0
3, 0
3, 0
3, 0
3, 0
3, 0
3, 0
3, 0
3, 0
3, 0
3, 0
3, 0
3, 0
1, 0x81a40
0, 0x45a30
0, 0x81a60
2, 2
3, 0
3, 0
3, 0
3, 0
3, 0
3, 0
3, 0
3, 0
3, 0
3, 0
3, 0
3, 0
3, 0
3, 0
0, 0x45a50
0, 0x81a80
0, 0x45a70
0, 0x81aa0
0, 0x45a90
0, 0x81ac0
0, 0x45ab0
0, 0x81ae0
1, 0x81a60
0, 0x45a50
0, 0x81a80
2, 2
3, 0
3, 0
3, 0
3, 0
3, 0
3, 0
3, 0
3, 0
3, 0
3, 0
3, 0
3, 0
3, 0
3, 0
1, 0x81a80
0, 0x45a70
0, 0x81aa0
2, 2
3, 0
3, 0
3, 0
3, 0
3, 0
3, 0
3, 0
3, 0
3, 0
3, 0
3, 0
3, 0
3, 0
3, 0
1, 0x81aa0
0, 0x45a90
0, 0x81ac0
2, 2
3, 0
3, 0
3, 0
3, 0
3, 0
3, 0
3, 0
3, 0
3, 0
3, 0
3, 0
3, 0
3, 0
3, 0
1, 0x81ac0
0, 0x45ab0
0, 0x81ae0
2, 2
3, 0
3, 0
3, 0
3, 0
3, 0
3, 0
3, 0
3, 0
3, 0
3, 0
3, 0
3, 0
3, 0
3, 0
0, 0x45ad0
0, 0x81b00
0, 0x45af0
0, 0x81b20
0, 0x45b10
0, 0x81b40
0, 0x45b30
0, 0x81b60
1, 0x81ae0
0, 0x45ad0
0, 0x81b00
2, 2
3, 0
3, 0
3, 0
3, 0
3, 0
3, 0
3, 0
3, 0
3, 0
3, 0
3, 0
3, 0
3, 0
3, 0
1, 0x81b00
0, 0x45af0
0, 0x81b20
2, 2
3, 0
3, 0
3, 0
3, 0
3, 0
3, 0
3, 0
3, 0
3, 0
3, 0
3, 0
3, 0
3, 0
3, 0
1, 0x81b20
0, 0x45b10
0, 0x81b40
2, 2
3, 0
3, 0
3, 0
3, 0
3, 0
3, 0
3, 0
3, 0
3, 0
3, 0
3, 0
3, 0
3, 0
3, 0
1, 0x81b40
0, 0x45b30
0, 0x81b60
2, 2
3, 0
3, 0
3, 0
3, 0
3, 0
3, 0
3, 0
3, 0
3, 0
3, 0
3, 0
3, 0
3, 0
3, 0
0, 0x45b50
0, 0x81b80
0, 0x45b70
0, 0x81ba0
0, 0x45b90
0, 0x81bc0
0, 0x45bb0
0, 0x81be0
1, 0x81b60
0, 0x45b50
0, 0x81b80
2, 2
3, 0
3, 0
3, 0
3, 0
3, 0
3, 0
3, 0
3, 0
3, 0
3, 0
3, 0
3, 0
3, 0
3, 0
1, 0x81b80
0, 0x45b70
0, 0x81ba0
2, 2
3, 0
3, 0
3, 0
3, 0
3, 0
3, 0
3, 0
3, 0
3, 0
3, 0
3, 0
3, 0
3, 0
3, 0
1, 0x81ba0
0, 0x45b90
0, 0x81bc0
2, 2
3, 0
3, 0
3, 0
3, 0
3, 0
3, 0
3, 0
3, 0
3, 0
3, 0
3, 0
3, 0
3, 0
3, 0
1, 0x81bc0
0, 0x45bb0
0, 0x81be0
2, 2
3, 0
3, 0
3, 0
3, 0
3, 0
3, 0
3, 0
3, 0
3, 0
3, 0
3, 0
3, 0
3, 0
3, 0
0, 0x45bd0
0, 0x81c00
0, 0x45bf0
0, 0x81c20
0, 0x45c10
0, 0x81c40
0, 0x45c30
0, 0x81c60
1, 0x81be0
0, 0x45bd0
0, 0x81c00
2, 2
3, 0
3, 0
3, 0
3, 0
3, 0
3, 0
3, 0
3, 0
3, 0
3, 0
3, 0
3, 0
3, 0
3, 0
1, 0x81c00
0, 0x45bf0
0, 0x81c20
2, 2
3, 0
3, 0
3, 0
3, 0
3, 0
3, 0
3, 0
3, 0
3, 0
3, 0
3, 0
3, 0
3, 0
3, 0
1, 0x81c20
0, 0x45c10
0, 0x81c40
2, 2
3, 0
3, 0
3, 0
3, 0
3, 0
3, 0
3, 0
3, 0
3, 0
3, 0
3, 0
3, 0
3, 0
3, 0
1, 0x81c40
0, 0x45c30
0, 0x81c60
2, 2
3, 0
3, 0
3, 0
3, 0
3, 0
3, 0
3, 0
3, 0
3, 0
3, 0
3, 0
3, 0
3, 0
3, 0
0, 0x45c50
0, 0x81c80
0, 0x45c70
0, 0x81ca0
0, 0x45c90
0, 0x81cc0
0, 0x45cb0
0, 0x81ce0
1, 0x81c60
0, 0x45c50
0, 0x81c80
2, 2
3, 0
3, 0
3, 0
3, 0
3, 0
3, 0
3, 0
3, 0
3, 0
3, 0
3, 0
3, 0
3, 0
3, 0
1, 0x81c80
0, 0x45c70
0, 0x81ca0
2, 2
3, 0
3, 0
3, 0
3, 0
3, 0
3, 0
3, 0
3, 0
3, 0
3, 0
3, 0
3, 0
3, 0
3, 0
1, 0x81ca0
0, 0x45c90
0, 0x81cc0
2, 2
3, 0
3, 0
3, 0
3, 0
3, 0
3, 0
3, 0
3, 0
3, 0
3, 0
3, 0
3, 0
3, 0
3, 0
1, 0x81cc0
0, 0x45cb0
0, 0x81ce0
2, 2
3, 0
3, 0
3, 0
3, 0
3, 0
3, 0
3, 0
3, 0
3, 0
3, 0
3, 0
3, 0
3, 0
3, 0
0, 0x45cd0
0, 0x81d00
0, 0x45cf0
0, 0x81d20
0, 0x45d10
0, 0x81d40
0, 0x45d30
0, 0x81d60
1, 0x81ce0
0, 0x45cd0
0, 0x81d00
2, 2
3, 0
3, 0
3, 0
3, 0
3, 0
3, 0
3, 0
3, 0
3, 0
3, 0
3, 0
3, 0
3, 0
3, 0
1, 0x81d00
0, 0x45cf0
0, 0x81d20
2, 2
3, 0
3, 0
3, 0
3, 0
3, 0
3, 0
3, 0
3, 0
3, 0
3, 0
3, 0
3, 0
3, 0
3, 0
1, 0x81d20
0, 0x45d10
0, 0x81d40
2, 2
3, 0
3, 0
3, 0
3, 0
3, 0
3, 0
3, 0
3, 0
3, 0
3, 0
3, 0
3, 0
3, 0
3, 0
1, 0x81d40
0, 0x45d30
0, 0x81d60
2, 2
3, 0
3, 0
3, 0
3, 0
3, 0
3, 0
3, 0
3, 0
3, 0
3, 0
3, 0
3, 0
3, 0
3, 0
0, 0x45d50
0, 0x81d80
0, 0x45d70
0, 0x81da0
0, 0x45d90
0, 0x81dc0
0, 0x45db0
0, 0x81de0
1, 0x81d60
0, 0x45d50
0, 0x81d80
2, 2
3, 0
3, 0
3, 0
3, 0
3, 0
3, 0
3, 0
3, 0
3, 0
3, 0
3, 0
3, 0
3, 0
3, 0
1, 0x81d80
0, 0x45d70
0, 0x81da0
2, 2
3, 0
3, 0
3, 0
3, 0
3, 0
3, 0
3, 0
3, 0
3, 0
3, 0
3, 0
3, 0
3, 0
3, 0
1, 0x81da0
0, 0x45d90
0, 0x81dc0
2, 2
3, 0
3, 0
3, 0
3, 0
3, 0
3, 0
3, 0
3, 0
3, 0
3, 0
3, 0
3, 0
3, 0
3, 0
1, 0x81dc0
0, 0x45db0
0, 0x81de0
2, 2
3, 0
3, 0
3, 0
3, 0
3, 0
3, 0
3, 0
3, 0
3, 0
3, 0
3, 0
3, 0
3, 0
3, 0
0, 0x45dd0
0, 0x81e00
0, 0x45df0
0, 0x81e20
0, 0x45e10
0, 0x81e40
0, 0x45e30
0, 0x81e60
1, 0x81de0
0, 0x45dd0
0, 0x81e00
2, 2
3, 0
3, 0
3, 0
3, 0
3, 0
3, 0
3, 0
3, 0
3, 0
3, 0
3, 0
3, 0
3, 0
3, 0
1, 0x81e00
0, 0x45df0
0, 0x81e20
2, 2
3, 0
3, 0
3, 0
3, 0
3, 0
3, 0
3, 0
3, 0
3, 0
3, 0
3, 0
3, 0
3, 0
3, 0
1, 0x81e20
0, 0x45e10
0, 0x81e40
2, 2
3, 0
3, 0
3, 0
3, 0
3, 0
3, 0
3, 0
3, 0
3, 0
3, 0
3, 0
3, 0
3, 0
3, 0
1, 0x81e40
0, 0x45e30
0, 0x81e60
2, 2
3, 0
3, 0
3, 0
3, 0
3, 0
3, 0
3, 0
3, 0
3, 0
3, 0
3, 0
3, 0
3, 0
3, 0
0, 0x45e50
0, 0x81e80
0, 0x45e70
0, 0x81ea0
0, 0x45e90
0, 0x81ec0
0, 0x45eb0
0, 0x81ee0
1, 0x81e60
0, 0x45e50
0, 0x81e80
2, 2
3, 0
3, 0
3, 0
3, 0
3, 0
3, 0
3, 0
3, 0
3, 0
3, 0
3, 0
3, 0
3, 0
3, 0
1, 0x81e80
0, 0x45e70
0, 0x81ea0
2, 2
3, 0
3, 0
3, 0
3, 0
3, 0
3, 0
3, 0
3, 0
3, 0
3, 0
3, 0
3, 0
3, 0
3, 0
1, 0x81ea0
0, 0x45e90
0, 0x81ec0
2, 2
3, 0
3, 0
3, 0
3, 0
3, 0
3, 0
3, 0
3, 0
3, 0
3, 0
3, 0
3, 0
3, 0
3, 0
1, 0x81ec0
0, 0x45eb0
0, 0x81ee0
2, 2
3, 0
3, 0
3, 0
3, 0
3, 0
3, 0
3, 0
3, 0
3, 0
3, 0
3, 0
3, 0
3, 0
3, 0
0, 0x45ed0
0, 0x81f00
0, 0x45ef0
0, 0x81f20
0, 0x45f10
0, 0x81f40
0, 0x45f30
0, 0x81f60
1, 0x81ee0
0, 0x45ed0
0, 0x81f00
2, 2
3, 0
3, 0
3, 0
3, 0
3, 0
3, 0
3, 0
3, 0
3, 0
3, 0
3, 0
3, 0
3, 0
3, 0
1, 0x81f00
0, 0x45ef0
0, 0x81f20
2, 2
3, 0
3, 0
3, 0
3, 0
3, 0
3, 0
3, 0
3, 0
3, 0
3, 0
3, 0
3, 0
3, 0
3, 0
1, 0x81f20
0, 0x45f10
0, 0x81f40
2, 2
3, 0
3, 0
3, 0
3, 0
3, 0
3, 0
3, 0
3, 0
3, 0
3, 0
3, 0
3, 0
3, 0
3, 0
1, 0x81f40
0, 0x45f30
0, 0x81f60
2, 2
3, 0
3, 0
3, 0
3, 0
3, 0
3, 0
3, 0
3, 0
3, 0
3, 0
3, 0
3, 0
3, 0
3, 0
0, 0x45f50
0, 0x81f80
0, 0x45f70
0, 0x81fa0
0, 0x45f90
0, 0x81fc0
0, 0x45fb0
0, 0x81fe0
1, 0x81f60
0, 0x45f50
0, 0x81f80
2, 2
3, 0
3, 0
3, 0
3, 0
3, 0
3, 0
3, 0
3, 0
3, 0
3, 0
3, 0
3, 0
3, 0
3, 0
1, 0x81f80
0, 0x45f70
0, 0x81fa0
2, 2
3, 0
3, 0
3, 0
3, 0
3, 0
3, 0
3, 0
3, 0
3, 0
3, 0
3, 0
3, 0
3, 0
3, 0
1, 0x81fa0
0, 0x45f90
0, 0x81fc0
2, 2
3, 0
3, 0
3, 0
3, 0
3, 0
3, 0
3, 0
3, 0
3, 0
3, 0
3, 0
3, 0
3, 0
3, 0
1, 0x81fc0
0, 0x45fb0
0, 0x81fe0
2, 2
3, 0
3, 0
3, 0
3, 0
3, 0
3, 0
3, 0
3, 0
3, 0
3, 0
3, 0
3, 0
3, 0
3, 0
0, 0x45fd0
0, 0x82000
0, 0x45ff0
0, 0x82020
0, 0x46010
0, 0x82040
0, 0x46030
0, 0x82060
1, 0x81fe0
0, 0x45fd0
0, 0x82000
2, 2
3, 0
3, 0
3, 0
3, 0
3, 0
3, 0
3, 0
3, 0
3, 0
3, 0
3, 0
3, 0
3, 0
3, 0
1, 0x82000
0, 0x45ff0
0, 0x82020
2, 2
3, 0
3, 0
3, 0
3, 0
3, 0
3, 0
3, 0
3, 0
3, 0
3, 0
3, 0
3, 0
3, 0
3, 0
1, 0x82020
0, 0x46010
0, 0x82040
2, 2
3, 0
3, 0
3, 0
3, 0
3, 0
3, 0
3, 0
3, 0
3, 0
3, 0
3, 0
3, 0
3, 0
3, 0
1, 0x82040
0, 0x46030
0, 0x82060
2, 2
3, 0
3, 0
3, 0
3, 0
3, 0
3, 0
3, 0
3, 0
3, 0
3, 0
3, 0
3, 0
3, 0
3, 0
0, 0x46050
0, 0x82080
0, 0x46070
0, 0x820a0
0, 0x46090
0, 0x820c0
0, 0x460b0
0, 0x820e0
1, 0x82060
0, 0x46050
0, 0x82080
2, 2
3, 0
3, 0
3, 0
3, 0
3, 0
3, 0
3, 0
3, 0
3, 0
3, 0
3, 0
3, 0
3, 0
3, 0
1, 0x82080
0, 0x46070
0, 0x820a0
2, 2
3, 0
3, 0
3, 0
3, 0
3, 0
3, 0
3, 0
3, 0
3, 0
3, 0
3, 0
3, 0
3, 0
3, 0
1, 0x820a0
0, 0x46090
0, 0x820c0
2, 2
3, 0
3, 0
3, 0
3, 0
3, 0
3, 0
3, 0
3, 0
3, 0
3, 0
3, 0
3, 0
3, 0
3, 0
1, 0x820c0
0, 0x460b0
0, 0x820e0
2, 2
3, 0
3, 0
3, 0
3, 0
3, 0
3, 0
3, 0
3, 0
3, 0
3, 0
3, 0
3, 0
3, 0
3, 0
0, 0x460d0
0, 0x82100
0, 0x460f0
0, 0x82120
0, 0x46110
0, 0x82140
0, 0x46130
0, 0x82160
1, 0x820e0
0, 0x460d0
0, 0x82100
2, 2
3, 0
3, 0
3, 0
3, 0
3, 0
3, 0
3, 0
3, 0
3, 0
3, 0
3, 0
3, 0
3, 0
3, 0
1, 0x82100
0, 0x460f0
0, 0x82120
2, 2
3, 0
3, 0
3, 0
3, 0
3, 0
3, 0
3, 0
3, 0
3, 0
3, 0
3, 0
3, 0
3, 0
3, 0
1, 0x82120
0, 0x46110
0, 0x82140
2, 2
3, 0
3, 0
3, 0
3, 0
3, 0
3, 0
3, 0
3, 0
3, 0
3, 0
3, 0
3, 0
3, 0
3, 0
1, 0x82140
0, 0x46130
0, 0x82160
2, 2
3, 0
3, 0
3, 0
3, 0
3, 0
3, 0
3, 0
3, 0
3, 0
3, 0
3, 0
3, 0
3, 0
3, 0
0, 0x46150
0, 0x82180
0, 0x46170
0, 0x821a0
0, 0x46190
0, 0x821c0
0, 0x461b0
0, 0x821e0
1, 0x82160
0, 0x46150
0, 0x82180
2, 2
3, 0
3, 0
3, 0
3, 0
3, 0
3, 0
3, 0
3, 0
3, 0
3, 0
3, 0
3, 0
3, 0
3, 0
1, 0x82180
0, 0x46170
0, 0x821a0
2, 2
3, 0
3, 0
3, 0
3, 0
3, 0
3, 0
3, 0
3, 0
3, 0
3, 0
3, 0
3, 0
3, 0
3, 0
1, 0x821a0
0, 0x46190
0, 0x821c0
2, 2
3, 0
3, 0
3, 0
3, 0
3, 0
3, 0
3, 0
3, 0
3, 0
3, 0
3, 0
3, 0
3, 0
3, 0
1, 0x821c0
0, 0x461b0
0, 0x821e0
2, 2
3, 0
3, 0
3, 0
3, 0
3, 0
3, 0
3, 0
3, 0
3, 0
3, 0
3, 0
3, 0
3, 0
3, 0
0, 0x461d0
0, 0x82200
0, 0x461f0
0, 0x82220
0, 0x46210
0, 0x82240
0, 0x46230
0, 0x82260
1, 0x821e0
0, 0x461d0
0, 0x82200
2, 2
3, 0
3, 0
3, 0
3, 0
3, 0
3, 0
3, 0
3, 0
3, 0
3, 0
3, 0
3, 0
3, 0
3, 0
1, 0x82200
0, 0x461f0
0, 0x82220
2, 2
3, 0
3, 0
3, 0
3, 0
3, 0
3, 0
3, 0
3, 0
3, 0
3, 0
3, 0
3, 0
3, 0
3, 0
1, 0x82220
0, 0x46210
0, 0x82240
2, 2
3, 0
3, 0
3, 0
3, 0
3, 0
3, 0
3, 0
3, 0
3, 0
3, 0
3, 0
3, 0
3, 0
3, 0
1, 0x82240
0, 0x46230
0, 0x82260
2, 2
3, 0
3, 0
3, 0
3, 0
3, 0
3, 0
3, 0
3, 0
3, 0
3, 0
3, 0
3, 0
3, 0
3, 0
0, 0x46250
0, 0x82280
0, 0x46270
0, 0x822a0
0, 0x46290
0, 0x822c0
0, 0x462b0
0, 0x822e0
1, 0x82260
0, 0x46250
0, 0x82280
2, 2
3, 0
3, 0
3, 0
3, 0
3, 0
3, 0
3, 0
3, 0
3, 0
3, 0
3, 0
3, 0
3, 0
3, 0
1, 0x82280
0, 0x46270
0, 0x822a0
2, 2
3, 0
3, 0
3, 0
3, 0
3, 0
3, 0
3, 0
3, 0
3, 0
3, 0
3, 0
3, 0
3, 0
3, 0
1, 0x822a0
0, 0x46290
0, 0x822c0
2, 2
3, 0
3, 0
3, 0
3, 0
3, 0
3, 0
3, 0
3, 0
3, 0
3, 0
3, 0
3, 0
3, 0
3, 0
1, 0x822c0
0, 0x462b0
0, 0x822e0
2, 2
3, 0
3, 0
3, 0
3, 0
3, 0
3, 0
3, 0
3, 0
3, 0
3, 0
3, 0
3, 0
3, 0
3, 0
0, 0x462d0
0, 0x82300
0, 0x462f0
0, 0x82320
0, 0x46310
0, 0x82340
0, 0x46330
0, 0x82360
1, 0x822e0
0, 0x462d0
0, 0x82300
2, 2
3, 0
3, 0
3, 0
3, 0
3, 0
3, 0
3, 0
3, 0
3, 0
3, 0
3, 0
3, 0
3, 0
3, 0
1, 0x82300
0, 0x462f0
0, 0x82320
2, 2
3, 0
3, 0
3, 0
3, 0
3, 0
3, 0
3, 0
3, 0
3, 0
3, 0
3, 0
3, 0
3, 0
3, 0
1, 0x82320
0, 0x46310
0, 0x82340
2, 2
3, 0
3, 0
3, 0
3, 0
3, 0
3, 0
3, 0
3, 0
3, 0
3, 0
3, 0
3, 0
3, 0
3, 0
1, 0x82340
0, 0x46330
0, 0x82360
2, 2
3, 0
3, 0
3, 0
3, 0
3, 0
3, 0
3, 0
3, 0
3, 0
3, 0
3, 0
3, 0
3, 0
3, 0
0, 0x46350
0, 0x82380
0, 0x46370
0, 0x823a0
0, 0x46390
0, 0x823c0
0, 0x463b0
0, 0x823e0
1, 0x82360
0, 0x46350
0, 0x82380
2, 2
3, 0
3, 0
3, 0
3, 0
3, 0
3, 0
3, 0
3, 0
3, 0
3, 0
3, 0
3, 0
3, 0
3, 0
1, 0x82380
0, 0x46370
0, 0x823a0
2, 2
3, 0
3, 0
3, 0
3, 0
3, 0
3, 0
3, 0
3, 0
3, 0
3, 0
3, 0
3, 0
3, 0
3, 0
1, 0x823a0
0, 0x46390
0, 0x823c0
2, 2
3, 0
3, 0
3, 0
3, 0
3, 0
3, 0
3, 0
3, 0
3, 0
3, 0
3, 0
3, 0
3, 0
3, 0
1, 0x823c0
0, 0x463b0
0, 0x823e0
2, 2
3, 0
3, 0
3, 0
3, 0
3, 0
3, 0
3, 0
3, 0
3, 0
3, 0
3, 0
3, 0
3, 0
3, 0
0, 0x463d0
0, 0x82400
0, 0x463f0
0, 0x82420
0, 0x46410
0, 0x82440
0, 0x46430
0, 0x82460
1, 0x823e0
0, 0x463d0
0, 0x82400
2, 2
3, 0
3, 0
3, 0
3, 0
3, 0
3, 0
3, 0
3, 0
3, 0
3, 0
3, 0
3, 0
3, 0
3, 0
1, 0x82400
0, 0x463f0
0, 0x82420
2, 2
3, 0
3, 0
3, 0
3, 0
3, 0
3, 0
3, 0
3, 0
3, 0
3, 0
3, 0
3, 0
3, 0
3, 0
1, 0x82420
0, 0x46410
0, 0x82440
2, 2
3, 0
3, 0
3, 0
3, 0
3, 0
3, 0
3, 0
3, 0
3, 0
3, 0
3, 0
3, 0
3, 0
3, 0
1, 0x82440
0, 0x46430
0, 0x82460
2, 2
3, 0
3, 0
3, 0
3, 0
3, 0
3, 0
3, 0
3, 0
3, 0
3, 0
3, 0
3, 0
3, 0
3, 0
0, 0x46450
0, 0x82480
0, 0x46470
0, 0x824a0
0, 0x46490
0, 0x824c0
0, 0x464b0
0, 0x824e0
1, 0x82460
0, 0x46450
0, 0x82480
2, 2
3, 0
3, 0
3, 0
3, 0
3, 0
3, 0
3, 0
3, 0
3, 0
3, 0
3, 0
3, 0
3, 0
3, 0
1, 0x82480
0, 0x46470
0, 0x824a0
2, 2
3, 0
3, 0
3, 0
3, 0
3, 0
3, 0
3, 0
3, 0
3, 0
3, 0
3, 0
3, 0
3, 0
3, 0
1, 0x824a0
0, 0x46490
0, 0x824c0
2, 2
3, 0
3, 0
3, 0
3, 0
3, 0
3, 0
3, 0
3, 0
3, 0
3, 0
3, 0
3, 0
3, 0
3, 0
1, 0x824c0
0, 0x464b0
0, 0x824e0
2, 2
3, 0
3, 0
3, 0
3, 0
3, 0
3, 0
3, 0
3, 0
3, 0
3, 0
3, 0
3, 0
3, 0
3, 0
0, 0x464d0
0, 0x82500
0, 0x464f0
0, 0x82520
0, 0x46510
0, 0x82540
0, 0x46530
0, 0x82560
1, 0x824e0
0, 0x464d0
0, 0x82500
2, 2
3, 0
3, 0
3, 0
3, 0
3, 0
3, 0
3, 0
3, 0
3, 0
3, 0
3, 0
3, 0
3, 0
3, 0
1, 0x82500
0, 0x464f0
0, 0x82520
2, 2
3, 0
3, 0
3, 0
3, 0
3, 0
3, 0
3, 0
3, 0
3, 0
3, 0
3, 0
3, 0
3, 0
3, 0
1, 0x82520
0, 0x46510
0, 0x82540
2, 2
3, 0
3, 0
3, 0
3, 0
3, 0
3, 0
3, 0
3, 0
3, 0
3, 0
3, 0
3, 0
3, 0
3, 0
1, 0x82540
0, 0x46530
0, 0x82560
2, 2
3, 0
3, 0
3, 0
3, 0
3, 0
3, 0
3, 0
3, 0
3, 0
3, 0
3, 0
3, 0
3, 0
3, 0
0, 0x46550
0, 0x82580
0, 0x46570
0, 0x825a0
0, 0x46590
0, 0x825c0
0, 0x465b0
0, 0x825e0
1, 0x82560
0, 0x46550
0, 0x82580
2, 2
3, 0
3, 0
3, 0
3, 0
3, 0
3, 0
3, 0
3, 0
3, 0
3, 0
3, 0
3, 0
3, 0
3, 0
1, 0x82580
0, 0x46570
0, 0x825a0
2, 2
3, 0
3, 0
3, 0
3, 0
3, 0
3, 0
3, 0
3, 0
3, 0
3, 0
3, 0
3, 0
3, 0
3, 0
1, 0x825a0
0, 0x46590
0, 0x825c0
2, 2
3, 0
3, 0
3, 0
3, 0
3, 0
3, 0
3, 0
3, 0
3, 0
3, 0
3, 0
3, 0
3, 0
3, 0
1, 0x825c0
0, 0x465b0
0, 0x825e0
2, 2
3, 0
3, 0
3, 0
3, 0
3, 0
3, 0
3, 0
3, 0
3, 0
3, 0
3, 0
3, 0
3, 0
3, 0
0, 0x465d0
0, 0x82600
0, 0x465f0
0, 0x82620
0, 0x46610
0, 0x82640
0, 0x46630
0, 0x82660
1, 0x825e0
0, 0x465d0
0, 0x82600
2, 2
3, 0
3, 0
3, 0
3, 0
3, 0
3, 0
3, 0
3, 0
3, 0
3, 0
3, 0
3, 0
3, 0
3, 0
1, 0x82600
0, 0x465f0
0, 0x82620
2, 2
3, 0
3, 0
3, 0
3, 0
3, 0
3, 0
3, 0
3, 0
3, 0
3, 0
3, 0
3, 0
3, 0
3, 0
1, 0x82620
0, 0x46610
0, 0x82640
2, 2
3, 0
3, 0
3, 0
3, 0
3, 0
3, 0
3, 0
3, 0
3, 0
3, 0
3, 0
3, 0
3, 0
3, 0
1, 0x82640
0, 0x46630
0, 0x82660
2, 2
3, 0
3, 0
3, 0
3, 0
3, 0
3, 0
3, 0
3, 0
3, 0
3, 0
3, 0
3, 0
3, 0
3, 0
0, 0x46650
0, 0x82680
0, 0x46670
0, 0x826a0
0, 0x46690
0, 0x826c0
0, 0x466b0
0, 0x826e0
1, 0x82660
0, 0x46650
0, 0x82680
2, 2
3, 0
3, 0
3, 0
3, 0
3, 0
3, 0
3, 0
3, 0
3, 0
3, 0
3, 0
3, 0
3, 0
3, 0
1, 0x82680
0, 0x46670
0, 0x826a0
2, 2
3, 0
3, 0
3, 0
3, 0
3, 0
3, 0
3, 0
3, 0
3, 0
3, 0
3, 0
3, 0
3, 0
3, 0
1, 0x826a0
0, 0x46690
0, 0x826c0
2, 2
3, 0
3, 0
3, 0
3, 0
3, 0
3, 0
3, 0
3, 0
3, 0
3, 0
3, 0
3, 0
3, 0
3, 0
1, 0x826c0
0, 0x466b0
0, 0x826e0
2, 2
3, 0
3, 0
3, 0
3, 0
3, 0
3, 0
3, 0
3, 0
3, 0
3, 0
3, 0
3, 0
3, 0
3, 0
0, 0x466d0
0, 0x82700
0, 0x466f0
0, 0x82720
0, 0x46710
0, 0x82740
0, 0x46730
0, 0x82760
1, 0x826e0
0, 0x466d0
0, 0x82700
2, 2
3, 0
3, 0
3, 0
3, 0
3, 0
3, 0
3, 0
3, 0
3, 0
3, 0
3, 0
3, 0
3, 0
3, 0
1, 0x82700
0, 0x466f0
0, 0x82720
2, 2
3, 0
3, 0
3, 0
3, 0
3, 0
3, 0
3, 0
3, 0
3, 0
3, 0
3, 0
3, 0
3, 0
3, 0
1, 0x82720
0, 0x46710
0, 0x82740
2, 2
3, 0
3, 0
3, 0
3, 0
3, 0
3, 0
3, 0
3, 0
3, 0
3, 0
3, 0
3, 0
3, 0
3, 0
1, 0x82740
0, 0x46730
0, 0x82760
2, 2
3, 0
3, 0
3, 0
3, 0
3, 0
3, 0
3, 0
3, 0
3, 0
3, 0
3, 0
3, 0
3, 0
3, 0
0, 0x46750
0, 0x82780
0, 0x46770
0, 0x827a0
0, 0x46790
0, 0x827c0
0, 0x467b0
0, 0x827e0
1, 0x82760
0, 0x46750
0, 0x82780
2, 2
3, 0
3, 0
3, 0
3, 0
3, 0
3, 0
3, 0
3, 0
3, 0
3, 0
3, 0
3, 0
3, 0
3, 0
1, 0x82780
0, 0x46770
0, 0x827a0
2, 2
3, 0
3, 0
3, 0
3, 0
3, 0
3, 0
3, 0
3, 0
3, 0
3, 0
3, 0
3, 0
3, 0
3, 0
1, 0x827a0
0, 0x46790
0, 0x827c0
2, 2
3, 0
3, 0
3, 0
3, 0
3, 0
3, 0
3, 0
3, 0
3, 0
3, 0
3, 0
3, 0
3, 0
3, 0
1, 0x827c0
0, 0x467b0
0, 0x827e0
2, 2
3, 0
3, 0
3, 0
3, 0
3, 0
3, 0
3, 0
3, 0
3, 0
3, 0
3, 0
3, 0
3, 0
3, 0
0, 0x467d0
0, 0x82800
0, 0x467f0
0, 0x82820
0, 0x46810
0, 0x82840
0, 0x46830
0, 0x82860
1, 0x827e0
0, 0x467d0
0, 0x82800
2, 2
3, 0
3, 0
3, 0
3, 0
3, 0
3, 0
3, 0
3, 0
3, 0
3, 0
3, 0
3, 0
3, 0
3, 0
1, 0x82800
0, 0x467f0
0, 0x82820
2, 2
3, 0
3, 0
3, 0
3, 0
3, 0
3, 0
3, 0
3, 0
3, 0
3, 0
3, 0
3, 0
3, 0
3, 0
1, 0x82820
0, 0x46810
0, 0x82840
2, 2
3, 0
3, 0
3, 0
3, 0
3, 0
3, 0
3, 0
3, 0
3, 0
3, 0
3, 0
3, 0
3, 0
3, 0
1, 0x82840
0, 0x46830
0, 0x82860
2, 2
3, 0
3, 0
3, 0
3, 0
3, 0
3, 0
3, 0
3, 0
3, 0
3, 0
3, 0
3, 0
3, 0
3, 0
0, 0x46850
0, 0x82880
0, 0x46870
0, 0x828a0
0, 0x46890
0, 0x828c0
0, 0x468b0
0, 0x828e0
1, 0x82860
0, 0x46850
0, 0x82880
2, 2
3, 0
3, 0
3, 0
3, 0
3, 0
3, 0
3, 0
3, 0
3, 0
3, 0
3, 0
3, 0
3, 0
3, 0
1, 0x82880
0, 0x46870
0, 0x828a0
2, 2
3, 0
3, 0
3, 0
3, 0
3, 0
3, 0
3, 0
3, 0
3, 0
3, 0
3, 0
3, 0
3, 0
3, 0
1, 0x828a0
0, 0x46890
0, 0x828c0
2, 2
3, 0
3, 0
3, 0
3, 0
3, 0
3, 0
3, 0
3, 0
3, 0
3, 0
3, 0
3, 0
3, 0
3, 0
1, 0x828c0
0, 0x468b0
0, 0x828e0
2, 2
3, 0
3, 0
3, 0
3, 0
3, 0
3, 0
3, 0
3, 0
3, 0
3, 0
3, 0
3, 0
3, 0
3, 0
0, 0x468d0
0, 0x82900
0, 0x468f0
0, 0x82920
0, 0x46910
0, 0x82940
0, 0x46930
0, 0x82960
1, 0x828e0
0, 0x468d0
0, 0x82900
2, 2
3, 0
3, 0
3, 0
3, 0
3, 0
3, 0
3, 0
3, 0
3, 0
3, 0
3, 0
3, 0
3, 0
3, 0
1, 0x82900
0, 0x468f0
0, 0x82920
2, 2
3, 0
3, 0
3, 0
3, 0
3, 0
3, 0
3, 0
3, 0
3, 0
3, 0
3, 0
3, 0
3, 0
3, 0
1, 0x82920
0, 0x46910
0, 0x82940
2, 2
3, 0
3, 0
3, 0
3, 0
3, 0
3, 0
3, 0
3, 0
3, 0
3, 0
3, 0
3, 0
3, 0
3, 0
1, 0x82940
0, 0x46930
0, 0x82960
2, 2
3, 0
3, 0
3, 0
3, 0
3, 0
3, 0
3, 0
3, 0
3, 0
3, 0
3, 0
3, 0
3, 0
3, 0
0, 0x46950
0, 0x82980
0, 0x46970
0, 0x829a0
0, 0x46990
0, 0x829c0
0, 0x469b0
0, 0x829e0
1, 0x82960
0, 0x46950
0, 0x82980
2, 2
3, 0
3, 0
3, 0
3, 0
3, 0
3, 0
3, 0
3, 0
3, 0
3, 0
3, 0
3, 0
3, 0
3, 0
1, 0x82980
0, 0x46970
0, 0x829a0
2, 2
3, 0
3, 0
3, 0
3, 0
3, 0
3, 0
3, 0
3, 0
3, 0
3, 0
3, 0
3, 0
3, 0
3, 0
1, 0x829a0
0, 0x46990
0, 0x829c0
2, 2
3, 0
3, 0
3, 0
3, 0
3, 0
3, 0
3, 0
3, 0
3, 0
3, 0
3, 0
3, 0
3, 0
3, 0
1, 0x829c0
0, 0x469b0
0, 0x829e0
2, 2
3, 0
3, 0
3, 0
3, 0
3, 0
3, 0
3, 0
3, 0
3, 0
3, 0
3, 0
3, 0
3, 0
3, 0
0, 0x469d0
0, 0x82a00
0, 0x469f0
0, 0x82a20
0, 0x46a10
0, 0x82a40
0, 0x46a30
0, 0x82a60
1, 0x829e0
0, 0x469d0
0, 0x82a00
2, 2
3, 0
3, 0
3, 0
3, 0
3, 0
3, 0
3, 0
3, 0
3, 0
3, 0
3, 0
3, 0
3, 0
3, 0
1, 0x82a00
0, 0x469f0
0, 0x82a20
2, 2
3, 0
3, 0
3, 0
3, 0
3, 0
3, 0
3, 0
3, 0
3, 0
3, 0
3, 0
3, 0
3, 0
3, 0
1, 0x82a20
0, 0x46a10
0, 0x82a40
2, 2
3, 0
3, 0
3, 0
3, 0
3, 0
3, 0
3, 0
3, 0
3, 0
3, 0
3, 0
3, 0
3, 0
3, 0
1, 0x82a40
0, 0x46a30
0, 0x82a60
2, 2
3, 0
3, 0
3, 0
3, 0
3, 0
3, 0
3, 0
3, 0
3, 0
3, 0
3, 0
3, 0
3, 0
3, 0
0, 0x46a50
0, 0x82a80
0, 0x46a70
0, 0x82aa0
0, 0x46a90
0, 0x82ac0
0, 0x46ab0
0, 0x82ae0
1, 0x82a60
0, 0x46a50
0, 0x82a80
2, 2
3, 0
3, 0
3, 0
3, 0
3, 0
3, 0
3, 0
3, 0
3, 0
3, 0
3, 0
3, 0
3, 0
3, 0
1, 0x82a80
0, 0x46a70
0, 0x82aa0
2, 2
3, 0
3, 0
3, 0
3, 0
3, 0
3, 0
3, 0
3, 0
3, 0
3, 0
3, 0
3, 0
3, 0
3, 0
1, 0x82aa0
0, 0x46a90
0, 0x82ac0
2, 2
3, 0
3, 0
3, 0
3, 0
3, 0
3, 0
3, 0
3, 0
3, 0
3, 0
3, 0
3, 0
3, 0
3, 0
1, 0x82ac0
0, 0x46ab0
0, 0x82ae0
2, 2
3, 0
3, 0
3, 0
3, 0
3, 0
3, 0
3, 0
3, 0
3, 0
3, 0
3, 0
3, 0
3, 0
3, 0
0, 0x46ad0
0, 0x82b00
0, 0x46af0
0, 0x82b20
0, 0x46b10
0, 0x82b40
0, 0x46b30
0, 0x82b60
1, 0x82ae0
0, 0x46ad0
0, 0x82b00
2, 2
3, 0
3, 0
3, 0
3, 0
3, 0
3, 0
3, 0
3, 0
3, 0
3, 0
3, 0
3, 0
3, 0
3, 0
1, 0x82b00
0, 0x46af0
0, 0x82b20
2, 2
3, 0
3, 0
3, 0
3, 0
3, 0
3, 0
3, 0
3, 0
3, 0
3, 0
3, 0
3, 0
3, 0
3, 0
1, 0x82b20
0, 0x46b10
0, 0x82b40
2, 2
3, 0
3, 0
3, 0
3, 0
3, 0
3, 0
3, 0
3, 0
3, 0
3, 0
3, 0
3, 0
3, 0
3, 0
1, 0x82b40
0, 0x46b30
0, 0x82b60
2, 2
3, 0
3, 0
3, 0
3, 0
3, 0
3, 0
3, 0
3, 0
3, 0
3, 0
3, 0
3, 0
3, 0
3, 0
0, 0x46b50
0, 0x82b80
0, 0x46b70
0, 0x82ba0
0, 0x46b90
0, 0x82bc0
0, 0x46bb0
0, 0x82be0
1, 0x82b60
0, 0x46b50
0, 0x82b80
2, 2
3, 0
3, 0
3, 0
3, 0
3, 0
3, 0
3, 0
3, 0
3, 0
3, 0
3, 0
3, 0
3, 0
3, 0
1, 0x82b80
0, 0x46b70
0, 0x82ba0
2, 2
3, 0
3, 0
3, 0
3, 0
3, 0
3, 0
3, 0
3, 0
3, 0
3, 0
3, 0
3, 0
3, 0
3, 0
1, 0x82ba0
0, 0x46b90
0, 0x82bc0
2, 2
3, 0
3, 0
3, 0
3, 0
3, 0
3, 0
3, 0
3, 0
3, 0
3, 0
3, 0
3, 0
3, 0
3, 0
1, 0x82bc0
0, 0x46bb0
0, 0x82be0
2, 2
3, 0
3, 0
3, 0
3, 0
3, 0
3, 0
3, 0
3, 0
3, 0
3, 0
3, 0
3, 0
3, 0
3, 0
0, 0x46bd0
0, 0x82c00
0, 0x46bf0
0, 0x82c20
0, 0x46c10
0, 0x82c40
0, 0x46c30
0, 0x82c60
1, 0x82be0
0, 0x46bd0
0, 0x82c00
2, 2
3, 0
3, 0
3, 0
3, 0
3, 0
3, 0
3, 0
3, 0
3, 0
3, 0
3, 0
3, 0
3, 0
3, 0
1, 0x82c00
0, 0x46bf0
0, 0x82c20
2, 2
3, 0
3, 0
3, 0
3, 0
3, 0
3, 0
3, 0
3, 0
3, 0
3, 0
3, 0
3, 0
3, 0
3, 0
1, 0x82c20
0, 0x46c10
0, 0x82c40
2, 2
3, 0
3, 0
3, 0
3, 0
3, 0
3, 0
3, 0
3, 0
3, 0
3, 0
3, 0
3, 0
3, 0
3, 0
1, 0x82c40
0, 0x46c30
0, 0x82c60
2, 2
3, 0
3, 0
3, 0
3, 0
3, 0
3, 0
3, 0
3, 0
3, 0
3, 0
3, 0
3, 0
3, 0
3, 0
0, 0x46c50
0, 0x82c80
0, 0x46c70
0, 0x82ca0
0, 0x46c90
0, 0x82cc0
0, 0x46cb0
0, 0x82ce0
1, 0x82c60
0, 0x46c50
0, 0x82c80
2, 2
3, 0
3, 0
3, 0
3, 0
3, 0
3, 0
3, 0
3, 0
3, 0
3, 0
3, 0
3, 0
3, 0
3, 0
1, 0x82c80
0, 0x46c70
0, 0x82ca0
2, 2
3, 0
3, 0
3, 0
3, 0
3, 0
3, 0
3, 0
3, 0
3, 0
3, 0
3, 0
3, 0
3, 0
3, 0
1, 0x82ca0
0, 0x46c90
0, 0x82cc0
2, 2
3, 0
3, 0
3, 0
3, 0
3, 0
3, 0
3, 0
3, 0
3, 0
3, 0
3, 0
3, 0
3, 0
3, 0
1, 0x82cc0
0, 0x46cb0
0, 0x82ce0
2, 2
3, 0
3, 0
3, 0
3, 0
3, 0
3, 0
3, 0
3, 0
3, 0
3, 0
3, 0
3, 0
3, 0
3, 0
0, 0x46cd0
0, 0x82d00
0, 0x46cf0
0, 0x82d20
0, 0x46d10
0, 0x82d40
0, 0x46d30
0, 0x82d60
1, 0x82ce0
0, 0x46cd0
0, 0x82d00
2, 2
3, 0
3, 0
3, 0
3, 0
3, 0
3, 0
3, 0
3, 0
3, 0
3, 0
3, 0
3, 0
3, 0
3, 0
1, 0x82d00
0, 0x46cf0
0, 0x82d20
2, 2
3, 0
3, 0
3, 0
3, 0
3, 0
3, 0
3, 0
3, 0
3, 0
3, 0
3, 0
3, 0
3, 0
3, 0
1, 0x82d20
0, 0x46d10
0, 0x82d40
2, 2
3, 0
3, 0
3, 0
3, 0
3, 0
3, 0
3, 0
3, 0
3, 0
3, 0
3, 0
3, 0
3, 0
3, 0
1, 0x82d40
0, 0x46d30
0, 0x82d60
2, 2
3, 0
3, 0
3, 0
3, 0
3, 0
3, 0
3, 0
3, 0
3, 0
3, 0
3, 0
3, 0
3, 0
3, 0
0, 0x46d50
0, 0x82d80
0, 0x46d70
0, 0x82da0
0, 0x46d90
0, 0x82dc0
0, 0x46db0
0, 0x82de0
1, 0x82d60
0, 0x46d50
0, 0x82d80
2, 2
3, 0
3, 0
3, 0
3, 0
3, 0
3, 0
3, 0
3, 0
3, 0
3, 0
3, 0
3, 0
3, 0
3, 0
1, 0x82d80
0, 0x46d70
0, 0x82da0
2, 2
3, 0
3, 0
3, 0
3, 0
3, 0
3, 0
3, 0
3, 0
3, 0
3, 0
3, 0
3, 0
3, 0
3, 0
1, 0x82da0
0, 0x46d90
0, 0x82dc0
2, 2
3, 0
3, 0
3, 0
3, 0
3, 0
3, 0
3, 0
3, 0
3, 0
3, 0
3, 0
3, 0
3, 0
3, 0
1, 0x82dc0
0, 0x46db0
0, 0x82de0
2, 2
3, 0
3, 0
3, 0
3, 0
3, 0
3, 0
3, 0
3, 0
3, 0
3, 0
3, 0
3, 0
3, 0
3, 0
0, 0x46dd0
0, 0x82e00
0, 0x46df0
0, 0x82e20
0, 0x46e10
0, 0x82e40
0, 0x46e30
0, 0x82e60
1, 0x82de0
0, 0x46dd0
0, 0x82e00
2, 2
3, 0
3, 0
3, 0
3, 0
3, 0
3, 0
3, 0
3, 0
3, 0
3, 0
3, 0
3, 0
3, 0
3, 0
1, 0x82e00
0, 0x46df0
0, 0x82e20
2, 2
3, 0
3, 0
3, 0
3, 0
3, 0
3, 0
3, 0
3, 0
3, 0
3, 0
3, 0
3, 0
3, 0
3, 0
1, 0x82e20
0, 0x46e10
0, 0x82e40
2, 2
3, 0
3, 0
3, 0
3, 0
3, 0
3, 0
3, 0
3, 0
3, 0
3, 0
3, 0
3, 0
3, 0
3, 0
1, 0x82e40
0, 0x46e30
0, 0x82e60
2, 2
3, 0
3, 0
3, 0
3, 0
3, 0
3, 0
3, 0
3, 0
3, 0
3, 0
3, 0
3, 0
3, 0
3, 0
0, 0x46e50
0, 0x82e80
0, 0x46e70
0, 0x82ea0
0, 0x46e90
0, 0x82ec0
0, 0x46eb0
0, 0x82ee0
1, 0x82e60
0, 0x46e50
0, 0x82e80
2, 2
3, 0
3, 0
3, 0
3, 0
3, 0
3, 0
3, 0
3, 0
3, 0
3, 0
3, 0
3, 0
3, 0
3, 0
1, 0x82e80
0, 0x46e70
0, 0x82ea0
2, 2
3, 0
3, 0
3, 0
3, 0
3, 0
3, 0
3, 0
3, 0
3, 0
3, 0
3, 0
3, 0
3, 0
3, 0
1, 0x82ea0
0, 0x46e90
0, 0x82ec0
2, 2
3, 0
3, 0
3, 0
3, 0
3, 0
3, 0
3, 0
3, 0
3, 0
3, 0
3, 0
3, 0
3, 0
3, 0
1, 0x82ec0
0, 0x46eb0
0, 0x82ee0
2, 2
3, 0
3, 0
3, 0
3, 0
3, 0
3, 0
3, 0
3, 0
3, 0
3, 0
3, 0
3, 0
3, 0
3, 0
0, 0x46ed0
0, 0x82f00
0, 0x46ef0
0, 0x82f20
0, 0x46f10
0, 0x82f40
0, 0x46f30
0, 0x82f60
1, 0x82ee0
0, 0x46ed0
0, 0x82f00
2, 2
3, 0
3, 0
3, 0
3, 0
3, 0
3, 0
3, 0
3, 0
3, 0
3, 0
3, 0
3, 0
3, 0
3, 0
1, 0x82f00
0, 0x46ef0
0, 0x82f20
2, 2
3, 0
3, 0
3, 0
3, 0
3, 0
3, 0
3, 0
3, 0
3, 0
3, 0
3, 0
3, 0
3, 0
3, 0
1, 0x82f20
0, 0x46f10
0, 0x82f40
2, 2
3, 0
3, 0
3, 0
3, 0
3, 0
3, 0
3, 0
3, 0
3, 0
3, 0
3, 0
3, 0
3, 0
3, 0
1, 0x82f40
0, 0x46f30
0, 0x82f60
2, 2
3, 0
3, 0
3, 0
3, 0
3, 0
3, 0
3, 0
3, 0
3, 0
3, 0
3, 0
3, 0
3, 0
3, 0
0, 0x46f50
0, 0x82f80
0, 0x46f70
0, 0x82fa0
0, 0x46f90
0, 0x82fc0
0, 0x46fb0
0, 0x82fe0
1, 0x82f60
0, 0x46f50
0, 0x82f80
2, 2
3, 0
3, 0
3, 0
3, 0
3, 0
3, 0
3, 0
3, 0
3, 0
3, 0
3, 0
3, 0
3, 0
3, 0
1, 0x82f80
0, 0x46f70
0, 0x82fa0
2, 2
3, 0
3, 0
3, 0
3, 0
3, 0
3, 0
3, 0
3, 0
3, 0
3, 0
3, 0
3, 0
3, 0
3, 0
1, 0x82fa0
0, 0x46f90
0, 0x82fc0
2, 2
3, 0
3, 0
3, 0
3, 0
3, 0
3, 0
3, 0
3, 0
3, 0
3, 0
3, 0
3, 0
3, 0
3, 0
1, 0x82fc0
0, 0x46fb0
0, 0x82fe0
2, 2
3, 0
3, 0
3, 0
3, 0
3, 0
3, 0
3, 0
3, 0
3, 0
3, 0
3, 0
3, 0
3, 0
3, 0
0, 0x46fd0
0, 0x83000
0, 0x46ff0
0, 0x83020
0, 0x47010
0, 0x83040
0, 0x47030
0, 0x83060
1, 0x82fe0
0, 0x46fd0
0, 0x83000
2, 2
3, 0
3, 0
3, 0
3, 0
3, 0
3, 0
3, 0
3, 0
3, 0
3, 0
3, 0
3, 0
3, 0
3, 0
1, 0x83000
0, 0x46ff0
0, 0x83020
2, 2
3, 0
3, 0
3, 0
3, 0
3, 0
3, 0
3, 0
3, 0
3, 0
3, 0
3, 0
3, 0
3, 0
3, 0
1, 0x83020
0, 0x47010
0, 0x83040
2, 2
3, 0
3, 0
3, 0
3, 0
3, 0
3, 0
3, 0
3, 0
3, 0
3, 0
3, 0
3, 0
3, 0
3, 0
1, 0x83040
0, 0x47030
0, 0x83060
2, 2
3, 0
3, 0
3, 0
3, 0
3, 0
3, 0
3, 0
3, 0
3, 0
3, 0
3, 0
3, 0
3, 0
3, 0
0, 0x47050
0, 0x83080
0, 0x47070
0, 0x830a0
0, 0x47090
0, 0x830c0
0, 0x470b0
0, 0x830e0
1, 0x83060
0, 0x47050
0, 0x83080
2, 2
3, 0
3, 0
3, 0
3, 0
3, 0
3, 0
3, 0
3, 0
3, 0
3, 0
3, 0
3, 0
3, 0
3, 0
1, 0x83080
0, 0x47070
0, 0x830a0
2, 2
3, 0
3, 0
3, 0
3, 0
3, 0
3, 0
3, 0
3, 0
3, 0
3, 0
3, 0
3, 0
3, 0
3, 0
1, 0x830a0
0, 0x47090
0, 0x830c0
2, 2
3, 0
3, 0
3, 0
3, 0
3, 0
3, 0
3, 0
3, 0
3, 0
3, 0
3, 0
3, 0
3, 0
3, 0
1, 0x830c0
0, 0x470b0
0, 0x830e0
2, 2
3, 0
3, 0
3, 0
3, 0
3, 0
3, 0
3, 0
3, 0
3, 0
3, 0
3, 0
3, 0
3, 0
3, 0
0, 0x470d0
0, 0x83100
0, 0x470f0
0, 0x83120
0, 0x47110
0, 0x83140
0, 0x47130
0, 0x83160
1, 0x830e0
0, 0x470d0
0, 0x83100
2, 2
3, 0
3, 0
3, 0
3, 0
3, 0
3, 0
3, 0
3, 0
3, 0
3, 0
3, 0
3, 0
3, 0
3, 0
1, 0x83100
0, 0x470f0
0, 0x83120
2, 2
3, 0
3, 0
3, 0
3, 0
3, 0
3, 0
3, 0
3, 0
3, 0
3, 0
3, 0
3, 0
3, 0
3, 0
1, 0x83120
0, 0x47110
0, 0x83140
2, 2
3, 0
3, 0
3, 0
3, 0
3, 0
3, 0
3, 0
3, 0
3, 0
3, 0
3, 0
3, 0
3, 0
3, 0
1, 0x83140
0, 0x47130
0, 0x83160
2, 2
3, 0
3, 0
3, 0
3, 0
3, 0
3, 0
3, 0
3, 0
3, 0
3, 0
3, 0
3, 0
3, 0
3, 0
0, 0x47150
0, 0x83180
0, 0x47170
0, 0x831a0
0, 0x47190
0, 0x831c0
0, 0x471b0
0, 0x831e0
1, 0x83160
0, 0x47150
0, 0x83180
2, 2
3, 0
3, 0
3, 0
3, 0
3, 0
3, 0
3, 0
3, 0
3, 0
3, 0
3, 0
3, 0
3, 0
3, 0
1, 0x83180
0, 0x47170
0, 0x831a0
2, 2
3, 0
3, 0
3, 0
3, 0
3, 0
3, 0
3, 0
3, 0
3, 0
3, 0
3, 0
3, 0
3, 0
3, 0
1, 0x831a0
0, 0x47190
0, 0x831c0
2, 2
3, 0
3, 0
3, 0
3, 0
3, 0
3, 0
3, 0
3, 0
3, 0
3, 0
3, 0
3, 0
3, 0
3, 0
1, 0x831c0
0, 0x471b0
0, 0x831e0
2, 2
3, 0
3, 0
3, 0
3, 0
3, 0
3, 0
3, 0
3, 0
3, 0
3, 0
3, 0
3, 0
3, 0
3, 0
0, 0x471d0
0, 0x83200
0, 0x471f0
0, 0x83220
0, 0x47210
0, 0x83240
0, 0x47230
0, 0x83260
1, 0x831e0
0, 0x471d0
0, 0x83200
2, 2
3, 0
3, 0
3, 0
3, 0
3, 0
3, 0
3, 0
3, 0
3, 0
3, 0
3, 0
3, 0
3, 0
3, 0
1, 0x83200
0, 0x471f0
0, 0x83220
2, 2
3, 0
3, 0
3, 0
3, 0
3, 0
3, 0
3, 0
3, 0
3, 0
3, 0
3, 0
3, 0
3, 0
3, 0
1, 0x83220
0, 0x47210
0, 0x83240
2, 2
3, 0
3, 0
3, 0
3, 0
3, 0
3, 0
3, 0
3, 0
3, 0
3, 0
3, 0
3, 0
3, 0
3, 0
1, 0x83240
0, 0x47230
0, 0x83260
2, 2
3, 0
3, 0
3, 0
3, 0
3, 0
3, 0
3, 0
3, 0
3, 0
3, 0
3, 0
3, 0
3, 0
3, 0
0, 0x47250
0, 0x83280
0, 0x47270
0, 0x832a0
0, 0x47290
0, 0x832c0
0, 0x472b0
0, 0x832e0
1, 0x83260
0, 0x47250
0, 0x83280
2, 2
3, 0
3, 0
3, 0
3, 0
3, 0
3, 0
3, 0
3, 0
3, 0
3, 0
3, 0
3, 0
3, 0
3, 0
1, 0x83280
0, 0x47270
0, 0x832a0
2, 2
3, 0
3, 0
3, 0
3, 0
3, 0
3, 0
3, 0
3, 0
3, 0
3, 0
3, 0
3, 0
3, 0
3, 0
1, 0x832a0
0, 0x47290
0, 0x832c0
2, 2
3, 0
3, 0
3, 0
3, 0
3, 0
3, 0
3, 0
3, 0
3, 0
3, 0
3, 0
3, 0
3, 0
3, 0
1, 0x832c0
0, 0x472b0
0, 0x832e0
2, 2
3, 0
3, 0
3, 0
3, 0
3, 0
3, 0
3, 0
3, 0
3, 0
3, 0
3, 0
3, 0
3, 0
3, 0
0, 0x472d0
0, 0x83300
0, 0x472f0
0, 0x83320
0, 0x47310
0, 0x83340
0, 0x47330
0, 0x83360
1, 0x832e0
0, 0x472d0
0, 0x83300
2, 2
3, 0
3, 0
3, 0
3, 0
3, 0
3, 0
3, 0
3, 0
3, 0
3, 0
3, 0
3, 0
3, 0
3, 0
1, 0x83300
0, 0x472f0
0, 0x83320
2, 2
3, 0
3, 0
3, 0
3, 0
3, 0
3, 0
3, 0
3, 0
3, 0
3, 0
3, 0
3, 0
3, 0
3, 0
1, 0x83320
0, 0x47310
0, 0x83340
2, 2
3, 0
3, 0
3, 0
3, 0
3, 0
3, 0
3, 0
3, 0
3, 0
3, 0
3, 0
3, 0
3, 0
3, 0
1, 0x83340
0, 0x47330
0, 0x83360
2, 2
3, 0
3, 0
3, 0
3, 0
3, 0
3, 0
3, 0
3, 0
3, 0
3, 0
3, 0
3, 0
3, 0
3, 0
0, 0x47350
0, 0x83380
0, 0x47370
0, 0x833a0
0, 0x47390
0, 0x833c0
0, 0x473b0
0, 0x833e0
1, 0x83360
0, 0x47350
0, 0x83380
2, 2
3, 0
3, 0
3, 0
3, 0
3, 0
3, 0
3, 0
3, 0
3, 0
3, 0
3, 0
3, 0
3, 0
3, 0
1, 0x83380
0, 0x47370
0, 0x833a0
2, 2
3, 0
3, 0
3, 0
3, 0
3, 0
3, 0
3, 0
3, 0
3, 0
3, 0
3, 0
3, 0
3, 0
3, 0
1, 0x833a0
0, 0x47390
0, 0x833c0
2, 2
3, 0
3, 0
3, 0
3, 0
3, 0
3, 0
3, 0
3, 0
3, 0
3, 0
3, 0
3, 0
3, 0
3, 0
1, 0x833c0
0, 0x473b0
0, 0x833e0
2, 2
3, 0
3, 0
3, 0
3, 0
3, 0
3, 0
3, 0
3, 0
3, 0
3, 0
3, 0
3, 0
3, 0
3, 0
0, 0x473d0
0, 0x83400
0, 0x473f0
0, 0x83420
0, 0x47410
0, 0x83440
0, 0x47430
0, 0x83460
1, 0x833e0
0, 0x473d0
0, 0x83400
2, 2
3, 0
3, 0
3, 0
3, 0
3, 0
3, 0
3, 0
3, 0
3, 0
3, 0
3, 0
3, 0
3, 0
3, 0
1, 0x83400
0, 0x473f0
0, 0x83420
2, 2
3, 0
3, 0
3, 0
3, 0
3, 0
3, 0
3, 0
3, 0
3, 0
3, 0
3, 0
3, 0
3, 0
3, 0
1, 0x83420
0, 0x47410
0, 0x83440
2, 2
3, 0
3, 0
3, 0
3, 0
3, 0
3, 0
3, 0
3, 0
3, 0
3, 0
3, 0
3, 0
3, 0
3, 0
1, 0x83440
0, 0x47430
0, 0x83460
2, 2
3, 0
3, 0
3, 0
3, 0
3, 0
3, 0
3, 0
3, 0
3, 0
3, 0
3, 0
3, 0
3, 0
3, 0
0, 0x47450
0, 0x83480
0, 0x47470
0, 0x834a0
0, 0x47490
0, 0x834c0
0, 0x474b0
0, 0x834e0
1, 0x83460
0, 0x47450
0, 0x83480
2, 2
3, 0
3, 0
3, 0
3, 0
3, 0
3, 0
3, 0
3, 0
3, 0
3, 0
3, 0
3, 0
3, 0
3, 0
1, 0x83480
0, 0x47470
0, 0x834a0
2, 2
3, 0
3, 0
3, 0
3, 0
3, 0
3, 0
3, 0
3, 0
3, 0
3, 0
3, 0
3, 0
3, 0
3, 0
1, 0x834a0
0, 0x47490
0, 0x834c0
2, 2
3, 0
3, 0
3, 0
3, 0
3, 0
3, 0
3, 0
3, 0
3, 0
3, 0
3, 0
3, 0
3, 0
3, 0
1, 0x834c0
0, 0x474b0
0, 0x834e0
2, 2
3, 0
3, 0
3, 0
3, 0
3, 0
3, 0
3, 0
3, 0
3, 0
3, 0
3, 0
3, 0
3, 0
3, 0
0, 0x474d0
0, 0x83500
0, 0x474f0
0, 0x83520
0, 0x47510
0, 0x83540
0, 0x47530
0, 0x83560
1, 0x834e0
0, 0x474d0
0, 0x83500
2, 2
3, 0
3, 0
3, 0
3, 0
3, 0
3, 0
3, 0
3, 0
3, 0
3, 0
3, 0
3, 0
3, 0
3, 0
1, 0x83500
0, 0x474f0
0, 0x83520
2, 2
3, 0
3, 0
3, 0
3, 0
3, 0
3, 0
3, 0
3, 0
3, 0
3, 0
3, 0
3, 0
3, 0
3, 0
1, 0x83520
0, 0x47510
0, 0x83540
2, 2
3, 0
3, 0
3, 0
3, 0
3, 0
3, 0
3, 0
3, 0
3, 0
3, 0
3, 0
3, 0
3, 0
3, 0
1, 0x83540
0, 0x47530
0, 0x83560
2, 2
3, 0
3, 0
3, 0
3, 0
3, 0
3, 0
3, 0
3, 0
3, 0
3, 0
3, 0
3, 0
3, 0
3, 0
0, 0x47550
0, 0x83580
0, 0x47570
0, 0x835a0
0, 0x47590
0, 0x835c0
0, 0x475b0
0, 0x835e0
1, 0x83560
0, 0x47550
0, 0x83580
2, 2
3, 0
3, 0
3, 0
3, 0
3, 0
3, 0
3, 0
3, 0
3, 0
3, 0
3, 0
3, 0
3, 0
3, 0
1, 0x83580
0, 0x47570
0, 0x835a0
2, 2
3, 0
3, 0
3, 0
3, 0
3, 0
3, 0
3, 0
3, 0
3, 0
3, 0
3, 0
3, 0
3, 0
3, 0
1, 0x835a0
0, 0x47590
0, 0x835c0
2, 2
3, 0
3, 0
3, 0
3, 0
3, 0
3, 0
3, 0
3, 0
3, 0
3, 0
3, 0
3, 0
3, 0
3, 0
1, 0x835c0
0, 0x475b0
0, 0x835e0
2, 2
3, 0
3, 0
3, 0
3, 0
3, 0
3, 0
3, 0
3, 0
3, 0
3, 0
3, 0
3, 0
3, 0
3, 0
0, 0x475d0
0, 0x83600
0, 0x475f0
0, 0x83620
0, 0x47610
0, 0x83640
0, 0x47630
0, 0x83660
1, 0x835e0
0, 0x475d0
0, 0x83600
2, 2
3, 0
3, 0
3, 0
3, 0
3, 0
3, 0
3, 0
3, 0
3, 0
3, 0
3, 0
3, 0
3, 0
3, 0
1, 0x83600
0, 0x475f0
0, 0x83620
2, 2
3, 0
3, 0
3, 0
3, 0
3, 0
3, 0
3, 0
3, 0
3, 0
3, 0
3, 0
3, 0
3, 0
3, 0
1, 0x83620
0, 0x47610
0, 0x83640
2, 2
3, 0
3, 0
3, 0
3, 0
3, 0
3, 0
3, 0
3, 0
3, 0
3, 0
3, 0
3, 0
3, 0
3, 0
1, 0x83640
0, 0x47630
0, 0x83660
2, 2
3, 0
3, 0
3, 0
3, 0
3, 0
3, 0
3, 0
3, 0
3, 0
3, 0
3, 0
3, 0
3, 0
3, 0
0, 0x47650
0, 0x83680
0, 0x47670
0, 0x836a0
0, 0x47690
0, 0x836c0
0, 0x476b0
0, 0x836e0
1, 0x83660
0, 0x47650
0, 0x83680
2, 2
3, 0
3, 0
3, 0
3, 0
3, 0
3, 0
3, 0
3, 0
3, 0
3, 0
3, 0
3, 0
3, 0
3, 0
1, 0x83680
0, 0x47670
0, 0x836a0
2, 2
3, 0
3, 0
3, 0
3, 0
3, 0
3, 0
3, 0
3, 0
3, 0
3, 0
3, 0
3, 0
3, 0
3, 0
1, 0x836a0
0, 0x47690
0, 0x836c0
2, 2
3, 0
3, 0
3, 0
3, 0
3, 0
3, 0
3, 0
3, 0
3, 0
3, 0
3, 0
3, 0
3, 0
3, 0
1, 0x836c0
0, 0x476b0
0, 0x836e0
2, 2
3, 0
3, 0
3, 0
3, 0
3, 0
3, 0
3, 0
3, 0
3, 0
3, 0
3, 0
3, 0
3, 0
3, 0
0, 0x476d0
0, 0x83700
0, 0x476f0
0, 0x83720
0, 0x47710
0, 0x83740
0, 0x47730
0, 0x83760
1, 0x836e0
0, 0x476d0
0, 0x83700
2, 2
3, 0
3, 0
3, 0
3, 0
3, 0
3, 0
3, 0
3, 0
3, 0
3, 0
3, 0
3, 0
3, 0
3, 0
1, 0x83700
0, 0x476f0
0, 0x83720
2, 2
3, 0
3, 0
3, 0
3, 0
3, 0
3, 0
3, 0
3, 0
3, 0
3, 0
3, 0
3, 0
3, 0
3, 0
1, 0x83720
0, 0x47710
0, 0x83740
2, 2
3, 0
3, 0
3, 0
3, 0
3, 0
3, 0
3, 0
3, 0
3, 0
3, 0
3, 0
3, 0
3, 0
3, 0
1, 0x83740
0, 0x47730
0, 0x83760
2, 2
3, 0
3, 0
3, 0
3, 0
3, 0
3, 0
3, 0
3, 0
3, 0
3, 0
3, 0
3, 0
3, 0
3, 0
0, 0x47750
0, 0x83780
0, 0x47770
0, 0x837a0
0, 0x47790
0, 0x837c0
0, 0x477b0
0, 0x837e0
1, 0x83760
0, 0x47750
0, 0x83780
2, 2
3, 0
3, 0
3, 0
3, 0
3, 0
3, 0
3, 0
3, 0
3, 0
3, 0
3, 0
3, 0
3, 0
3, 0
1, 0x83780
0, 0x47770
0, 0x837a0
2, 2
3, 0
3, 0
3, 0
3, 0
3, 0
3, 0
3, 0
3, 0
3, 0
3, 0
3, 0
3, 0
3, 0
3, 0
1, 0x837a0
0, 0x47790
0, 0x837c0
2, 2
3, 0
3, 0
3, 0
3, 0
3, 0
3, 0
3, 0
3, 0
3, 0
3, 0
3, 0
3, 0
3, 0
3, 0
1, 0x837c0
0, 0x477b0
0, 0x837e0
2, 2
3, 0
3, 0
3, 0
3, 0
3, 0
3, 0
3, 0
3, 0
3, 0
3, 0
3, 0
3, 0
3, 0
3, 0
0, 0x477d0
0, 0x83800
0, 0x477f0
0, 0x83820
0, 0x47810
0, 0x83840
0, 0x47830
0, 0x83860
1, 0x837e0
0, 0x477d0
0, 0x83800
2, 2
3, 0
3, 0
3, 0
3, 0
3, 0
3, 0
3, 0
3, 0
3, 0
3, 0
3, 0
3, 0
3, 0
3, 0
1, 0x83800
0, 0x477f0
0, 0x83820
2, 2
3, 0
3, 0
3, 0
3, 0
3, 0
3, 0
3, 0
3, 0
3, 0
3, 0
3, 0
3, 0
3, 0
3, 0
1, 0x83820
0, 0x47810
0, 0x83840
2, 2
3, 0
3, 0
3, 0
3, 0
3, 0
3, 0
3, 0
3, 0
3, 0
3, 0
3, 0
3, 0
3, 0
3, 0
1, 0x83840
0, 0x47830
0, 0x83860
2, 2
3, 0
3, 0
3, 0
3, 0
3, 0
3, 0
3, 0
3, 0
3, 0
3, 0
3, 0
3, 0
3, 0
3, 0
0, 0x47850
0, 0x83880
0, 0x47870
0, 0x838a0
0, 0x47890
0, 0x838c0
0, 0x478b0
0, 0x838e0
1, 0x83860
0, 0x47850
0, 0x83880
2, 2
3, 0
3, 0
3, 0
3, 0
3, 0
3, 0
3, 0
3, 0
3, 0
3, 0
3, 0
3, 0
3, 0
3, 0
1, 0x83880
0, 0x47870
0, 0x838a0
2, 2
3, 0
3, 0
3, 0
3, 0
3, 0
3, 0
3, 0
3, 0
3, 0
3, 0
3, 0
3, 0
3, 0
3, 0
1, 0x838a0
0, 0x47890
0, 0x838c0
2, 2
3, 0
3, 0
3, 0
3, 0
3, 0
3, 0
3, 0
3, 0
3, 0
3, 0
3, 0
3, 0
3, 0
3, 0
1, 0x838c0
0, 0x478b0
0, 0x838e0
2, 2
3, 0
3, 0
3, 0
3, 0
3, 0
3, 0
3, 0
3, 0
3, 0
3, 0
3, 0
3, 0
3, 0
3, 0
0, 0x478d0
0, 0x83900
0, 0x478f0
0, 0x83920
0, 0x47910
0, 0x83940
0, 0x47930
0, 0x83960
1, 0x838e0
0, 0x478d0
0, 0x83900
2, 2
3, 0
3, 0
3, 0
3, 0
3, 0
3, 0
3, 0
3, 0
3, 0
3, 0
3, 0
3, 0
3, 0
3, 0
1, 0x83900
0, 0x478f0
0, 0x83920
2, 2
3, 0
3, 0
3, 0
3, 0
3, 0
3, 0
3, 0
3, 0
3, 0
3, 0
3, 0
3, 0
3, 0
3, 0
1, 0x83920
0, 0x47910
0, 0x83940
2, 2
3, 0
3, 0
3, 0
3, 0
3, 0
3, 0
3, 0
3, 0
3, 0
3, 0
3, 0
3, 0
3, 0
3, 0
1, 0x83940
0, 0x47930
0, 0x83960
2, 2
3, 0
3, 0
3, 0
3, 0
3, 0
3, 0
3, 0
3, 0
3, 0
3, 0
3, 0
3, 0
3, 0
3, 0
0, 0x47950
0, 0x83980
0, 0x47970
0, 0x839a0
0, 0x47990
0, 0x839c0
0, 0x479b0
0, 0x839e0
1, 0x83960
0, 0x47950
0, 0x83980
2, 2
3, 0
3, 0
3, 0
3, 0
3, 0
3, 0
3, 0
3, 0
3, 0
3, 0
3, 0
3, 0
3, 0
3, 0
1, 0x83980
0, 0x47970
0, 0x839a0
2, 2
3, 0
3, 0
3, 0
3, 0
3, 0
3, 0
3, 0
3, 0
3, 0
3, 0
3, 0
3, 0
3, 0
3, 0
1, 0x839a0
0, 0x47990
0, 0x839c0
2, 2
3, 0
3, 0
3, 0
3, 0
3, 0
3, 0
3, 0
3, 0
3, 0
3, 0
3, 0
3, 0
3, 0
3, 0
1, 0x839c0
0, 0x479b0
0, 0x839e0
2, 2
3, 0
3, 0
3, 0
3, 0
3, 0
3, 0
3, 0
3, 0
3, 0
3, 0
3, 0
3, 0
3, 0
3, 0
0, 0x479d0
0, 0x83a00
0, 0x479f0
0, 0x83a20
0, 0x47a10
0, 0x83a40
0, 0x47a30
0, 0x83a60
1, 0x839e0
0, 0x479d0
0, 0x83a00
2, 2
3, 0
3, 0
3, 0
3, 0
3, 0
3, 0
3, 0
3, 0
3, 0
3, 0
3, 0
3, 0
3, 0
3, 0
1, 0x83a00
0, 0x479f0
0, 0x83a20
2, 2
3, 0
3, 0
3, 0
3, 0
3, 0
3, 0
3, 0
3, 0
3, 0
3, 0
3, 0
3, 0
3, 0
3, 0
1, 0x83a20
0, 0x47a10
0, 0x83a40
2, 2
3, 0
3, 0
3, 0
3, 0
3, 0
3, 0
3, 0
3, 0
3, 0
3, 0
3, 0
3, 0
3, 0
3, 0
1, 0x83a40
0, 0x47a30
0, 0x83a60
2, 2
3, 0
3, 0
3, 0
3, 0
3, 0
3, 0
3, 0
3, 0
3, 0
3, 0
3, 0
3, 0
3, 0
3, 0
0, 0x47a50
0, 0x83a80
0, 0x47a70
0, 0x83aa0
0, 0x47a90
0, 0x83ac0
0, 0x47ab0
0, 0x83ae0
1, 0x83a60
0, 0x47a50
0, 0x83a80
2, 2
3, 0
3, 0
3, 0
3, 0
3, 0
3, 0
3, 0
3, 0
3, 0
3, 0
3, 0
3, 0
3, 0
3, 0
1, 0x83a80
0, 0x47a70
0, 0x83aa0
2, 2
3, 0
3, 0
3, 0
3, 0
3, 0
3, 0
3, 0
3, 0
3, 0
3, 0
3, 0
3, 0
3, 0
3, 0
1, 0x83aa0
0, 0x47a90
0, 0x83ac0
2, 2
3, 0
3, 0
3, 0
3, 0
3, 0
3, 0
3, 0
3, 0
3, 0
3, 0
3, 0
3, 0
3, 0
3, 0
1, 0x83ac0
0, 0x47ab0
0, 0x83ae0
2, 2
3, 0
3, 0
3, 0
3, 0
3, 0
3, 0
3, 0
3, 0
3, 0
3, 0
3, 0
3, 0
3, 0
3, 0
0, 0x47ad0
0, 0x83b00
0, 0x47af0
0, 0x83b20
0, 0x47b10
0, 0x83b40
0, 0x47b30
0, 0x83b60
1, 0x83ae0
0, 0x47ad0
0, 0x83b00
2, 2
3, 0
3, 0
3, 0
3, 0
3, 0
3, 0
3, 0
3, 0
3, 0
3, 0
3, 0
3, 0
3, 0
3, 0
1, 0x83b00
0, 0x47af0
0, 0x83b20
2, 2
3, 0
3, 0
3, 0
3, 0
3, 0
3, 0
3, 0
3, 0
3, 0
3, 0
3, 0
3, 0
3, 0
3, 0
1, 0x83b20
0, 0x47b10
0, 0x83b40
2, 2
3, 0
3, 0
3, 0
3, 0
3, 0
3, 0
3, 0
3, 0
3, 0
3, 0
3, 0
3, 0
3, 0
3, 0
1, 0x83b40
0, 0x47b30
0, 0x83b60
2, 2
3, 0
3, 0
3, 0
3, 0
3, 0
3, 0
3, 0
3, 0
3, 0
3, 0
3, 0
3, 0
3, 0
3, 0
0, 0x47b50
0, 0x83b80
0, 0x47b70
0, 0x83ba0
0, 0x47b90
0, 0x83bc0
0, 0x47bb0
0, 0x83be0
1, 0x83b60
0, 0x47b50
0, 0x83b80
2, 2
3, 0
3, 0
3, 0
3, 0
3, 0
3, 0
3, 0
3, 0
3, 0
3, 0
3, 0
3, 0
3, 0
3, 0
1, 0x83b80
0, 0x47b70
0, 0x83ba0
2, 2
3, 0
3, 0
3, 0
3, 0
3, 0
3, 0
3, 0
3, 0
3, 0
3, 0
3, 0
3, 0
3, 0
3, 0
1, 0x83ba0
0, 0x47b90
0, 0x83bc0
2, 2
3, 0
3, 0
3, 0
3, 0
3, 0
3, 0
3, 0
3, 0
3, 0
3, 0
3, 0
3, 0
3, 0
3, 0
1, 0x83bc0
0, 0x47bb0
0, 0x83be0
2, 2
3, 0
3, 0
3, 0
3, 0
3, 0
3, 0
3, 0
3, 0
3, 0
3, 0
3, 0
3, 0
3, 0
3, 0
0, 0x47bd0
0, 0x83c00
0, 0x47bf0
0, 0x83c20
0, 0x47c10
0, 0x83c40
0, 0x47c30
0, 0x83c60
1, 0x83be0
0, 0x47bd0
0, 0x83c00
2, 2
3, 0
3, 0
3, 0
3, 0
3, 0
3, 0
3, 0
3, 0
3, 0
3, 0
3, 0
3, 0
3, 0
3, 0
1, 0x83c00
0, 0x47bf0
0, 0x83c20
2, 2
3, 0
3, 0
3, 0
3, 0
3, 0
3, 0
3, 0
3, 0
3, 0
3, 0
3, 0
3, 0
3, 0
3, 0
1, 0x83c20
0, 0x47c10
0, 0x83c40
2, 2
3, 0
3, 0
3, 0
3, 0
3, 0
3, 0
3, 0
3, 0
3, 0
3, 0
3, 0
3, 0
3, 0
3, 0
1, 0x83c40
0, 0x47c30
0, 0x83c60
2, 2
3, 0
3, 0
3, 0
3, 0
3, 0
3, 0
3, 0
3, 0
3, 0
3, 0
3, 0
3, 0
3, 0
3, 0
0, 0x47c50
0, 0x83c80
0, 0x47c70
0, 0x83ca0
0, 0x47c90
0, 0x83cc0
0, 0x47cb0
0, 0x83ce0
1, 0x83c60
0, 0x47c50
0, 0x83c80
2, 2
3, 0
3, 0
3, 0
3, 0
3, 0
3, 0
3, 0
3, 0
3, 0
3, 0
3, 0
3, 0
3, 0
3, 0
1, 0x83c80
0, 0x47c70
0, 0x83ca0
2, 2
3, 0
3, 0
3, 0
3, 0
3, 0
3, 0
3, 0
3, 0
3, 0
3, 0
3, 0
3, 0
3, 0
3, 0
1, 0x83ca0
0, 0x47c90
0, 0x83cc0
2, 2
3, 0
3, 0
3, 0
3, 0
3, 0
3, 0
3, 0
3, 0
3, 0
3, 0
3, 0
3, 0
3, 0
3, 0
1, 0x83cc0
0, 0x47cb0
0, 0x83ce0
2, 2
3, 0
3, 0
3, 0
3, 0
3, 0
3, 0
3, 0
3, 0
3, 0
3, 0
3, 0
3, 0
3, 0
3, 0
0, 0x47cd0
0, 0x83d00
0, 0x47cf0
0, 0x83d20
0, 0x47d10
0, 0x83d40
0, 0x47d30
0, 0x83d60
1, 0x83ce0
0, 0x47cd0
0, 0x83d00
2, 2
3, 0
3, 0
3, 0
3, 0
3, 0
3, 0
3, 0
3, 0
3, 0
3, 0
3, 0
3, 0
3, 0
3, 0
1, 0x83d00
0, 0x47cf0
0, 0x83d20
2, 2
3, 0
3, 0
3, 0
3, 0
3, 0
3, 0
3, 0
3, 0
3, 0
3, 0
3, 0
3, 0
3, 0
3, 0
1, 0x83d20
0, 0x47d10
0, 0x83d40
2, 2
3, 0
3, 0
3, 0
3, 0
3, 0
3, 0
3, 0
3, 0
3, 0
3, 0
3, 0
3, 0
3, 0
3, 0
1, 0x83d40
0, 0x47d30
0, 0x83d60
2, 2
3, 0
3, 0
3, 0
3, 0
3, 0
3, 0
3, 0
3, 0
3, 0
3, 0
3, 0
3, 0
3, 0
3, 0
0, 0x47d50
0, 0x83d80
0, 0x47d70
0, 0x83da0
0, 0x47d90
0, 0x83dc0
0, 0x47db0
0, 0x83de0
1, 0x83d60
0, 0x47d50
0, 0x83d80
2, 2
3, 0
3, 0
3, 0
3, 0
3, 0
3, 0
3, 0
3, 0
3, 0
3, 0
3, 0
3, 0
3, 0
3, 0
1, 0x83d80
0, 0x47d70
0, 0x83da0
2, 2
3, 0
3, 0
3, 0
3, 0
3, 0
3, 0
3, 0
3, 0
3, 0
3, 0
3, 0
3, 0
3, 0
3, 0
1, 0x83da0
0, 0x47d90
0, 0x83dc0
2, 2
3, 0
3, 0
3, 0
3, 0
3, 0
3, 0
3, 0
3, 0
3, 0
3, 0
3, 0
3, 0
3, 0
3, 0
1, 0x83dc0
0, 0x47db0
0, 0x83de0
2, 2
3, 0
3, 0
3, 0
3, 0
3, 0
3, 0
3, 0
3, 0
3, 0
3, 0
3, 0
3, 0
3, 0
3, 0
0, 0x47dd0
0, 0x83e00
0, 0x47df0
0, 0x83e20
0, 0x47e10
0, 0x83e40
0, 0x47e30
0, 0x83e60
1, 0x83de0
0, 0x47dd0
0, 0x83e00
2, 2
3, 0
3, 0
3, 0
3, 0
3, 0
3, 0
3, 0
3, 0
3, 0
3, 0
3, 0
3, 0
3, 0
3, 0
1, 0x83e00
0, 0x47df0
0, 0x83e20
2, 2
3, 0
3, 0
3, 0
3, 0
3, 0
3, 0
3, 0
3, 0
3, 0
3, 0
3, 0
3, 0
3, 0
3, 0
1, 0x83e20
0, 0x47e10
0, 0x83e40
2, 2
3, 0
3, 0
3, 0
3, 0
3, 0
3, 0
3, 0
3, 0
3, 0
3, 0
3, 0
3, 0
3, 0
3, 0
1, 0x83e40
0, 0x47e30
0, 0x83e60
2, 2
3, 0
3, 0
3, 0
3, 0
3, 0
3, 0
3, 0
3, 0
3, 0
3, 0
3, 0
3, 0
3, 0
3, 0
0, 0x47e50
0, 0x83e80
0, 0x47e70
0, 0x83ea0
0, 0x47e90
0, 0x83ec0
0, 0x47eb0
0, 0x83ee0
1, 0x83e60
0, 0x47e50
0, 0x83e80
2, 2
3, 0
3, 0
3, 0
3, 0
3, 0
3, 0
3, 0
3, 0
3, 0
3, 0
3, 0
3, 0
3, 0
3, 0
1, 0x83e80
0, 0x47e70
0, 0x83ea0
2, 2
3, 0
3, 0
3, 0
3, 0
3, 0
3, 0
3, 0
3, 0
3, 0
3, 0
3, 0
3, 0
3, 0
3, 0
1, 0x83ea0
0, 0x47e90
0, 0x83ec0
2, 2
3, 0
3, 0
3, 0
3, 0
3, 0
3, 0
3, 0
3, 0
3, 0
3, 0
3, 0
3, 0
3, 0
3, 0
1, 0x83ec0
0, 0x47eb0
0, 0x83ee0
2, 2
3, 0
3, 0
3, 0
3, 0
3, 0
3, 0
3, 0
3, 0
3, 0
3, 0
3, 0
3, 0
3, 0
3, 0
0, 0x47ed0
0, 0x83f00
0, 0x47ef0
0, 0x83f20
0, 0x47f10
0, 0x83f40
0, 0x47f30
0, 0x83f60
1, 0x83ee0
0, 0x47ed0
0, 0x83f00
2, 2
3, 0
3, 0
3, 0
3, 0
3, 0
3, 0
3, 0
3, 0
3, 0
3, 0
3, 0
3, 0
3, 0
3, 0
1, 0x83f00
0, 0x47ef0
0, 0x83f20
2, 2
3, 0
3, 0
3, 0
3, 0
3, 0
3, 0
3, 0
3, 0
3, 0
3, 0
3, 0
3, 0
3, 0
3, 0
1, 0x83f20
0, 0x47f10
0, 0x83f40
2, 2
3, 0
3, 0
3, 0
3, 0
3, 0
3, 0
3, 0
3, 0
3, 0
3, 0
3, 0
3, 0
3, 0
3, 0
1, 0x83f40
0, 0x47f30
0, 0x83f60
2, 2
3, 0
3, 0
3, 0
3, 0
3, 0
3, 0
3, 0
3, 0
3, 0
3, 0
3, 0
3, 0
3, 0
3, 0
0, 0x47f50
0, 0x83f80
0, 0x47f70
0, 0x83fa0
0, 0x47f90
0, 0x83fc0
0, 0x47fb0
0, 0x83fe0
1, 0x83f60
0, 0x47f50
0, 0x83f80
2, 2
3, 0
3, 0
3, 0
3, 0
3, 0
3, 0
3, 0
3, 0
3, 0
3, 0
3, 0
3, 0
3, 0
3, 0
1, 0x83f80
0, 0x47f70
0, 0x83fa0
2, 2
3, 0
3, 0
3, 0
3, 0
3, 0
3, 0
3, 0
3, 0
3, 0
3, 0
3, 0
3, 0
3, 0
3, 0
1, 0x83fa0
0, 0x47f90
0, 0x83fc0
2, 2
3, 0
3, 0
3, 0
3, 0
3, 0
3, 0
3, 0
3, 0
3, 0
3, 0
3, 0
3, 0
3, 0
3, 0
1, 0x83fc0
0, 0x47fb0
0, 0x83fe0
2, 2
3, 0
3, 0
3, 0
3, 0
3, 0
3, 0
3, 0
3, 0
3, 0
3, 0
3, 0
3, 0
3, 0
3, 0
0, 0x47fd0
0, 0x84000
0, 0x47ff0
0, 0x84020
0, 0x48010
0, 0x84040
0, 0x48030
0, 0x84060
1, 0x83fe0
0, 0x47fd0
0, 0x84000
2, 2
3, 0
3, 0
3, 0
3, 0
3, 0
3, 0
3, 0
3, 0
3, 0
3, 0
3, 0
3, 0
3, 0
3, 0
1, 0x84000
0, 0x47ff0
0, 0x84020
2, 2
3, 0
3, 0
3, 0
3, 0
3, 0
3, 0
3, 0
3, 0
3, 0
3, 0
3, 0
3, 0
3, 0
3, 0
1, 0x84020
0, 0x48010
0, 0x84040
2, 2
3, 0
3, 0
3, 0
3, 0
3, 0
3, 0
3, 0
3, 0
3, 0
3, 0
3, 0
3, 0
3, 0
3, 0
1, 0x84040
0, 0x48030
0, 0x84060
2, 2
3, 0
3, 0
3, 0
3, 0
3, 0
3, 0
3, 0
3, 0
3, 0
3, 0
3, 0
3, 0
3, 0
3, 0
0, 0x48050
0, 0x84080
0, 0x48070
0, 0x840a0
0, 0x48090
0, 0x840c0
0, 0x480b0
0, 0x840e0
1, 0x84060
0, 0x48050
0, 0x84080
2, 2
3, 0
3, 0
3, 0
3, 0
3, 0
3, 0
3, 0
3, 0
3, 0
3, 0
3, 0
3, 0
3, 0
3, 0
1, 0x84080
0, 0x48070
0, 0x840a0
2, 2
3, 0
3, 0
3, 0
3, 0
3, 0
3, 0
3, 0
3, 0
3, 0
3, 0
3, 0
3, 0
3, 0
3, 0
1, 0x840a0
0, 0x48090
0, 0x840c0
2, 2
3, 0
3, 0
3, 0
3, 0
3, 0
3, 0
3, 0
3, 0
3, 0
3, 0
3, 0
3, 0
3, 0
3, 0
1, 0x840c0
0, 0x480b0
0, 0x840e0
2, 2
3, 0
3, 0
3, 0
3, 0
3, 0
3, 0
3, 0
3, 0
3, 0
3, 0
3, 0
3, 0
3, 0
3, 0
0, 0x480d0
0, 0x84100
0, 0x480f0
0, 0x84120
0, 0x48110
0, 0x84140
0, 0x48130
0, 0x84160
1, 0x840e0
0, 0x480d0
0, 0x84100
2, 2
3, 0
3, 0
3, 0
3, 0
3, 0
3, 0
3, 0
3, 0
3, 0
3, 0
3, 0
3, 0
3, 0
3, 0
1, 0x84100
0, 0x480f0
0, 0x84120
2, 2
3, 0
3, 0
3, 0
3, 0
3, 0
3, 0
3, 0
3, 0
3, 0
3, 0
3, 0
3, 0
3, 0
3, 0
1, 0x84120
0, 0x48110
0, 0x84140
2, 2
3, 0
3, 0
3, 0
3, 0
3, 0
3, 0
3, 0
3, 0
3, 0
3, 0
3, 0
3, 0
3, 0
3, 0
1, 0x84140
0, 0x48130
0, 0x84160
2, 2
3, 0
3, 0
3, 0
3, 0
3, 0
3, 0
3, 0
3, 0
3, 0
3, 0
3, 0
3, 0
3, 0
3, 0
0, 0x48150
0, 0x84180
0, 0x48170
0, 0x841a0
0, 0x48190
0, 0x841c0
0, 0x481b0
0, 0x841e0
1, 0x84160
0, 0x48150
0, 0x84180
2, 2
3, 0
3, 0
3, 0
3, 0
3, 0
3, 0
3, 0
3, 0
3, 0
3, 0
3, 0
3, 0
3, 0
3, 0
1, 0x84180
0, 0x48170
0, 0x841a0
2, 2
3, 0
3, 0
3, 0
3, 0
3, 0
3, 0
3, 0
3, 0
3, 0
3, 0
3, 0
3, 0
3, 0
3, 0
1, 0x841a0
0, 0x48190
0, 0x841c0
2, 2
3, 0
3, 0
3, 0
3, 0
3, 0
3, 0
3, 0
3, 0
3, 0
3, 0
3, 0
3, 0
3, 0
3, 0
1, 0x841c0
0, 0x481b0
0, 0x841e0
2, 2
3, 0
3, 0
3, 0
3, 0
3, 0
3, 0
3, 0
3, 0
3, 0
3, 0
3, 0
3, 0
3, 0
3, 0
0, 0x481d0
0, 0x84200
0, 0x481f0
0, 0x84220
0, 0x48210
0, 0x84240
0, 0x48230
0, 0x84260
1, 0x841e0
0, 0x481d0
0, 0x84200
2, 2
3, 0
3, 0
3, 0
3, 0
3, 0
3, 0
3, 0
3, 0
3, 0
3, 0
3, 0
3, 0
3, 0
3, 0
1, 0x84200
0, 0x481f0
0, 0x84220
2, 2
3, 0
3, 0
3, 0
3, 0
3, 0
3, 0
3, 0
3, 0
3, 0
3, 0
3, 0
3, 0
3, 0
3, 0
1, 0x84220
0, 0x48210
0, 0x84240
2, 2
3, 0
3, 0
3, 0
3, 0
3, 0
3, 0
3, 0
3, 0
3, 0
3, 0
3, 0
3, 0
3, 0
3, 0
1, 0x84240
0, 0x48230
0, 0x84260
2, 2
3, 0
3, 0
3, 0
3, 0
3, 0
3, 0
3, 0
3, 0
3, 0
3, 0
3, 0
3, 0
3, 0
3, 0
0, 0x48250
0, 0x84280
0, 0x48270
0, 0x842a0
0, 0x48290
0, 0x842c0
0, 0x482b0
0, 0x842e0
1, 0x84260
0, 0x48250
0, 0x84280
2, 2
3, 0
3, 0
3, 0
3, 0
3, 0
3, 0
3, 0
3, 0
3, 0
3, 0
3, 0
3, 0
3, 0
3, 0
1, 0x84280
0, 0x48270
0, 0x842a0
2, 2
3, 0
3, 0
3, 0
3, 0
3, 0
3, 0
3, 0
3, 0
3, 0
3, 0
3, 0
3, 0
3, 0
3, 0
1, 0x842a0
0, 0x48290
0, 0x842c0
2, 2
3, 0
3, 0
3, 0
3, 0
3, 0
3, 0
3, 0
3, 0
3, 0
3, 0
3, 0
3, 0
3, 0
3, 0
1, 0x842c0
0, 0x482b0
0, 0x842e0
2, 2
3, 0
3, 0
3, 0
3, 0
3, 0
3, 0
3, 0
3, 0
3, 0
3, 0
3, 0
3, 0
3, 0
3, 0
0, 0x482d0
0, 0x84300
0, 0x482f0
0, 0x84320
0, 0x48310
0, 0x84340
0, 0x48330
0, 0x84360
1, 0x842e0
0, 0x482d0
0, 0x84300
2, 2
3, 0
3, 0
3, 0
3, 0
3, 0
3, 0
3, 0
3, 0
3, 0
3, 0
3, 0
3, 0
3, 0
3, 0
1, 0x84300
0, 0x482f0
0, 0x84320
2, 2
3, 0
3, 0
3, 0
3, 0
3, 0
3, 0
3, 0
3, 0
3, 0
3, 0
3, 0
3, 0
3, 0
3, 0
1, 0x84320
0, 0x48310
0, 0x84340
2, 2
3, 0
3, 0
3, 0
3, 0
3, 0
3, 0
3, 0
3, 0
3, 0
3, 0
3, 0
3, 0
3, 0
3, 0
1, 0x84340
0, 0x48330
0, 0x84360
2, 2
3, 0
3, 0
3, 0
3, 0
3, 0
3, 0
3, 0
3, 0
3, 0
3, 0
3, 0
3, 0
3, 0
3, 0
0, 0x48350
0, 0x84380
0, 0x48370
0, 0x843a0
0, 0x48390
0, 0x843c0
0, 0x483b0
0, 0x843e0
1, 0x84360
0, 0x48350
0, 0x84380
2, 2
3, 0
3, 0
3, 0
3, 0
3, 0
3, 0
3, 0
3, 0
3, 0
3, 0
3, 0
3, 0
3, 0
3, 0
1, 0x84380
0, 0x48370
0, 0x843a0
2, 2
3, 0
3, 0
3, 0
3, 0
3, 0
3, 0
3, 0
3, 0
3, 0
3, 0
3, 0
3, 0
3, 0
3, 0
1, 0x843a0
0, 0x48390
0, 0x843c0
2, 2
3, 0
3, 0
3, 0
3, 0
3, 0
3, 0
3, 0
3, 0
3, 0
3, 0
3, 0
3, 0
3, 0
3, 0
1, 0x843c0
0, 0x483b0
0, 0x843e0
2, 2
3, 0
3, 0
3, 0
3, 0
3, 0
3, 0
3, 0
3, 0
3, 0
3, 0
3, 0
3, 0
3, 0
3, 0
0, 0x483d0
0, 0x84400
0, 0x483f0
0, 0x84420
0, 0x48410
0, 0x84440
0, 0x48430
0, 0x84460
1, 0x843e0
0, 0x483d0
0, 0x84400
2, 2
3, 0
3, 0
3, 0
3, 0
3, 0
3, 0
3, 0
3, 0
3, 0
3, 0
3, 0
3, 0
3, 0
3, 0
1, 0x84400
0, 0x483f0
0, 0x84420
2, 2
3, 0
3, 0
3, 0
3, 0
3, 0
3, 0
3, 0
3, 0
3, 0
3, 0
3, 0
3, 0
3, 0
3, 0
1, 0x84420
0, 0x48410
0, 0x84440
2, 2
3, 0
3, 0
3, 0
3, 0
3, 0
3, 0
3, 0
3, 0
3, 0
3, 0
3, 0
3, 0
3, 0
3, 0
1, 0x84440
0, 0x48430
0, 0x84460
2, 2
3, 0
3, 0
3, 0
3, 0
3, 0
3, 0
3, 0
3, 0
3, 0
3, 0
3, 0
3, 0
3, 0
3, 0
0, 0x48450
0, 0x84480
0, 0x48470
0, 0x844a0
0, 0x48490
0, 0x844c0
0, 0x484b0
0, 0x844e0
1, 0x84460
0, 0x48450
0, 0x84480
2, 2
3, 0
3, 0
3, 0
3, 0
3, 0
3, 0
3, 0
3, 0
3, 0
3, 0
3, 0
3, 0
3, 0
3, 0
1, 0x84480
0, 0x48470
0, 0x844a0
2, 2
3, 0
3, 0
3, 0
3, 0
3, 0
3, 0
3, 0
3, 0
3, 0
3, 0
3, 0
3, 0
3, 0
3, 0
1, 0x844a0
0, 0x48490
0, 0x844c0
2, 2
3, 0
3, 0
3, 0
3, 0
3, 0
3, 0
3, 0
3, 0
3, 0
3, 0
3, 0
3, 0
3, 0
3, 0
1, 0x844c0
0, 0x484b0
0, 0x844e0
2, 2
3, 0
3, 0
3, 0
3, 0
3, 0
3, 0
3, 0
3, 0
3, 0
3, 0
3, 0
3, 0
3, 0
3, 0
0, 0x484d0
0, 0x84500
0, 0x484f0
0, 0x84520
0, 0x48510
0, 0x84540
0, 0x48530
0, 0x84560
1, 0x844e0
0, 0x484d0
0, 0x84500
2, 2
3, 0
3, 0
3, 0
3, 0
3, 0
3, 0
3, 0
3, 0
3, 0
3, 0
3, 0
3, 0
3, 0
3, 0
1, 0x84500
0, 0x484f0
0, 0x84520
2, 2
3, 0
3, 0
3, 0
3, 0
3, 0
3, 0
3, 0
3, 0
3, 0
3, 0
3, 0
3, 0
3, 0
3, 0
1, 0x84520
0, 0x48510
0, 0x84540
2, 2
3, 0
3, 0
3, 0
3, 0
3, 0
3, 0
3, 0
3, 0
3, 0
3, 0
3, 0
3, 0
3, 0
3, 0
1, 0x84540
0, 0x48530
0, 0x84560
2, 2
3, 0
3, 0
3, 0
3, 0
3, 0
3, 0
3, 0
3, 0
3, 0
3, 0
3, 0
3, 0
3, 0
3, 0
0, 0x48550
0, 0x84580
0, 0x48570
0, 0x845a0
0, 0x48590
0, 0x845c0
0, 0x485b0
0, 0x845e0
1, 0x84560
0, 0x48550
0, 0x84580
2, 2
3, 0
3, 0
3, 0
3, 0
3, 0
3, 0
3, 0
3, 0
3, 0
3, 0
3, 0
3, 0
3, 0
3, 0
1, 0x84580
0, 0x48570
0, 0x845a0
2, 2
3, 0
3, 0
3, 0
3, 0
3, 0
3, 0
3, 0
3, 0
3, 0
3, 0
3, 0
3, 0
3, 0
3, 0
1, 0x845a0
0, 0x48590
0, 0x845c0
2, 2
3, 0
3, 0
3, 0
3, 0
3, 0
3, 0
3, 0
3, 0
3, 0
3, 0
3, 0
3, 0
3, 0
3, 0
1, 0x845c0
0, 0x485b0
0, 0x845e0
2, 2
3, 0
3, 0
3, 0
3, 0
3, 0
3, 0
3, 0
3, 0
3, 0
3, 0
3, 0
3, 0
3, 0
3, 0
0, 0x485d0
0, 0x84600
0, 0x485f0
0, 0x84620
0, 0x48610
0, 0x84640
0, 0x48630
0, 0x84660
1, 0x845e0
0, 0x485d0
0, 0x84600
2, 2
3, 0
3, 0
3, 0
3, 0
3, 0
3, 0
3, 0
3, 0
3, 0
3, 0
3, 0
3, 0
3, 0
3, 0
1, 0x84600
0, 0x485f0
0, 0x84620
2, 2
3, 0
3, 0
3, 0
3, 0
3, 0
3, 0
3, 0
3, 0
3, 0
3, 0
3, 0
3, 0
3, 0
3, 0
1, 0x84620
0, 0x48610
0, 0x84640
2, 2
3, 0
3, 0
3, 0
3, 0
3, 0
3, 0
3, 0
3, 0
3, 0
3, 0
3, 0
3, 0
3, 0
3, 0
1, 0x84640
0, 0x48630
0, 0x84660
2, 2
3, 0
3, 0
3, 0
3, 0
3, 0
3, 0
3, 0
3, 0
3, 0
3, 0
3, 0
3, 0
3, 0
3, 0
0, 0x48650
0, 0x84680
0, 0x48670
0, 0x846a0
0, 0x48690
0, 0x846c0
0, 0x486b0
0, 0x846e0
1, 0x84660
0, 0x48650
0, 0x84680
2, 2
3, 0
3, 0
3, 0
3, 0
3, 0
3, 0
3, 0
3, 0
3, 0
3, 0
3, 0
3, 0
3, 0
3, 0
1, 0x84680
0, 0x48670
0, 0x846a0
2, 2
3, 0
3, 0
3, 0
3, 0
3, 0
3, 0
3, 0
3, 0
3, 0
3, 0
3, 0
3, 0
3, 0
3, 0
1, 0x846a0
0, 0x48690
0, 0x846c0
2, 2
3, 0
3, 0
3, 0
3, 0
3, 0
3, 0
3, 0
3, 0
3, 0
3, 0
3, 0
3, 0
3, 0
3, 0
1, 0x846c0
0, 0x486b0
0, 0x846e0
2, 2
3, 0
3, 0
3, 0
3, 0
3, 0
3, 0
3, 0
3, 0
3, 0
3, 0
3, 0
3, 0
3, 0
3, 0
0, 0x486d0
0, 0x84700
0, 0x486f0
0, 0x84720
0, 0x48710
0, 0x84740
0, 0x48730
0, 0x84760
1, 0x846e0
0, 0x486d0
0, 0x84700
2, 2
3, 0
3, 0
3, 0
3, 0
3, 0
3, 0
3, 0
3, 0
3, 0
3, 0
3, 0
3, 0
3, 0
3, 0
1, 0x84700
0, 0x486f0
0, 0x84720
2, 2
3, 0
3, 0
3, 0
3, 0
3, 0
3, 0
3, 0
3, 0
3, 0
3, 0
3, 0
3, 0
3, 0
3, 0
1, 0x84720
0, 0x48710
0, 0x84740
2, 2
3, 0
3, 0
3, 0
3, 0
3, 0
3, 0
3, 0
3, 0
3, 0
3, 0
3, 0
3, 0
3, 0
3, 0
1, 0x84740
0, 0x48730
0, 0x84760
2, 2
3, 0
3, 0
3, 0
3, 0
3, 0
3, 0
3, 0
3, 0
3, 0
3, 0
3, 0
3, 0
3, 0
3, 0
0, 0x48750
0, 0x84780
0, 0x48770
0, 0x847a0
0, 0x48790
0, 0x847c0
0, 0x487b0
0, 0x847e0
1, 0x84760
0, 0x48750
0, 0x84780
2, 2
3, 0
3, 0
3, 0
3, 0
3, 0
3, 0
3, 0
3, 0
3, 0
3, 0
3, 0
3, 0
3, 0
3, 0
1, 0x84780
0, 0x48770
0, 0x847a0
2, 2
3, 0
3, 0
3, 0
3, 0
3, 0
3, 0
3, 0
3, 0
3, 0
3, 0
3, 0
3, 0
3, 0
3, 0
1, 0x847a0
0, 0x48790
0, 0x847c0
2, 2
3, 0
3, 0
3, 0
3, 0
3, 0
3, 0
3, 0
3, 0
3, 0
3, 0
3, 0
3, 0
3, 0
3, 0
1, 0x847c0
0, 0x487b0
0, 0x847e0
2, 2
3, 0
3, 0
3, 0
3, 0
3, 0
3, 0
3, 0
3, 0
3, 0
3, 0
3, 0
3, 0
3, 0
3, 0
0, 0x487d0
0, 0x84800
0, 0x487f0
0, 0x84820
0, 0x48810
0, 0x84840
0, 0x48830
0, 0x84860
1, 0x847e0
0, 0x487d0
0, 0x84800
2, 2
3, 0
3, 0
3, 0
3, 0
3, 0
3, 0
3, 0
3, 0
3, 0
3, 0
3, 0
3, 0
3, 0
3, 0
1, 0x84800
0, 0x487f0
0, 0x84820
2, 2
3, 0
3, 0
3, 0
3, 0
3, 0
3, 0
3, 0
3, 0
3, 0
3, 0
3, 0
3, 0
3, 0
3, 0
1, 0x84820
0, 0x48810
0, 0x84840
2, 2
3, 0
3, 0
3, 0
3, 0
3, 0
3, 0
3, 0
3, 0
3, 0
3, 0
3, 0
3, 0
3, 0
3, 0
1, 0x84840
0, 0x48830
0, 0x84860
2, 2
3, 0
3, 0
3, 0
3, 0
3, 0
3, 0
3, 0
3, 0
3, 0
3, 0
3, 0
3, 0
3, 0
3, 0
0, 0x48850
0, 0x84880
0, 0x48870
0, 0x848a0
0, 0x48890
0, 0x848c0
0, 0x488b0
0, 0x848e0
1, 0x84860
0, 0x48850
0, 0x84880
2, 2
3, 0
3, 0
3, 0
3, 0
3, 0
3, 0
3, 0
3, 0
3, 0
3, 0
3, 0
3, 0
3, 0
3, 0
1, 0x84880
0, 0x48870
0, 0x848a0
2, 2
3, 0
3, 0
3, 0
3, 0
3, 0
3, 0
3, 0
3, 0
3, 0
3, 0
3, 0
3, 0
3, 0
3, 0
1, 0x848a0
0, 0x48890
0, 0x848c0
2, 2
3, 0
3, 0
3, 0
3, 0
3, 0
3, 0
3, 0
3, 0
3, 0
3, 0
3, 0
3, 0
3, 0
3, 0
1, 0x848c0
0, 0x488b0
0, 0x848e0
2, 2
3, 0
3, 0
3, 0
3, 0
3, 0
3, 0
3, 0
3, 0
3, 0
3, 0
3, 0
3, 0
3, 0
3, 0
0, 0x488d0
0, 0x84900
0, 0x488f0
0, 0x84920
0, 0x48910
0, 0x84940
0, 0x48930
0, 0x84960
1, 0x848e0
0, 0x488d0
0, 0x84900
2, 2
3, 0
3, 0
3, 0
3, 0
3, 0
3, 0
3, 0
3, 0
3, 0
3, 0
3, 0
3, 0
3, 0
3, 0
1, 0x84900
0, 0x488f0
0, 0x84920
2, 2
3, 0
3, 0
3, 0
3, 0
3, 0
3, 0
3, 0
3, 0
3, 0
3, 0
3, 0
3, 0
3, 0
3, 0
1, 0x84920
0, 0x48910
0, 0x84940
2, 2
3, 0
3, 0
3, 0
3, 0
3, 0
3, 0
3, 0
3, 0
3, 0
3, 0
3, 0
3, 0
3, 0
3, 0
1, 0x84940
0, 0x48930
0, 0x84960
2, 2
3, 0
3, 0
3, 0
3, 0
3, 0
3, 0
3, 0
3, 0
3, 0
3, 0
3, 0
3, 0
3, 0
3, 0
0, 0x48950
0, 0x84980
0, 0x48970
0, 0x849a0
0, 0x48990
0, 0x849c0
0, 0x489b0
0, 0x849e0
1, 0x84960
0, 0x48950
0, 0x84980
2, 2
3, 0
3, 0
3, 0
3, 0
3, 0
3, 0
3, 0
3, 0
3, 0
3, 0
3, 0
3, 0
3, 0
3, 0
1, 0x84980
0, 0x48970
0, 0x849a0
2, 2
3, 0
3, 0
3, 0
3, 0
3, 0
3, 0
3, 0
3, 0
3, 0
3, 0
3, 0
3, 0
3, 0
3, 0
1, 0x849a0
0, 0x48990
0, 0x849c0
2, 2
3, 0
3, 0
3, 0
3, 0
3, 0
3, 0
3, 0
3, 0
3, 0
3, 0
3, 0
3, 0
3, 0
3, 0
1, 0x849c0
0, 0x489b0
0, 0x849e0
2, 2
3, 0
3, 0
3, 0
3, 0
3, 0
3, 0
3, 0
3, 0
3, 0
3, 0
3, 0
3, 0
3, 0
3, 0
0, 0x489d0
0, 0x84a00
0, 0x489f0
0, 0x84a20
0, 0x48a10
0, 0x84a40
0, 0x48a30
0, 0x84a60
1, 0x849e0
0, 0x489d0
0, 0x84a00
2, 2
3, 0
3, 0
3, 0
3, 0
3, 0
3, 0
3, 0
3, 0
3, 0
3, 0
3, 0
3, 0
3, 0
3, 0
1, 0x84a00
0, 0x489f0
0, 0x84a20
2, 2
3, 0
3, 0
3, 0
3, 0
3, 0
3, 0
3, 0
3, 0
3, 0
3, 0
3, 0
3, 0
3, 0
3, 0
1, 0x84a20
0, 0x48a10
0, 0x84a40
2, 2
3, 0
3, 0
3, 0
3, 0
3, 0
3, 0
3, 0
3, 0
3, 0
3, 0
3, 0
3, 0
3, 0
3, 0
1, 0x84a40
0, 0x48a30
0, 0x84a60
2, 2
3, 0
3, 0
3, 0
3, 0
3, 0
3, 0
3, 0
3, 0
3, 0
3, 0
3, 0
3, 0
3, 0
3, 0
0, 0x48a50
0, 0x84a80
0, 0x48a70
0, 0x84aa0
0, 0x48a90
0, 0x84ac0
0, 0x48ab0
0, 0x84ae0
1, 0x84a60
0, 0x48a50
0, 0x84a80
2, 2
3, 0
3, 0
3, 0
3, 0
3, 0
3, 0
3, 0
3, 0
3, 0
3, 0
3, 0
3, 0
3, 0
3, 0
1, 0x84a80
0, 0x48a70
0, 0x84aa0
2, 2
3, 0
3, 0
3, 0
3, 0
3, 0
3, 0
3, 0
3, 0
3, 0
3, 0
3, 0
3, 0
3, 0
3, 0
1, 0x84aa0
0, 0x48a90
0, 0x84ac0
2, 2
3, 0
3, 0
3, 0
3, 0
3, 0
3, 0
3, 0
3, 0
3, 0
3, 0
3, 0
3, 0
3, 0
3, 0
1, 0x84ac0
0, 0x48ab0
0, 0x84ae0
2, 2
3, 0
3, 0
3, 0
3, 0
3, 0
3, 0
3, 0
3, 0
3, 0
3, 0
3, 0
3, 0
3, 0
3, 0
0, 0x48ad0
0, 0x84b00
0, 0x48af0
0, 0x84b20
0, 0x48b10
0, 0x84b40
0, 0x48b30
0, 0x84b60
1, 0x84ae0
0, 0x48ad0
0, 0x84b00
2, 2
3, 0
3, 0
3, 0
3, 0
3, 0
3, 0
3, 0
3, 0
3, 0
3, 0
3, 0
3, 0
3, 0
3, 0
1, 0x84b00
0, 0x48af0
0, 0x84b20
2, 2
3, 0
3, 0
3, 0
3, 0
3, 0
3, 0
3, 0
3, 0
3, 0
3, 0
3, 0
3, 0
3, 0
3, 0
1, 0x84b20
0, 0x48b10
0, 0x84b40
2, 2
3, 0
3, 0
3, 0
3, 0
3, 0
3, 0
3, 0
3, 0
3, 0
3, 0
3, 0
3, 0
3, 0
3, 0
1, 0x84b40
0, 0x48b30
0, 0x84b60
2, 2
3, 0
3, 0
3, 0
3, 0
3, 0
3, 0
3, 0
3, 0
3, 0
3, 0
3, 0
3, 0
3, 0
3, 0
0, 0x48b50
0, 0x84b80
0, 0x48b70
0, 0x84ba0
0, 0x48b90
0, 0x84bc0
0, 0x48bb0
0, 0x84be0
1, 0x84b60
0, 0x48b50
0, 0x84b80
2, 2
3, 0
3, 0
3, 0
3, 0
3, 0
3, 0
3, 0
3, 0
3, 0
3, 0
3, 0
3, 0
3, 0
3, 0
1, 0x84b80
0, 0x48b70
0, 0x84ba0
2, 2
3, 0
3, 0
3, 0
3, 0
3, 0
3, 0
3, 0
3, 0
3, 0
3, 0
3, 0
3, 0
3, 0
3, 0
1, 0x84ba0
0, 0x48b90
0, 0x84bc0
2, 2
3, 0
3, 0
3, 0
3, 0
3, 0
3, 0
3, 0
3, 0
3, 0
3, 0
3, 0
3, 0
3, 0
3, 0
1, 0x84bc0
0, 0x48bb0
0, 0x84be0
2, 2
3, 0
3, 0
3, 0
3, 0
3, 0
3, 0
3, 0
3, 0
3, 0
3, 0
3, 0
3, 0
3, 0
3, 0
0, 0x48bd0
0, 0x84c00
0, 0x48bf0
0, 0x84c20
0, 0x48c10
0, 0x84c40
0, 0x48c30
0, 0x84c60
1, 0x84be0
0, 0x48bd0
0, 0x84c00
2, 2
3, 0
3, 0
3, 0
3, 0
3, 0
3, 0
3, 0
3, 0
3, 0
3, 0
3, 0
3, 0
3, 0
3, 0
1, 0x84c00
0, 0x48bf0
0, 0x84c20
2, 2
3, 0
3, 0
3, 0
3, 0
3, 0
3, 0
3, 0
3, 0
3, 0
3, 0
3, 0
3, 0
3, 0
3, 0
1, 0x84c20
0, 0x48c10
0, 0x84c40
2, 2
3, 0
3, 0
3, 0
3, 0
3, 0
3, 0
3, 0
3, 0
3, 0
3, 0
3, 0
3, 0
3, 0
3, 0
1, 0x84c40
0, 0x48c30
0, 0x84c60
2, 2
3, 0
3, 0
3, 0
3, 0
3, 0
3, 0
3, 0
3, 0
3, 0
3, 0
3, 0
3, 0
3, 0
3, 0
0, 0x48c50
0, 0x84c80
0, 0x48c70
0, 0x84ca0
0, 0x48c90
0, 0x84cc0
0, 0x48cb0
0, 0x84ce0
1, 0x84c60
0, 0x48c50
0, 0x84c80
2, 2
3, 0
3, 0
3, 0
3, 0
3, 0
3, 0
3, 0
3, 0
3, 0
3, 0
3, 0
3, 0
3, 0
3, 0
1, 0x84c80
0, 0x48c70
0, 0x84ca0
2, 2
3, 0
3, 0
3, 0
3, 0
3, 0
3, 0
3, 0
3, 0
3, 0
3, 0
3, 0
3, 0
3, 0
3, 0
1, 0x84ca0
0, 0x48c90
0, 0x84cc0
2, 2
3, 0
3, 0
3, 0
3, 0
3, 0
3, 0
3, 0
3, 0
3, 0
3, 0
3, 0
3, 0
3, 0
3, 0
1, 0x84cc0
0, 0x48cb0
0, 0x84ce0
2, 2
3, 0
3, 0
3, 0
3, 0
3, 0
3, 0
3, 0
3, 0
3, 0
3, 0
3, 0
3, 0
3, 0
3, 0
0, 0x48cd0
0, 0x84d00
0, 0x48cf0
0, 0x84d20
0, 0x48d10
0, 0x84d40
0, 0x48d30
0, 0x84d60
1, 0x84ce0
0, 0x48cd0
0, 0x84d00
2, 2
3, 0
3, 0
3, 0
3, 0
3, 0
3, 0
3, 0
3, 0
3, 0
3, 0
3, 0
3, 0
3, 0
3, 0
1, 0x84d00
0, 0x48cf0
0, 0x84d20
2, 2
3, 0
3, 0
3, 0
3, 0
3, 0
3, 0
3, 0
3, 0
3, 0
3, 0
3, 0
3, 0
3, 0
3, 0
1, 0x84d20
0, 0x48d10
0, 0x84d40
2, 2
3, 0
3, 0
3, 0
3, 0
3, 0
3, 0
3, 0
3, 0
3, 0
3, 0
3, 0
3, 0
3, 0
3, 0
1, 0x84d40
0, 0x48d30
0, 0x84d60
2, 2
3, 0
3, 0
3, 0
3, 0
3, 0
3, 0
3, 0
3, 0
3, 0
3, 0
3, 0
3, 0
3, 0
3, 0
0, 0x48d50
0, 0x84d80
0, 0x48d70
0, 0x84da0
0, 0x48d90
0, 0x84dc0
0, 0x48db0
0, 0x84de0
1, 0x84d60
0, 0x48d50
0, 0x84d80
2, 2
3, 0
3, 0
3, 0
3, 0
3, 0
3, 0
3, 0
3, 0
3, 0
3, 0
3, 0
3, 0
3, 0
3, 0
1, 0x84d80
0, 0x48d70
0, 0x84da0
2, 2
3, 0
3, 0
3, 0
3, 0
3, 0
3, 0
3, 0
3, 0
3, 0
3, 0
3, 0
3, 0
3, 0
3, 0
1, 0x84da0
0, 0x48d90
0, 0x84dc0
2, 2
3, 0
3, 0
3, 0
3, 0
3, 0
3, 0
3, 0
3, 0
3, 0
3, 0
3, 0
3, 0
3, 0
3, 0
1, 0x84dc0
0, 0x48db0
0, 0x84de0
2, 2
3, 0
3, 0
3, 0
3, 0
3, 0
3, 0
3, 0
3, 0
3, 0
3, 0
3, 0
3, 0
3, 0
3, 0
0, 0x48dd0
0, 0x84e00
0, 0x48df0
0, 0x84e20
0, 0x48e10
0, 0x84e40
0, 0x48e30
0, 0x84e60
1, 0x84de0
0, 0x48dd0
0, 0x84e00
2, 2
3, 0
3, 0
3, 0
3, 0
3, 0
3, 0
3, 0
3, 0
3, 0
3, 0
3, 0
3, 0
3, 0
3, 0
1, 0x84e00
0, 0x48df0
0, 0x84e20
2, 2
3, 0
3, 0
3, 0
3, 0
3, 0
3, 0
3, 0
3, 0
3, 0
3, 0
3, 0
3, 0
3, 0
3, 0
1, 0x84e20
0, 0x48e10
0, 0x84e40
2, 2
3, 0
3, 0
3, 0
3, 0
3, 0
3, 0
3, 0
3, 0
3, 0
3, 0
3, 0
3, 0
3, 0
3, 0
1, 0x84e40
0, 0x48e30
0, 0x84e60
2, 2
3, 0
3, 0
3, 0
3, 0
3, 0
3, 0
3, 0
3, 0
3, 0
3, 0
3, 0
3, 0
3, 0
3, 0
0, 0x48e50
0, 0x84e80
0, 0x48e70
0, 0x84ea0
0, 0x48e90
0, 0x84ec0
0, 0x48eb0
0, 0x84ee0
1, 0x84e60
0, 0x48e50
0, 0x84e80
2, 2
3, 0
3, 0
3, 0
3, 0
3, 0
3, 0
3, 0
3, 0
3, 0
3, 0
3, 0
3, 0
3, 0
3, 0
1, 0x84e80
0, 0x48e70
0, 0x84ea0
2, 2
3, 0
3, 0
3, 0
3, 0
3, 0
3, 0
3, 0
3, 0
3, 0
3, 0
3, 0
3, 0
3, 0
3, 0
1, 0x84ea0
0, 0x48e90
0, 0x84ec0
2, 2
3, 0
3, 0
3, 0
3, 0
3, 0
3, 0
3, 0
3, 0
3, 0
3, 0
3, 0
3, 0
3, 0
3, 0
1, 0x84ec0
0, 0x48eb0
0, 0x84ee0
2, 2
3, 0
3, 0
3, 0
3, 0
3, 0
3, 0
3, 0
3, 0
3, 0
3, 0
3, 0
3, 0
3, 0
3, 0
0, 0x48ed0
0, 0x84f00
0, 0x48ef0
0, 0x84f20
0, 0x48f10
0, 0x84f40
0, 0x48f30
0, 0x84f60
1, 0x84ee0
0, 0x48ed0
0, 0x84f00
2, 2
3, 0
3, 0
3, 0
3, 0
3, 0
3, 0
3, 0
3, 0
3, 0
3, 0
3, 0
3, 0
3, 0
3, 0
1, 0x84f00
0, 0x48ef0
0, 0x84f20
2, 2
3, 0
3, 0
3, 0
3, 0
3, 0
3, 0
3, 0
3, 0
3, 0
3, 0
3, 0
3, 0
3, 0
3, 0
1, 0x84f20
0, 0x48f10
0, 0x84f40
2, 2
3, 0
3, 0
3, 0
3, 0
3, 0
3, 0
3, 0
3, 0
3, 0
3, 0
3, 0
3, 0
3, 0
3, 0
1, 0x84f40
0, 0x48f30
0, 0x84f60
2, 2
3, 0
3, 0
3, 0
3, 0
3, 0
3, 0
3, 0
3, 0
3, 0
3, 0
3, 0
3, 0
3, 0
3, 0
0, 0x48f50
0, 0x84f80
0, 0x48f70
0, 0x84fa0
0, 0x48f90
0, 0x84fc0
0, 0x48fb0
0, 0x84fe0
1, 0x84f60
0, 0x48f50
0, 0x84f80
2, 2
3, 0
3, 0
3, 0
3, 0
3, 0
3, 0
3, 0
3, 0
3, 0
3, 0
3, 0
3, 0
3, 0
3, 0
1, 0x84f80
0, 0x48f70
0, 0x84fa0
2, 2
3, 0
3, 0
3, 0
3, 0
3, 0
3, 0
3, 0
3, 0
3, 0
3, 0
3, 0
3, 0
3, 0
3, 0
1, 0x84fa0
0, 0x48f90
0, 0x84fc0
2, 2
3, 0
3, 0
3, 0
3, 0
3, 0
3, 0
3, 0
3, 0
3, 0
3, 0
3, 0
3, 0
3, 0
3, 0
1, 0x84fc0
0, 0x48fb0
0, 0x84fe0
2, 2
3, 0
3, 0
3, 0
3, 0
3, 0
3, 0
3, 0
3, 0
3, 0
3, 0
3, 0
3, 0
3, 0
3, 0
0, 0x48fd0
0, 0x85000
0, 0x48ff0
0, 0x85020
0, 0x49010
0, 0x85040
0, 0x49030
0, 0x85060
1, 0x84fe0
0, 0x48fd0
0, 0x85000
2, 2
3, 0
3, 0
3, 0
3, 0
3, 0
3, 0
3, 0
3, 0
3, 0
3, 0
3, 0
3, 0
3, 0
3, 0
1, 0x85000
0, 0x48ff0
0, 0x85020
2, 2
3, 0
3, 0
3, 0
3, 0
3, 0
3, 0
3, 0
3, 0
3, 0
3, 0
3, 0
3, 0
3, 0
3, 0
1, 0x85020
0, 0x49010
0, 0x85040
2, 2
3, 0
3, 0
3, 0
3, 0
3, 0
3, 0
3, 0
3, 0
3, 0
3, 0
3, 0
3, 0
3, 0
3, 0
1, 0x85040
0, 0x49030
0, 0x85060
2, 2
3, 0
3, 0
3, 0
3, 0
3, 0
3, 0
3, 0
3, 0
3, 0
3, 0
3, 0
3, 0
3, 0
3, 0
0, 0x49050
0, 0x85080
0, 0x49070
0, 0x850a0
0, 0x49090
0, 0x850c0
0, 0x490b0
0, 0x850e0
1, 0x85060
0, 0x49050
0, 0x85080
2, 2
3, 0
3, 0
3, 0
3, 0
3, 0
3, 0
3, 0
3, 0
3, 0
3, 0
3, 0
3, 0
3, 0
3, 0
1, 0x85080
0, 0x49070
0, 0x850a0
2, 2
3, 0
3, 0
3, 0
3, 0
3, 0
3, 0
3, 0
3, 0
3, 0
3, 0
3, 0
3, 0
3, 0
3, 0
1, 0x850a0
0, 0x49090
0, 0x850c0
2, 2
3, 0
3, 0
3, 0
3, 0
3, 0
3, 0
3, 0
3, 0
3, 0
3, 0
3, 0
3, 0
3, 0
3, 0
1, 0x850c0
0, 0x490b0
0, 0x850e0
2, 2
3, 0
3, 0
3, 0
3, 0
3, 0
3, 0
3, 0
3, 0
3, 0
3, 0
3, 0
3, 0
3, 0
3, 0
0, 0x490d0
0, 0x85100
0, 0x490f0
0, 0x85120
0, 0x49110
0, 0x85140
0, 0x49130
0, 0x85160
1, 0x850e0
0, 0x490d0
0, 0x85100
2, 2
3, 0
3, 0
3, 0
3, 0
3, 0
3, 0
3, 0
3, 0
3, 0
3, 0
3, 0
3, 0
3, 0
3, 0
1, 0x85100
0, 0x490f0
0, 0x85120
2, 2
3, 0
3, 0
3, 0
3, 0
3, 0
3, 0
3, 0
3, 0
3, 0
3, 0
3, 0
3, 0
3, 0
3, 0
1, 0x85120
0, 0x49110
0, 0x85140
2, 2
3, 0
3, 0
3, 0
3, 0
3, 0
3, 0
3, 0
3, 0
3, 0
3, 0
3, 0
3, 0
3, 0
3, 0
1, 0x85140
0, 0x49130
0, 0x85160
2, 2
3, 0
3, 0
3, 0
3, 0
3, 0
3, 0
3, 0
3, 0
3, 0
3, 0
3, 0
3, 0
3, 0
3, 0
0, 0x49150
0, 0x85180
0, 0x49170
0, 0x851a0
0, 0x49190
0, 0x851c0
0, 0x491b0
0, 0x851e0
1, 0x85160
0, 0x49150
0, 0x85180
2, 2
3, 0
3, 0
3, 0
3, 0
3, 0
3, 0
3, 0
3, 0
3, 0
3, 0
3, 0
3, 0
3, 0
3, 0
1, 0x85180
0, 0x49170
0, 0x851a0
2, 2
3, 0
3, 0
3, 0
3, 0
3, 0
3, 0
3, 0
3, 0
3, 0
3, 0
3, 0
3, 0
3, 0
3, 0
1, 0x851a0
0, 0x49190
0, 0x851c0
2, 2
3, 0
3, 0
3, 0
3, 0
3, 0
3, 0
3, 0
3, 0
3, 0
3, 0
3, 0
3, 0
3, 0
3, 0
1, 0x851c0
0, 0x491b0
0, 0x851e0
2, 2
3, 0
3, 0
3, 0
3, 0
3, 0
3, 0
3, 0
3, 0
3, 0
3, 0
3, 0
3, 0
3, 0
3, 0
0, 0x491d0
0, 0x85200
0, 0x491f0
0, 0x85220
0, 0x49210
0, 0x85240
0, 0x49230
0, 0x85260
1, 0x851e0
0, 0x491d0
0, 0x85200
2, 2
3, 0
3, 0
3, 0
3, 0
3, 0
3, 0
3, 0
3, 0
3, 0
3, 0
3, 0
3, 0
3, 0
3, 0
1, 0x85200
0, 0x491f0
0, 0x85220
2, 2
3, 0
3, 0
3, 0
3, 0
3, 0
3, 0
3, 0
3, 0
3, 0
3, 0
3, 0
3, 0
3, 0
3, 0
1, 0x85220
0, 0x49210
0, 0x85240
2, 2
3, 0
3, 0
3, 0
3, 0
3, 0
3, 0
3, 0
3, 0
3, 0
3, 0
3, 0
3, 0
3, 0
3, 0
1, 0x85240
0, 0x49230
0, 0x85260
2, 2
3, 0
3, 0
3, 0
3, 0
3, 0
3, 0
3, 0
3, 0
3, 0
3, 0
3, 0
3, 0
3, 0
3, 0
0, 0x49250
0, 0x85280
0, 0x49270
0, 0x852a0
0, 0x49290
0, 0x852c0
0, 0x492b0
0, 0x852e0
1, 0x85260
0, 0x49250
0, 0x85280
2, 2
3, 0
3, 0
3, 0
3, 0
3, 0
3, 0
3, 0
3, 0
3, 0
3, 0
3, 0
3, 0
3, 0
3, 0
1, 0x85280
0, 0x49270
0, 0x852a0
2, 2
3, 0
3, 0
3, 0
3, 0
3, 0
3, 0
3, 0
3, 0
3, 0
3, 0
3, 0
3, 0
3, 0
3, 0
1, 0x852a0
0, 0x49290
0, 0x852c0
2, 2
3, 0
3, 0
3, 0
3, 0
3, 0
3, 0
3, 0
3, 0
3, 0
3, 0
3, 0
3, 0
3, 0
3, 0
1, 0x852c0
0, 0x492b0
0, 0x852e0
2, 2
3, 0
3, 0
3, 0
3, 0
3, 0
3, 0
3, 0
3, 0
3, 0
3, 0
3, 0
3, 0
3, 0
3, 0
0, 0x492d0
0, 0x85300
0, 0x492f0
0, 0x85320
0, 0x49310
0, 0x85340
0, 0x49330
0, 0x85360
1, 0x852e0
0, 0x492d0
0, 0x85300
2, 2
3, 0
3, 0
3, 0
3, 0
3, 0
3, 0
3, 0
3, 0
3, 0
3, 0
3, 0
3, 0
3, 0
3, 0
1, 0x85300
0, 0x492f0
0, 0x85320
2, 2
3, 0
3, 0
3, 0
3, 0
3, 0
3, 0
3, 0
3, 0
3, 0
3, 0
3, 0
3, 0
3, 0
3, 0
1, 0x85320
0, 0x49310
0, 0x85340
2, 2
3, 0
3, 0
3, 0
3, 0
3, 0
3, 0
3, 0
3, 0
3, 0
3, 0
3, 0
3, 0
3, 0
3, 0
1, 0x85340
0, 0x49330
0, 0x85360
2, 2
3, 0
3, 0
3, 0
3, 0
3, 0
3, 0
3, 0
3, 0
3, 0
3, 0
3, 0
3, 0
3, 0
3, 0
0, 0x49350
0, 0x85380
0, 0x49370
0, 0x853a0
0, 0x49390
0, 0x853c0
0, 0x493b0
0, 0x853e0
1, 0x85360
0, 0x49350
0, 0x85380
2, 2
3, 0
3, 0
3, 0
3, 0
3, 0
3, 0
3, 0
3, 0
3, 0
3, 0
3, 0
3, 0
3, 0
3, 0
1, 0x85380
0, 0x49370
0, 0x853a0
2, 2
3, 0
3, 0
3, 0
3, 0
3, 0
3, 0
3, 0
3, 0
3, 0
3, 0
3, 0
3, 0
3, 0
3, 0
1, 0x853a0
0, 0x49390
0, 0x853c0
2, 2
3, 0
3, 0
3, 0
3, 0
3, 0
3, 0
3, 0
3, 0
3, 0
3, 0
3, 0
3, 0
3, 0
3, 0
1, 0x853c0
0, 0x493b0
0, 0x853e0
2, 2
3, 0
3, 0
3, 0
3, 0
3, 0
3, 0
3, 0
3, 0
3, 0
3, 0
3, 0
3, 0
3, 0
3, 0
0, 0x493d0
0, 0x85400
0, 0x493f0
0, 0x85420
0, 0x49410
0, 0x85440
0, 0x49430
0, 0x85460
1, 0x853e0
0, 0x493d0
0, 0x85400
2, 2
3, 0
3, 0
3, 0
3, 0
3, 0
3, 0
3, 0
3, 0
3, 0
3, 0
3, 0
3, 0
3, 0
3, 0
1, 0x85400
0, 0x493f0
0, 0x85420
2, 2
3, 0
3, 0
3, 0
3, 0
3, 0
3, 0
3, 0
3, 0
3, 0
3, 0
3, 0
3, 0
3, 0
3, 0
1, 0x85420
0, 0x49410
0, 0x85440
2, 2
3, 0
3, 0
3, 0
3, 0
3, 0
3, 0
3, 0
3, 0
3, 0
3, 0
3, 0
3, 0
3, 0
3, 0
1, 0x85440
0, 0x49430
0, 0x85460
2, 2
3, 0
3, 0
3, 0
3, 0
3, 0
3, 0
3, 0
3, 0
3, 0
3, 0
3, 0
3, 0
3, 0
3, 0
0, 0x49450
0, 0x85480
0, 0x49470
0, 0x854a0
0, 0x49490
0, 0x854c0
0, 0x494b0
0, 0x854e0
1, 0x85460
0, 0x49450
0, 0x85480
2, 2
3, 0
3, 0
3, 0
3, 0
3, 0
3, 0
3, 0
3, 0
3, 0
3, 0
3, 0
3, 0
3, 0
3, 0
1, 0x85480
0, 0x49470
0, 0x854a0
2, 2
3, 0
3, 0
3, 0
3, 0
3, 0
3, 0
3, 0
3, 0
3, 0
3, 0
3, 0
3, 0
3, 0
3, 0
1, 0x854a0
0, 0x49490
0, 0x854c0
2, 2
3, 0
3, 0
3, 0
3, 0
3, 0
3, 0
3, 0
3, 0
3, 0
3, 0
3, 0
3, 0
3, 0
3, 0
1, 0x854c0
0, 0x494b0
0, 0x854e0
2, 2
3, 0
3, 0
3, 0
3, 0
3, 0
3, 0
3, 0
3, 0
3, 0
3, 0
3, 0
3, 0
3, 0
3, 0
0, 0x494d0
0, 0x85500
0, 0x494f0
0, 0x85520
0, 0x49510
0, 0x85540
0, 0x49530
0, 0x85560
1, 0x854e0
0, 0x494d0
0, 0x85500
2, 2
3, 0
3, 0
3, 0
3, 0
3, 0
3, 0
3, 0
3, 0
3, 0
3, 0
3, 0
3, 0
3, 0
3, 0
1, 0x85500
0, 0x494f0
0, 0x85520
2, 2
3, 0
3, 0
3, 0
3, 0
3, 0
3, 0
3, 0
3, 0
3, 0
3, 0
3, 0
3, 0
3, 0
3, 0
1, 0x85520
0, 0x49510
0, 0x85540
2, 2
3, 0
3, 0
3, 0
3, 0
3, 0
3, 0
3, 0
3, 0
3, 0
3, 0
3, 0
3, 0
3, 0
3, 0
1, 0x85540
0, 0x49530
0, 0x85560
2, 2
3, 0
3, 0
3, 0
3, 0
3, 0
3, 0
3, 0
3, 0
3, 0
3, 0
3, 0
3, 0
3, 0
3, 0
0, 0x49550
0, 0x85580
0, 0x49570
0, 0x855a0
0, 0x49590
0, 0x855c0
0, 0x495b0
0, 0x855e0
1, 0x85560
0, 0x49550
0, 0x85580
2, 2
3, 0
3, 0
3, 0
3, 0
3, 0
3, 0
3, 0
3, 0
3, 0
3, 0
3, 0
3, 0
3, 0
3, 0
1, 0x85580
0, 0x49570
0, 0x855a0
2, 2
3, 0
3, 0
3, 0
3, 0
3, 0
3, 0
3, 0
3, 0
3, 0
3, 0
3, 0
3, 0
3, 0
3, 0
1, 0x855a0
0, 0x49590
0, 0x855c0
2, 2
3, 0
3, 0
3, 0
3, 0
3, 0
3, 0
3, 0
3, 0
3, 0
3, 0
3, 0
3, 0
3, 0
3, 0
1, 0x855c0
0, 0x495b0
0, 0x855e0
2, 2
3, 0
3, 0
3, 0
3, 0
3, 0
3, 0
3, 0
3, 0
3, 0
3, 0
3, 0
3, 0
3, 0
3, 0
0, 0x495d0
0, 0x85600
0, 0x495f0
0, 0x85620
0, 0x49610
0, 0x85640
0, 0x49630
0, 0x85660
1, 0x855e0
0, 0x495d0
0, 0x85600
2, 2
3, 0
3, 0
3, 0
3, 0
3, 0
3, 0
3, 0
3, 0
3, 0
3, 0
3, 0
3, 0
3, 0
3, 0
1, 0x85600
0, 0x495f0
0, 0x85620
2, 2
3, 0
3, 0
3, 0
3, 0
3, 0
3, 0
3, 0
3, 0
3, 0
3, 0
3, 0
3, 0
3, 0
3, 0
1, 0x85620
0, 0x49610
0, 0x85640
2, 2
3, 0
3, 0
3, 0
3, 0
3, 0
3, 0
3, 0
3, 0
3, 0
3, 0
3, 0
3, 0
3, 0
3, 0
1, 0x85640
0, 0x49630
0, 0x85660
2, 2
3, 0
3, 0
3, 0
3, 0
3, 0
3, 0
3, 0
3, 0
3, 0
3, 0
3, 0
3, 0
3, 0
3, 0
0, 0x49650
0, 0x85680
0, 0x49670
0, 0x856a0
0, 0x49690
0, 0x856c0
0, 0x496b0
0, 0x856e0
1, 0x85660
0, 0x49650
0, 0x85680
2, 2
3, 0
3, 0
3, 0
3, 0
3, 0
3, 0
3, 0
3, 0
3, 0
3, 0
3, 0
3, 0
3, 0
3, 0
1, 0x85680
0, 0x49670
0, 0x856a0
2, 2
3, 0
3, 0
3, 0
3, 0
3, 0
3, 0
3, 0
3, 0
3, 0
3, 0
3, 0
3, 0
3, 0
3, 0
1, 0x856a0
0, 0x49690
0, 0x856c0
2, 2
3, 0
3, 0
3, 0
3, 0
3, 0
3, 0
3, 0
3, 0
3, 0
3, 0
3, 0
3, 0
3, 0
3, 0
1, 0x856c0
0, 0x496b0
0, 0x856e0
2, 2
3, 0
3, 0
3, 0
3, 0
3, 0
3, 0
3, 0
3, 0
3, 0
3, 0
3, 0
3, 0
3, 0
3, 0
0, 0x496d0
0, 0x85700
0, 0x496f0
0, 0x85720
0, 0x49710
0, 0x85740
0, 0x49730
0, 0x85760
1, 0x856e0
0, 0x496d0
0, 0x85700
2, 2
3, 0
3, 0
3, 0
3, 0
3, 0
3, 0
3, 0
3, 0
3, 0
3, 0
3, 0
3, 0
3, 0
3, 0
1, 0x85700
0, 0x496f0
0, 0x85720
2, 2
3, 0
3, 0
3, 0
3, 0
3, 0
3, 0
3, 0
3, 0
3, 0
3, 0
3, 0
3, 0
3, 0
3, 0
1, 0x85720
0, 0x49710
0, 0x85740
2, 2
3, 0
3, 0
3, 0
3, 0
3, 0
3, 0
3, 0
3, 0
3, 0
3, 0
3, 0
3, 0
3, 0
3, 0
1, 0x85740
0, 0x49730
0, 0x85760
2, 2
3, 0
3, 0
3, 0
3, 0
3, 0
3, 0
3, 0
3, 0
3, 0
3, 0
3, 0
3, 0
3, 0
3, 0
0, 0x49750
0, 0x85780
0, 0x49770
0, 0x857a0
0, 0x49790
0, 0x857c0
0, 0x497b0
0, 0x857e0
1, 0x85760
0, 0x49750
0, 0x85780
2, 2
3, 0
3, 0
3, 0
3, 0
3, 0
3, 0
3, 0
3, 0
3, 0
3, 0
3, 0
3, 0
3, 0
3, 0
1, 0x85780
0, 0x49770
0, 0x857a0
2, 2
3, 0
3, 0
3, 0
3, 0
3, 0
3, 0
3, 0
3, 0
3, 0
3, 0
3, 0
3, 0
3, 0
3, 0
1, 0x857a0
0, 0x49790
0, 0x857c0
2, 2
3, 0
3, 0
3, 0
3, 0
3, 0
3, 0
3, 0
3, 0
3, 0
3, 0
3, 0
3, 0
3, 0
3, 0
1, 0x857c0
0, 0x497b0
0, 0x857e0
2, 2
3, 0
3, 0
3, 0
3, 0
3, 0
3, 0
3, 0
3, 0
3, 0
3, 0
3, 0
3, 0
3, 0
3, 0
0, 0x497d0
0, 0x85800
0, 0x497f0
0, 0x85820
0, 0x49810
0, 0x85840
0, 0x49830
0, 0x85860
1, 0x857e0
0, 0x497d0
0, 0x85800
2, 2
3, 0
3, 0
3, 0
3, 0
3, 0
3, 0
3, 0
3, 0
3, 0
3, 0
3, 0
3, 0
3, 0
3, 0
1, 0x85800
0, 0x497f0
0, 0x85820
2, 2
3, 0
3, 0
3, 0
3, 0
3, 0
3, 0
3, 0
3, 0
3, 0
3, 0
3, 0
3, 0
3, 0
3, 0
1, 0x85820
0, 0x49810
0, 0x85840
2, 2
3, 0
3, 0
3, 0
3, 0
3, 0
3, 0
3, 0
3, 0
3, 0
3, 0
3, 0
3, 0
3, 0
3, 0
1, 0x85840
0, 0x49830
0, 0x85860
2, 2
3, 0
3, 0
3, 0
3, 0
3, 0
3, 0
3, 0
3, 0
3, 0
3, 0
3, 0
3, 0
3, 0
3, 0
0, 0x49850
0, 0x85880
0, 0x49870
0, 0x858a0
0, 0x49890
0, 0x858c0
0, 0x498b0
0, 0x858e0
1, 0x85860
0, 0x49850
0, 0x85880
2, 2
3, 0
3, 0
3, 0
3, 0
3, 0
3, 0
3, 0
3, 0
3, 0
3, 0
3, 0
3, 0
3, 0
3, 0
1, 0x85880
0, 0x49870
0, 0x858a0
2, 2
3, 0
3, 0
3, 0
3, 0
3, 0
3, 0
3, 0
3, 0
3, 0
3, 0
3, 0
3, 0
3, 0
3, 0
1, 0x858a0
0, 0x49890
0, 0x858c0
2, 2
3, 0
3, 0
3, 0
3, 0
3, 0
3, 0
3, 0
3, 0
3, 0
3, 0
3, 0
3, 0
3, 0
3, 0
1, 0x858c0
0, 0x498b0
0, 0x858e0
2, 2
3, 0
3, 0
3, 0
3, 0
3, 0
3, 0
3, 0
3, 0
3, 0
3, 0
3, 0
3, 0
3, 0
3, 0
0, 0x498d0
0, 0x85900
0, 0x498f0
0, 0x85920
0, 0x49910
0, 0x85940
0, 0x49930
0, 0x85960
1, 0x858e0
0, 0x498d0
0, 0x85900
2, 2
3, 0
3, 0
3, 0
3, 0
3, 0
3, 0
3, 0
3, 0
3, 0
3, 0
3, 0
3, 0
3, 0
3, 0
1, 0x85900
0, 0x498f0
0, 0x85920
2, 2
3, 0
3, 0
3, 0
3, 0
3, 0
3, 0
3, 0
3, 0
3, 0
3, 0
3, 0
3, 0
3, 0
3, 0
1, 0x85920
0, 0x49910
0, 0x85940
2, 2
3, 0
3, 0
3, 0
3, 0
3, 0
3, 0
3, 0
3, 0
3, 0
3, 0
3, 0
3, 0
3, 0
3, 0
1, 0x85940
0, 0x49930
0, 0x85960
2, 2
3, 0
3, 0
3, 0
3, 0
3, 0
3, 0
3, 0
3, 0
3, 0
3, 0
3, 0
3, 0
3, 0
3, 0
0, 0x49950
0, 0x85980
0, 0x49970
0, 0x859a0
0, 0x49990
0, 0x859c0
0, 0x499b0
0, 0x859e0
1, 0x85960
0, 0x49950
0, 0x85980
2, 2
3, 0
3, 0
3, 0
3, 0
3, 0
3, 0
3, 0
3, 0
3, 0
3, 0
3, 0
3, 0
3, 0
3, 0
1, 0x85980
0, 0x49970
0, 0x859a0
2, 2
3, 0
3, 0
3, 0
3, 0
3, 0
3, 0
3, 0
3, 0
3, 0
3, 0
3, 0
3, 0
3, 0
3, 0
1, 0x859a0
0, 0x49990
0, 0x859c0
2, 2
3, 0
3, 0
3, 0
3, 0
3, 0
3, 0
3, 0
3, 0
3, 0
3, 0
3, 0
3, 0
3, 0
3, 0
1, 0x859c0
0, 0x499b0
0, 0x859e0
2, 2
3, 0
3, 0
3, 0
3, 0
3, 0
3, 0
3, 0
3, 0
3, 0
3, 0
3, 0
3, 0
3, 0
3, 0
0, 0x499d0
0, 0x85a00
0, 0x499f0
0, 0x85a20
0, 0x49a10
0, 0x85a40
0, 0x49a30
0, 0x85a60
1, 0x859e0
0, 0x499d0
0, 0x85a00
2, 2
3, 0
3, 0
3, 0
3, 0
3, 0
3, 0
3, 0
3, 0
3, 0
3, 0
3, 0
3, 0
3, 0
3, 0
1, 0x85a00
0, 0x499f0
0, 0x85a20
2, 2
3, 0
3, 0
3, 0
3, 0
3, 0
3, 0
3, 0
3, 0
3, 0
3, 0
3, 0
3, 0
3, 0
3, 0
1, 0x85a20
0, 0x49a10
0, 0x85a40
2, 2
3, 0
3, 0
3, 0
3, 0
3, 0
3, 0
3, 0
3, 0
3, 0
3, 0
3, 0
3, 0
3, 0
3, 0
1, 0x85a40
0, 0x49a30
0, 0x85a60
2, 2
3, 0
3, 0
3, 0
3, 0
3, 0
3, 0
3, 0
3, 0
3, 0
3, 0
3, 0
3, 0
3, 0
3, 0
0, 0x49a50
0, 0x85a80
0, 0x49a70
0, 0x85aa0
0, 0x49a90
0, 0x85ac0
0, 0x49ab0
0, 0x85ae0
1, 0x85a60
0, 0x49a50
0, 0x85a80
2, 2
3, 0
3, 0
3, 0
3, 0
3, 0
3, 0
3, 0
3, 0
3, 0
3, 0
3, 0
3, 0
3, 0
3, 0
1, 0x85a80
0, 0x49a70
0, 0x85aa0
2, 2
3, 0
3, 0
3, 0
3, 0
3, 0
3, 0
3, 0
3, 0
3, 0
3, 0
3, 0
3, 0
3, 0
3, 0
1, 0x85aa0
0, 0x49a90
0, 0x85ac0
2, 2
3, 0
3, 0
3, 0
3, 0
3, 0
3, 0
3, 0
3, 0
3, 0
3, 0
3, 0
3, 0
3, 0
3, 0
1, 0x85ac0
0, 0x49ab0
0, 0x85ae0
2, 2
3, 0
3, 0
3, 0
3, 0
3, 0
3, 0
3, 0
3, 0
3, 0
3, 0
3, 0
3, 0
3, 0
3, 0
0, 0x49ad0
0, 0x85b00
0, 0x49af0
0, 0x85b20
0, 0x49b10
0, 0x85b40
0, 0x49b30
0, 0x85b60
1, 0x85ae0
0, 0x49ad0
0, 0x85b00
2, 2
3, 0
3, 0
3, 0
3, 0
3, 0
3, 0
3, 0
3, 0
3, 0
3, 0
3, 0
3, 0
3, 0
3, 0
1, 0x85b00
0, 0x49af0
0, 0x85b20
2, 2
3, 0
3, 0
3, 0
3, 0
3, 0
3, 0
3, 0
3, 0
3, 0
3, 0
3, 0
3, 0
3, 0
3, 0
1, 0x85b20
0, 0x49b10
0, 0x85b40
2, 2
3, 0
3, 0
3, 0
3, 0
3, 0
3, 0
3, 0
3, 0
3, 0
3, 0
3, 0
3, 0
3, 0
3, 0
1, 0x85b40
0, 0x49b30
0, 0x85b60
2, 2
3, 0
3, 0
3, 0
3, 0
3, 0
3, 0
3, 0
3, 0
3, 0
3, 0
3, 0
3, 0
3, 0
3, 0
0, 0x49b50
0, 0x85b80
0, 0x49b70
0, 0x85ba0
0, 0x49b90
0, 0x85bc0
0, 0x49bb0
0, 0x85be0
1, 0x85b60
0, 0x49b50
0, 0x85b80
2, 2
3, 0
3, 0
3, 0
3, 0
3, 0
3, 0
3, 0
3, 0
3, 0
3, 0
3, 0
3, 0
3, 0
3, 0
1, 0x85b80
0, 0x49b70
0, 0x85ba0
2, 2
3, 0
3, 0
3, 0
3, 0
3, 0
3, 0
3, 0
3, 0
3, 0
3, 0
3, 0
3, 0
3, 0
3, 0
1, 0x85ba0
0, 0x49b90
0, 0x85bc0
2, 2
3, 0
3, 0
3, 0
3, 0
3, 0
3, 0
3, 0
3, 0
3, 0
3, 0
3, 0
3, 0
3, 0
3, 0
1, 0x85bc0
0, 0x49bb0
0, 0x85be0
2, 2
3, 0
3, 0
3, 0
3, 0
3, 0
3, 0
3, 0
3, 0
3, 0
3, 0
3, 0
3, 0
3, 0
3, 0
0, 0x49bd0
0, 0x85c00
0, 0x49bf0
0, 0x85c20
0, 0x49c10
0, 0x85c40
0, 0x49c30
0, 0x85c60
1, 0x85be0
0, 0x49bd0
0, 0x85c00
2, 2
3, 0
3, 0
3, 0
3, 0
3, 0
3, 0
3, 0
3, 0
3, 0
3, 0
3, 0
3, 0
3, 0
3, 0
1, 0x85c00
0, 0x49bf0
0, 0x85c20
2, 2
3, 0
3, 0
3, 0
3, 0
3, 0
3, 0
3, 0
3, 0
3, 0
3, 0
3, 0
3, 0
3, 0
3, 0
1, 0x85c20
0, 0x49c10
0, 0x85c40
2, 2
3, 0
3, 0
3, 0
3, 0
3, 0
3, 0
3, 0
3, 0
3, 0
3, 0
3, 0
3, 0
3, 0
3, 0
1, 0x85c40
0, 0x49c30
0, 0x85c60
2, 2
3, 0
3, 0
3, 0
3, 0
3, 0
3, 0
3, 0
3, 0
3, 0
3, 0
3, 0
3, 0
3, 0
3, 0
0, 0x49c50
0, 0x85c80
0, 0x49c70
0, 0x85ca0
0, 0x49c90
0, 0x85cc0
0, 0x49cb0
0, 0x85ce0
1, 0x85c60
0, 0x49c50
0, 0x85c80
2, 2
3, 0
3, 0
3, 0
3, 0
3, 0
3, 0
3, 0
3, 0
3, 0
3, 0
3, 0
3, 0
3, 0
3, 0
1, 0x85c80
0, 0x49c70
0, 0x85ca0
2, 2
3, 0
3, 0
3, 0
3, 0
3, 0
3, 0
3, 0
3, 0
3, 0
3, 0
3, 0
3, 0
3, 0
3, 0
1, 0x85ca0
0, 0x49c90
0, 0x85cc0
2, 2
3, 0
3, 0
3, 0
3, 0
3, 0
3, 0
3, 0
3, 0
3, 0
3, 0
3, 0
3, 0
3, 0
3, 0
1, 0x85cc0
0, 0x49cb0
0, 0x85ce0
2, 2
3, 0
3, 0
3, 0
3, 0
3, 0
3, 0
3, 0
3, 0
3, 0
3, 0
3, 0
3, 0
3, 0
3, 0
0, 0x49cd0
0, 0x85d00
0, 0x49cf0
0, 0x85d20
0, 0x49d10
0, 0x85d40
0, 0x49d30
0, 0x85d60
1, 0x85ce0
0, 0x49cd0
0, 0x85d00
2, 2
3, 0
3, 0
3, 0
3, 0
3, 0
3, 0
3, 0
3, 0
3, 0
3, 0
3, 0
3, 0
3, 0
3, 0
1, 0x85d00
0, 0x49cf0
0, 0x85d20
2, 2
3, 0
3, 0
3, 0
3, 0
3, 0
3, 0
3, 0
3, 0
3, 0
3, 0
3, 0
3, 0
3, 0
3, 0
1, 0x85d20
0, 0x49d10
0, 0x85d40
2, 2
3, 0
3, 0
3, 0
3, 0
3, 0
3, 0
3, 0
3, 0
3, 0
3, 0
3, 0
3, 0
3, 0
3, 0
1, 0x85d40
0, 0x49d30
0, 0x85d60
2, 2
3, 0
3, 0
3, 0
3, 0
3, 0
3, 0
3, 0
3, 0
3, 0
3, 0
3, 0
3, 0
3, 0
3, 0
0, 0x49d50
0, 0x85d80
0, 0x49d70
0, 0x85da0
0, 0x49d90
0, 0x85dc0
0, 0x49db0
0, 0x85de0
1, 0x85d60
0, 0x49d50
0, 0x85d80
2, 2
3, 0
3, 0
3, 0
3, 0
3, 0
3, 0
3, 0
3, 0
3, 0
3, 0
3, 0
3, 0
3, 0
3, 0
1, 0x85d80
0, 0x49d70
0, 0x85da0
2, 2
3, 0
3, 0
3, 0
3, 0
3, 0
3, 0
3, 0
3, 0
3, 0
3, 0
3, 0
3, 0
3, 0
3, 0
1, 0x85da0
0, 0x49d90
0, 0x85dc0
2, 2
3, 0
3, 0
3, 0
3, 0
3, 0
3, 0
3, 0
3, 0
3, 0
3, 0
3, 0
3, 0
3, 0
3, 0
1, 0x85dc0
0, 0x49db0
0, 0x85de0
2, 2
3, 0
3, 0
3, 0
3, 0
3, 0
3, 0
3, 0
3, 0
3, 0
3, 0
3, 0
3, 0
3, 0
3, 0
0, 0x49dd0
0, 0x85e00
0, 0x49df0
0, 0x85e20
0, 0x49e10
0, 0x85e40
0, 0x49e30
0, 0x85e60
1, 0x85de0
0, 0x49dd0
0, 0x85e00
2, 2
3, 0
3, 0
3, 0
3, 0
3, 0
3, 0
3, 0
3, 0
3, 0
3, 0
3, 0
3, 0
3, 0
3, 0
1, 0x85e00
0, 0x49df0
0, 0x85e20
2, 2
3, 0
3, 0
3, 0
3, 0
3, 0
3, 0
3, 0
3, 0
3, 0
3, 0
3, 0
3, 0
3, 0
3, 0
1, 0x85e20
0, 0x49e10
0, 0x85e40
2, 2
3, 0
3, 0
3, 0
3, 0
3, 0
3, 0
3, 0
3, 0
3, 0
3, 0
3, 0
3, 0
3, 0
3, 0
1, 0x85e40
0, 0x49e30
0, 0x85e60
2, 2
3, 0
3, 0
3, 0
3, 0
3, 0
3, 0
3, 0
3, 0
3, 0
3, 0
3, 0
3, 0
3, 0
3, 0
0, 0x49e50
0, 0x85e80
0, 0x49e70
0, 0x85ea0
0, 0x49e90
0, 0x85ec0
0, 0x49eb0
0, 0x85ee0
1, 0x85e60
0, 0x49e50
0, 0x85e80
2, 2
3, 0
3, 0
3, 0
3, 0
3, 0
3, 0
3, 0
3, 0
3, 0
3, 0
3, 0
3, 0
3, 0
3, 0
1, 0x85e80
0, 0x49e70
0, 0x85ea0
2, 2
3, 0
3, 0
3, 0
3, 0
3, 0
3, 0
3, 0
3, 0
3, 0
3, 0
3, 0
3, 0
3, 0
3, 0
1, 0x85ea0
0, 0x49e90
0, 0x85ec0
2, 2
3, 0
3, 0
3, 0
3, 0
3, 0
3, 0
3, 0
3, 0
3, 0
3, 0
3, 0
3, 0
3, 0
3, 0
1, 0x85ec0
0, 0x49eb0
0, 0x85ee0
2, 2
3, 0
3, 0
3, 0
3, 0
3, 0
3, 0
3, 0
3, 0
3, 0
3, 0
3, 0
3, 0
3, 0
3, 0
0, 0x49ed0
0, 0x85f00
0, 0x49ef0
0, 0x85f20
0, 0x49f10
0, 0x85f40
0, 0x49f30
0, 0x85f60
1, 0x85ee0
0, 0x49ed0
0, 0x85f00
2, 2
3, 0
3, 0
3, 0
3, 0
3, 0
3, 0
3, 0
3, 0
3, 0
3, 0
3, 0
3, 0
3, 0
3, 0
1, 0x85f00
0, 0x49ef0
0, 0x85f20
2, 2
3, 0
3, 0
3, 0
3, 0
3, 0
3, 0
3, 0
3, 0
3, 0
3, 0
3, 0
3, 0
3, 0
3, 0
1, 0x85f20
0, 0x49f10
0, 0x85f40
2, 2
3, 0
3, 0
3, 0
3, 0
3, 0
3, 0
3, 0
3, 0
3, 0
3, 0
3, 0
3, 0
3, 0
3, 0
1, 0x85f40
0, 0x49f30
0, 0x85f60
2, 2
3, 0
3, 0
3, 0
3, 0
3, 0
3, 0
3, 0
3, 0
3, 0
3, 0
3, 0
3, 0
3, 0
3, 0
0, 0x49f50
0, 0x85f80
0, 0x49f70
0, 0x85fa0
0, 0x49f90
0, 0x85fc0
0, 0x49fb0
0, 0x85fe0
1, 0x85f60
0, 0x49f50
0, 0x85f80
2, 2
3, 0
3, 0
3, 0
3, 0
3, 0
3, 0
3, 0
3, 0
3, 0
3, 0
3, 0
3, 0
3, 0
3, 0
1, 0x85f80
0, 0x49f70
0, 0x85fa0
2, 2
3, 0
3, 0
3, 0
3, 0
3, 0
3, 0
3, 0
3, 0
3, 0
3, 0
3, 0
3, 0
3, 0
3, 0
1, 0x85fa0
0, 0x49f90
0, 0x85fc0
2, 2
3, 0
3, 0
3, 0
3, 0
3, 0
3, 0
3, 0
3, 0
3, 0
3, 0
3, 0
3, 0
3, 0
3, 0
1, 0x85fc0
0, 0x49fb0
0, 0x85fe0
2, 2
3, 0
3, 0
3, 0
3, 0
3, 0
3, 0
3, 0
3, 0
3, 0
3, 0
3, 0
3, 0
3, 0
3, 0
0, 0x49fd0
0, 0x86000
0, 0x49ff0
0, 0x86020
0, 0x4a010
0, 0x86040
0, 0x4a030
0, 0x86060
1, 0x85fe0
0, 0x49fd0
0, 0x86000
2, 2
3, 0
3, 0
3, 0
3, 0
3, 0
3, 0
3, 0
3, 0
3, 0
3, 0
3, 0
3, 0
3, 0
3, 0
1, 0x86000
0, 0x49ff0
0, 0x86020
2, 2
3, 0
3, 0
3, 0
3, 0
3, 0
3, 0
3, 0
3, 0
3, 0
3, 0
3, 0
3, 0
3, 0
3, 0
1, 0x86020
0, 0x4a010
0, 0x86040
2, 2
3, 0
3, 0
3, 0
3, 0
3, 0
3, 0
3, 0
3, 0
3, 0
3, 0
3, 0
3, 0
3, 0
3, 0
1, 0x86040
0, 0x4a030
0, 0x86060
2, 2
3, 0
3, 0
3, 0
3, 0
3, 0
3, 0
3, 0
3, 0
3, 0
3, 0
3, 0
3, 0
3, 0
3, 0
0, 0x4a050
0, 0x86080
0, 0x4a070
0, 0x860a0
0, 0x4a090
0, 0x860c0
0, 0x4a0b0
0, 0x860e0
1, 0x86060
0, 0x4a050
0, 0x86080
2, 2
3, 0
3, 0
3, 0
3, 0
3, 0
3, 0
3, 0
3, 0
3, 0
3, 0
3, 0
3, 0
3, 0
3, 0
1, 0x86080
0, 0x4a070
0, 0x860a0
2, 2
3, 0
3, 0
3, 0
3, 0
3, 0
3, 0
3, 0
3, 0
3, 0
3, 0
3, 0
3, 0
3, 0
3, 0
1, 0x860a0
0, 0x4a090
0, 0x860c0
2, 2
3, 0
3, 0
3, 0
3, 0
3, 0
3, 0
3, 0
3, 0
3, 0
3, 0
3, 0
3, 0
3, 0
3, 0
1, 0x860c0
0, 0x4a0b0
0, 0x860e0
2, 2
3, 0
3, 0
3, 0
3, 0
3, 0
3, 0
3, 0
3, 0
3, 0
3, 0
3, 0
3, 0
3, 0
3, 0
0, 0x4a0d0
0, 0x86100
0, 0x4a0f0
0, 0x86120
0, 0x4a110
0, 0x86140
0, 0x4a130
0, 0x86160
1, 0x860e0
0, 0x4a0d0
0, 0x86100
2, 2
3, 0
3, 0
3, 0
3, 0
3, 0
3, 0
3, 0
3, 0
3, 0
3, 0
3, 0
3, 0
3, 0
3, 0
1, 0x86100
0, 0x4a0f0
0, 0x86120
2, 2
3, 0
3, 0
3, 0
3, 0
3, 0
3, 0
3, 0
3, 0
3, 0
3, 0
3, 0
3, 0
3, 0
3, 0
1, 0x86120
0, 0x4a110
0, 0x86140
2, 2
3, 0
3, 0
3, 0
3, 0
3, 0
3, 0
3, 0
3, 0
3, 0
3, 0
3, 0
3, 0
3, 0
3, 0
1, 0x86140
0, 0x4a130
0, 0x86160
2, 2
3, 0
3, 0
3, 0
3, 0
3, 0
3, 0
3, 0
3, 0
3, 0
3, 0
3, 0
3, 0
3, 0
3, 0
0, 0x4a150
0, 0x86180
0, 0x4a170
0, 0x861a0
0, 0x4a190
0, 0x861c0
0, 0x4a1b0
0, 0x861e0
1, 0x86160
0, 0x4a150
0, 0x86180
2, 2
3, 0
3, 0
3, 0
3, 0
3, 0
3, 0
3, 0
3, 0
3, 0
3, 0
3, 0
3, 0
3, 0
3, 0
1, 0x86180
0, 0x4a170
0, 0x861a0
2, 2
3, 0
3, 0
3, 0
3, 0
3, 0
3, 0
3, 0
3, 0
3, 0
3, 0
3, 0
3, 0
3, 0
3, 0
1, 0x861a0
0, 0x4a190
0, 0x861c0
2, 2
3, 0
3, 0
3, 0
3, 0
3, 0
3, 0
3, 0
3, 0
3, 0
3, 0
3, 0
3, 0
3, 0
3, 0
1, 0x861c0
0, 0x4a1b0
0, 0x861e0
2, 2
3, 0
3, 0
3, 0
3, 0
3, 0
3, 0
3, 0
3, 0
3, 0
3, 0
3, 0
3, 0
3, 0
3, 0
0, 0x4a1d0
0, 0x86200
0, 0x4a1f0
0, 0x86220
0, 0x4a210
0, 0x86240
0, 0x4a230
0, 0x86260
1, 0x861e0
0, 0x4a1d0
0, 0x86200
2, 2
3, 0
3, 0
3, 0
3, 0
3, 0
3, 0
3, 0
3, 0
3, 0
3, 0
3, 0
3, 0
3, 0
3, 0
1, 0x86200
0, 0x4a1f0
0, 0x86220
2, 2
3, 0
3, 0
3, 0
3, 0
3, 0
3, 0
3, 0
3, 0
3, 0
3, 0
3, 0
3, 0
3, 0
3, 0
1, 0x86220
0, 0x4a210
0, 0x86240
2, 2
3, 0
3, 0
3, 0
3, 0
3, 0
3, 0
3, 0
3, 0
3, 0
3, 0
3, 0
3, 0
3, 0
3, 0
1, 0x86240
0, 0x4a230
0, 0x86260
2, 2
3, 0
3, 0
3, 0
3, 0
3, 0
3, 0
3, 0
3, 0
3, 0
3, 0
3, 0
3, 0
3, 0
3, 0
0, 0x4a250
0, 0x86280
0, 0x4a270
0, 0x862a0
0, 0x4a290
0, 0x862c0
0, 0x4a2b0
0, 0x862e0
1, 0x86260
0, 0x4a250
0, 0x86280
2, 2
3, 0
3, 0
3, 0
3, 0
3, 0
3, 0
3, 0
3, 0
3, 0
3, 0
3, 0
3, 0
3, 0
3, 0
1, 0x86280
0, 0x4a270
0, 0x862a0
2, 2
3, 0
3, 0
3, 0
3, 0
3, 0
3, 0
3, 0
3, 0
3, 0
3, 0
3, 0
3, 0
3, 0
3, 0
1, 0x862a0
0, 0x4a290
0, 0x862c0
2, 2
3, 0
3, 0
3, 0
3, 0
3, 0
3, 0
3, 0
3, 0
3, 0
3, 0
3, 0
3, 0
3, 0
3, 0
1, 0x862c0
0, 0x4a2b0
0, 0x862e0
2, 2
3, 0
3, 0
3, 0
3, 0
3, 0
3, 0
3, 0
3, 0
3, 0
3, 0
3, 0
3, 0
3, 0
3, 0
0, 0x4a2d0
0, 0x86300
0, 0x4a2f0
0, 0x86320
0, 0x4a310
0, 0x86340
0, 0x4a330
0, 0x86360
1, 0x862e0
0, 0x4a2d0
0, 0x86300
2, 2
3, 0
3, 0
3, 0
3, 0
3, 0
3, 0
3, 0
3, 0
3, 0
3, 0
3, 0
3, 0
3, 0
3, 0
1, 0x86300
0, 0x4a2f0
0, 0x86320
2, 2
3, 0
3, 0
3, 0
3, 0
3, 0
3, 0
3, 0
3, 0
3, 0
3, 0
3, 0
3, 0
3, 0
3, 0
1, 0x86320
0, 0x4a310
0, 0x86340
2, 2
3, 0
3, 0
3, 0
3, 0
3, 0
3, 0
3, 0
3, 0
3, 0
3, 0
3, 0
3, 0
3, 0
3, 0
1, 0x86340
0, 0x4a330
0, 0x86360
2, 2
3, 0
3, 0
3, 0
3, 0
3, 0
3, 0
3, 0
3, 0
3, 0
3, 0
3, 0
3, 0
3, 0
3, 0
0, 0x4a350
0, 0x86380
0, 0x4a370
0, 0x863a0
0, 0x4a390
0, 0x863c0
0, 0x4a3b0
0, 0x863e0
1, 0x86360
0, 0x4a350
0, 0x86380
2, 2
3, 0
3, 0
3, 0
3, 0
3, 0
3, 0
3, 0
3, 0
3, 0
3, 0
3, 0
3, 0
3, 0
3, 0
1, 0x86380
0, 0x4a370
0, 0x863a0
2, 2
3, 0
3, 0
3, 0
3, 0
3, 0
3, 0
3, 0
3, 0
3, 0
3, 0
3, 0
3, 0
3, 0
3, 0
1, 0x863a0
0, 0x4a390
0, 0x863c0
2, 2
3, 0
3, 0
3, 0
3, 0
3, 0
3, 0
3, 0
3, 0
3, 0
3, 0
3, 0
3, 0
3, 0
3, 0
1, 0x863c0
0, 0x4a3b0
0, 0x863e0
2, 2
3, 0
3, 0
3, 0
3, 0
3, 0
3, 0
3, 0
3, 0
3, 0
3, 0
3, 0
3, 0
3, 0
3, 0
0, 0x4a3d0
0, 0x86400
0, 0x4a3f0
0, 0x86420
0, 0x4a410
0, 0x86440
0, 0x4a430
0, 0x86460
1, 0x863e0
0, 0x4a3d0
0, 0x86400
2, 2
3, 0
3, 0
3, 0
3, 0
3, 0
3, 0
3, 0
3, 0
3, 0
3, 0
3, 0
3, 0
3, 0
3, 0
1, 0x86400
0, 0x4a3f0
0, 0x86420
2, 2
3, 0
3, 0
3, 0
3, 0
3, 0
3, 0
3, 0
3, 0
3, 0
3, 0
3, 0
3, 0
3, 0
3, 0
1, 0x86420
0, 0x4a410
0, 0x86440
2, 2
3, 0
3, 0
3, 0
3, 0
3, 0
3, 0
3, 0
3, 0
3, 0
3, 0
3, 0
3, 0
3, 0
3, 0
1, 0x86440
0, 0x4a430
0, 0x86460
2, 2
3, 0
3, 0
3, 0
3, 0
3, 0
3, 0
3, 0
3, 0
3, 0
3, 0
3, 0
3, 0
3, 0
3, 0
0, 0x4a450
0, 0x86480
0, 0x4a470
0, 0x864a0
0, 0x4a490
0, 0x864c0
0, 0x4a4b0
0, 0x864e0
1, 0x86460
0, 0x4a450
0, 0x86480
2, 2
3, 0
3, 0
3, 0
3, 0
3, 0
3, 0
3, 0
3, 0
3, 0
3, 0
3, 0
3, 0
3, 0
3, 0
1, 0x86480
0, 0x4a470
0, 0x864a0
2, 2
3, 0
3, 0
3, 0
3, 0
3, 0
3, 0
3, 0
3, 0
3, 0
3, 0
3, 0
3, 0
3, 0
3, 0
1, 0x864a0
0, 0x4a490
0, 0x864c0
2, 2
3, 0
3, 0
3, 0
3, 0
3, 0
3, 0
3, 0
3, 0
3, 0
3, 0
3, 0
3, 0
3, 0
3, 0
1, 0x864c0
0, 0x4a4b0
0, 0x864e0
2, 2
3, 0
3, 0
3, 0
3, 0
3, 0
3, 0
3, 0
3, 0
3, 0
3, 0
3, 0
3, 0
3, 0
3, 0
0, 0x4a4d0
0, 0x86500
0, 0x4a4f0
0, 0x86520
0, 0x4a510
0, 0x86540
0, 0x4a530
0, 0x86560
1, 0x864e0
0, 0x4a4d0
0, 0x86500
2, 2
3, 0
3, 0
3, 0
3, 0
3, 0
3, 0
3, 0
3, 0
3, 0
3, 0
3, 0
3, 0
3, 0
3, 0
1, 0x86500
0, 0x4a4f0
0, 0x86520
2, 2
3, 0
3, 0
3, 0
3, 0
3, 0
3, 0
3, 0
3, 0
3, 0
3, 0
3, 0
3, 0
3, 0
3, 0
1, 0x86520
0, 0x4a510
0, 0x86540
2, 2
3, 0
3, 0
3, 0
3, 0
3, 0
3, 0
3, 0
3, 0
3, 0
3, 0
3, 0
3, 0
3, 0
3, 0
1, 0x86540
0, 0x4a530
0, 0x86560
2, 2
3, 0
3, 0
3, 0
3, 0
3, 0
3, 0
3, 0
3, 0
3, 0
3, 0
3, 0
3, 0
3, 0
3, 0
0, 0x4a550
0, 0x86580
0, 0x4a570
0, 0x865a0
0, 0x4a590
0, 0x865c0
0, 0x4a5b0
0, 0x865e0
1, 0x86560
0, 0x4a550
0, 0x86580
2, 2
3, 0
3, 0
3, 0
3, 0
3, 0
3, 0
3, 0
3, 0
3, 0
3, 0
3, 0
3, 0
3, 0
3, 0
1, 0x86580
0, 0x4a570
0, 0x865a0
2, 2
3, 0
3, 0
3, 0
3, 0
3, 0
3, 0
3, 0
3, 0
3, 0
3, 0
3, 0
3, 0
3, 0
3, 0
1, 0x865a0
0, 0x4a590
0, 0x865c0
2, 2
3, 0
3, 0
3, 0
3, 0
3, 0
3, 0
3, 0
3, 0
3, 0
3, 0
3, 0
3, 0
3, 0
3, 0
1, 0x865c0
0, 0x4a5b0
0, 0x865e0
2, 2
3, 0
3, 0
3, 0
3, 0
3, 0
3, 0
3, 0
3, 0
3, 0
3, 0
3, 0
3, 0
3, 0
3, 0
0, 0x4a5d0
0, 0x86600
0, 0x4a5f0
0, 0x86620
0, 0x4a610
0, 0x86640
0, 0x4a630
0, 0x86660
1, 0x865e0
0, 0x4a5d0
0, 0x86600
2, 2
3, 0
3, 0
3, 0
3, 0
3, 0
3, 0
3, 0
3, 0
3, 0
3, 0
3, 0
3, 0
3, 0
3, 0
1, 0x86600
0, 0x4a5f0
0, 0x86620
2, 2
3, 0
3, 0
3, 0
3, 0
3, 0
3, 0
3, 0
3, 0
3, 0
3, 0
3, 0
3, 0
3, 0
3, 0
1, 0x86620
0, 0x4a610
0, 0x86640
2, 2
3, 0
3, 0
3, 0
3, 0
3, 0
3, 0
3, 0
3, 0
3, 0
3, 0
3, 0
3, 0
3, 0
3, 0
1, 0x86640
0, 0x4a630
0, 0x86660
2, 2
3, 0
3, 0
3, 0
3, 0
3, 0
3, 0
3, 0
3, 0
3, 0
3, 0
3, 0
3, 0
3, 0
3, 0
0, 0x4a650
0, 0x86680
0, 0x4a670
0, 0x866a0
0, 0x4a690
0, 0x866c0
0, 0x4a6b0
0, 0x866e0
1, 0x86660
0, 0x4a650
0, 0x86680
2, 2
3, 0
3, 0
3, 0
3, 0
3, 0
3, 0
3, 0
3, 0
3, 0
3, 0
3, 0
3, 0
3, 0
3, 0
1, 0x86680
0, 0x4a670
0, 0x866a0
2, 2
3, 0
3, 0
3, 0
3, 0
3, 0
3, 0
3, 0
3, 0
3, 0
3, 0
3, 0
3, 0
3, 0
3, 0
1, 0x866a0
0, 0x4a690
0, 0x866c0
2, 2
3, 0
3, 0
3, 0
3, 0
3, 0
3, 0
3, 0
3, 0
3, 0
3, 0
3, 0
3, 0
3, 0
3, 0
1, 0x866c0
0, 0x4a6b0
0, 0x866e0
2, 2
3, 0
3, 0
3, 0
3, 0
3, 0
3, 0
3, 0
3, 0
3, 0
3, 0
3, 0
3, 0
3, 0
3, 0
0, 0x4a6d0
0, 0x86700
0, 0x4a6f0
0, 0x86720
0, 0x4a710
0, 0x86740
0, 0x4a730
0, 0x86760
1, 0x866e0
0, 0x4a6d0
0, 0x86700
2, 2
3, 0
3, 0
3, 0
3, 0
3, 0
3, 0
3, 0
3, 0
3, 0
3, 0
3, 0
3, 0
3, 0
3, 0
1, 0x86700
0, 0x4a6f0
0, 0x86720
2, 2
3, 0
3, 0
3, 0
3, 0
3, 0
3, 0
3, 0
3, 0
3, 0
3, 0
3, 0
3, 0
3, 0
3, 0
1, 0x86720
0, 0x4a710
0, 0x86740
2, 2
3, 0
3, 0
3, 0
3, 0
3, 0
3, 0
3, 0
3, 0
3, 0
3, 0
3, 0
3, 0
3, 0
3, 0
1, 0x86740
0, 0x4a730
0, 0x86760
2, 2
3, 0
3, 0
3, 0
3, 0
3, 0
3, 0
3, 0
3, 0
3, 0
3, 0
3, 0
3, 0
3, 0
3, 0
0, 0x4a750
0, 0x86780
0, 0x4a770
0, 0x867a0
0, 0x4a790
0, 0x867c0
0, 0x4a7b0
0, 0x867e0
1, 0x86760
0, 0x4a750
0, 0x86780
2, 2
3, 0
3, 0
3, 0
3, 0
3, 0
3, 0
3, 0
3, 0
3, 0
3, 0
3, 0
3, 0
3, 0
3, 0
1, 0x86780
0, 0x4a770
0, 0x867a0
2, 2
3, 0
3, 0
3, 0
3, 0
3, 0
3, 0
3, 0
3, 0
3, 0
3, 0
3, 0
3, 0
3, 0
3, 0
1, 0x867a0
0, 0x4a790
0, 0x867c0
2, 2
3, 0
3, 0
3, 0
3, 0
3, 0
3, 0
3, 0
3, 0
3, 0
3, 0
3, 0
3, 0
3, 0
3, 0
1, 0x867c0
0, 0x4a7b0
0, 0x867e0
2, 2
3, 0
3, 0
3, 0
3, 0
3, 0
3, 0
3, 0
3, 0
3, 0
3, 0
3, 0
3, 0
3, 0
3, 0
0, 0x4a7d0
0, 0x86800
0, 0x4a7f0
0, 0x86820
0, 0x4a810
0, 0x86840
0, 0x4a830
0, 0x86860
1, 0x867e0
0, 0x4a7d0
0, 0x86800
2, 2
3, 0
3, 0
3, 0
3, 0
3, 0
3, 0
3, 0
3, 0
3, 0
3, 0
3, 0
3, 0
3, 0
3, 0
1, 0x86800
0, 0x4a7f0
0, 0x86820
2, 2
3, 0
3, 0
3, 0
3, 0
3, 0
3, 0
3, 0
3, 0
3, 0
3, 0
3, 0
3, 0
3, 0
3, 0
1, 0x86820
0, 0x4a810
0, 0x86840
2, 2
3, 0
3, 0
3, 0
3, 0
3, 0
3, 0
3, 0
3, 0
3, 0
3, 0
3, 0
3, 0
3, 0
3, 0
1, 0x86840
0, 0x4a830
0, 0x86860
2, 2
3, 0
3, 0
3, 0
3, 0
3, 0
3, 0
3, 0
3, 0
3, 0
3, 0
3, 0
3, 0
3, 0
3, 0
0, 0x4a850
0, 0x86880
0, 0x4a870
0, 0x868a0
0, 0x4a890
0, 0x868c0
0, 0x4a8b0
0, 0x868e0
1, 0x86860
0, 0x4a850
0, 0x86880
2, 2
3, 0
3, 0
3, 0
3, 0
3, 0
3, 0
3, 0
3, 0
3, 0
3, 0
3, 0
3, 0
3, 0
3, 0
1, 0x86880
0, 0x4a870
0, 0x868a0
2, 2
3, 0
3, 0
3, 0
3, 0
3, 0
3, 0
3, 0
3, 0
3, 0
3, 0
3, 0
3, 0
3, 0
3, 0
1, 0x868a0
0, 0x4a890
0, 0x868c0
2, 2
3, 0
3, 0
3, 0
3, 0
3, 0
3, 0
3, 0
3, 0
3, 0
3, 0
3, 0
3, 0
3, 0
3, 0
1, 0x868c0
0, 0x4a8b0
0, 0x868e0
2, 2
3, 0
3, 0
3, 0
3, 0
3, 0
3, 0
3, 0
3, 0
3, 0
3, 0
3, 0
3, 0
3, 0
3, 0
0, 0x4a8d0
0, 0x86900
0, 0x4a8f0
0, 0x86920
0, 0x4a910
0, 0x86940
0, 0x4a930
0, 0x86960
1, 0x868e0
0, 0x4a8d0
0, 0x86900
2, 2
3, 0
3, 0
3, 0
3, 0
3, 0
3, 0
3, 0
3, 0
3, 0
3, 0
3, 0
3, 0
3, 0
3, 0
1, 0x86900
0, 0x4a8f0
0, 0x86920
2, 2
3, 0
3, 0
3, 0
3, 0
3, 0
3, 0
3, 0
3, 0
3, 0
3, 0
3, 0
3, 0
3, 0
3, 0
1, 0x86920
0, 0x4a910
0, 0x86940
2, 2
3, 0
3, 0
3, 0
3, 0
3, 0
3, 0
3, 0
3, 0
3, 0
3, 0
3, 0
3, 0
3, 0
3, 0
1, 0x86940
0, 0x4a930
0, 0x86960
2, 2
3, 0
3, 0
3, 0
3, 0
3, 0
3, 0
3, 0
3, 0
3, 0
3, 0
3, 0
3, 0
3, 0
3, 0
0, 0x4a950
0, 0x86980
0, 0x4a970
0, 0x869a0
0, 0x4a990
0, 0x869c0
0, 0x4a9b0
0, 0x869e0
1, 0x86960
0, 0x4a950
0, 0x86980
2, 2
3, 0
3, 0
3, 0
3, 0
3, 0
3, 0
3, 0
3, 0
3, 0
3, 0
3, 0
3, 0
3, 0
3, 0
1, 0x86980
0, 0x4a970
0, 0x869a0
2, 2
3, 0
3, 0
3, 0
3, 0
3, 0
3, 0
3, 0
3, 0
3, 0
3, 0
3, 0
3, 0
3, 0
3, 0
1, 0x869a0
0, 0x4a990
0, 0x869c0
2, 2
3, 0
3, 0
3, 0
3, 0
3, 0
3, 0
3, 0
3, 0
3, 0
3, 0
3, 0
3, 0
3, 0
3, 0
1, 0x869c0
0, 0x4a9b0
0, 0x869e0
2, 2
3, 0
3, 0
3, 0
3, 0
3, 0
3, 0
3, 0
3, 0
3, 0
3, 0
3, 0
3, 0
3, 0
3, 0
0, 0x4a9d0
0, 0x86a00
0, 0x4a9f0
0, 0x86a20
0, 0x4aa10
0, 0x86a40
0, 0x4aa30
0, 0x86a60
1, 0x869e0
0, 0x4a9d0
0, 0x86a00
2, 2
3, 0
3, 0
3, 0
3, 0
3, 0
3, 0
3, 0
3, 0
3, 0
3, 0
3, 0
3, 0
3, 0
3, 0
1, 0x86a00
0, 0x4a9f0
0, 0x86a20
2, 2
3, 0
3, 0
3, 0
3, 0
3, 0
3, 0
3, 0
3, 0
3, 0
3, 0
3, 0
3, 0
3, 0
3, 0
1, 0x86a20
0, 0x4aa10
0, 0x86a40
2, 2
3, 0
3, 0
3, 0
3, 0
3, 0
3, 0
3, 0
3, 0
3, 0
3, 0
3, 0
3, 0
3, 0
3, 0
1, 0x86a40
0, 0x4aa30
0, 0x86a60
2, 2
3, 0
3, 0
3, 0
3, 0
3, 0
3, 0
3, 0
3, 0
3, 0
3, 0
3, 0
3, 0
3, 0
3, 0
0, 0x4aa50
0, 0x86a80
0, 0x4aa70
0, 0x86aa0
0, 0x4aa90
0, 0x86ac0
0, 0x4aab0
0, 0x86ae0
1, 0x86a60
0, 0x4aa50
0, 0x86a80
2, 2
3, 0
3, 0
3, 0
3, 0
3, 0
3, 0
3, 0
3, 0
3, 0
3, 0
3, 0
3, 0
3, 0
3, 0
1, 0x86a80
0, 0x4aa70
0, 0x86aa0
2, 2
3, 0
3, 0
3, 0
3, 0
3, 0
3, 0
3, 0
3, 0
3, 0
3, 0
3, 0
3, 0
3, 0
3, 0
1, 0x86aa0
0, 0x4aa90
0, 0x86ac0
2, 2
3, 0
3, 0
3, 0
3, 0
3, 0
3, 0
3, 0
3, 0
3, 0
3, 0
3, 0
3, 0
3, 0
3, 0
1, 0x86ac0
0, 0x4aab0
0, 0x86ae0
2, 2
3, 0
3, 0
3, 0
3, 0
3, 0
3, 0
3, 0
3, 0
3, 0
3, 0
3, 0
3, 0
3, 0
3, 0
0, 0x4aad0
0, 0x86b00
0, 0x4aaf0
0, 0x86b20
0, 0x4ab10
0, 0x86b40
0, 0x4ab30
0, 0x86b60
1, 0x86ae0
0, 0x4aad0
0, 0x86b00
2, 2
3, 0
3, 0
3, 0
3, 0
3, 0
3, 0
3, 0
3, 0
3, 0
3, 0
3, 0
3, 0
3, 0
3, 0
1, 0x86b00
0, 0x4aaf0
0, 0x86b20
2, 2
3, 0
3, 0
3, 0
3, 0
3, 0
3, 0
3, 0
3, 0
3, 0
3, 0
3, 0
3, 0
3, 0
3, 0
1, 0x86b20
0, 0x4ab10
0, 0x86b40
2, 2
3, 0
3, 0
3, 0
3, 0
3, 0
3, 0
3, 0
3, 0
3, 0
3, 0
3, 0
3, 0
3, 0
3, 0
1, 0x86b40
0, 0x4ab30
0, 0x86b60
2, 2
3, 0
3, 0
3, 0
3, 0
3, 0
3, 0
3, 0
3, 0
3, 0
3, 0
3, 0
3, 0
3, 0
3, 0
0, 0x4ab50
0, 0x86b80
0, 0x4ab70
0, 0x86ba0
0, 0x4ab90
0, 0x86bc0
0, 0x4abb0
0, 0x86be0
1, 0x86b60
0, 0x4ab50
0, 0x86b80
2, 2
3, 0
3, 0
3, 0
3, 0
3, 0
3, 0
3, 0
3, 0
3, 0
3, 0
3, 0
3, 0
3, 0
3, 0
1, 0x86b80
0, 0x4ab70
0, 0x86ba0
2, 2
3, 0
3, 0
3, 0
3, 0
3, 0
3, 0
3, 0
3, 0
3, 0
3, 0
3, 0
3, 0
3, 0
3, 0
1, 0x86ba0
0, 0x4ab90
0, 0x86bc0
2, 2
3, 0
3, 0
3, 0
3, 0
3, 0
3, 0
3, 0
3, 0
3, 0
3, 0
3, 0
3, 0
3, 0
3, 0
1, 0x86bc0
0, 0x4abb0
0, 0x86be0
2, 2
3, 0
3, 0
3, 0
3, 0
3, 0
3, 0
3, 0
3, 0
3, 0
3, 0
3, 0
3, 0
3, 0
3, 0
0, 0x4abd0
0, 0x86c00
0, 0x4abf0
0, 0x86c20
0, 0x4ac10
0, 0x86c40
0, 0x4ac30
0, 0x86c60
1, 0x86be0
0, 0x4abd0
0, 0x86c00
2, 2
3, 0
3, 0
3, 0
3, 0
3, 0
3, 0
3, 0
3, 0
3, 0
3, 0
3, 0
3, 0
3, 0
3, 0
1, 0x86c00
0, 0x4abf0
0, 0x86c20
2, 2
3, 0
3, 0
3, 0
3, 0
3, 0
3, 0
3, 0
3, 0
3, 0
3, 0
3, 0
3, 0
3, 0
3, 0
1, 0x86c20
0, 0x4ac10
0, 0x86c40
2, 2
3, 0
3, 0
3, 0
3, 0
3, 0
3, 0
3, 0
3, 0
3, 0
3, 0
3, 0
3, 0
3, 0
3, 0
1, 0x86c40
0, 0x4ac30
0, 0x86c60
2, 2
3, 0
3, 0
3, 0
3, 0
3, 0
3, 0
3, 0
3, 0
3, 0
3, 0
3, 0
3, 0
3, 0
3, 0
0, 0x4ac50
0, 0x86c80
0, 0x4ac70
0, 0x86ca0
0, 0x4ac90
0, 0x86cc0
0, 0x4acb0
0, 0x86ce0
1, 0x86c60
0, 0x4ac50
0, 0x86c80
2, 2
3, 0
3, 0
3, 0
3, 0
3, 0
3, 0
3, 0
3, 0
3, 0
3, 0
3, 0
3, 0
3, 0
3, 0
1, 0x86c80
0, 0x4ac70
0, 0x86ca0
2, 2
3, 0
3, 0
3, 0
3, 0
3, 0
3, 0
3, 0
3, 0
3, 0
3, 0
3, 0
3, 0
3, 0
3, 0
1, 0x86ca0
0, 0x4ac90
0, 0x86cc0
2, 2
3, 0
3, 0
3, 0
3, 0
3, 0
3, 0
3, 0
3, 0
3, 0
3, 0
3, 0
3, 0
3, 0
3, 0
1, 0x86cc0
0, 0x4acb0
0, 0x86ce0
2, 2
3, 0
3, 0
3, 0
3, 0
3, 0
3, 0
3, 0
3, 0
3, 0
3, 0
3, 0
3, 0
3, 0
3, 0
0, 0x4acd0
0, 0x86d00
0, 0x4acf0
0, 0x86d20
0, 0x4ad10
0, 0x86d40
0, 0x4ad30
0, 0x86d60
1, 0x86ce0
0, 0x4acd0
0, 0x86d00
2, 2
3, 0
3, 0
3, 0
3, 0
3, 0
3, 0
3, 0
3, 0
3, 0
3, 0
3, 0
3, 0
3, 0
3, 0
1, 0x86d00
0, 0x4acf0
0, 0x86d20
2, 2
3, 0
3, 0
3, 0
3, 0
3, 0
3, 0
3, 0
3, 0
3, 0
3, 0
3, 0
3, 0
3, 0
3, 0
1, 0x86d20
0, 0x4ad10
0, 0x86d40
2, 2
3, 0
3, 0
3, 0
3, 0
3, 0
3, 0
3, 0
3, 0
3, 0
3, 0
3, 0
3, 0
3, 0
3, 0
1, 0x86d40
0, 0x4ad30
0, 0x86d60
2, 2
3, 0
3, 0
3, 0
3, 0
3, 0
3, 0
3, 0
3, 0
3, 0
3, 0
3, 0
3, 0
3, 0
3, 0
0, 0x4ad50
0, 0x86d80
0, 0x4ad70
0, 0x86da0
0, 0x4ad90
0, 0x86dc0
0, 0x4adb0
0, 0x86de0
1, 0x86d60
0, 0x4ad50
0, 0x86d80
2, 2
3, 0
3, 0
3, 0
3, 0
3, 0
3, 0
3, 0
3, 0
3, 0
3, 0
3, 0
3, 0
3, 0
3, 0
1, 0x86d80
0, 0x4ad70
0, 0x86da0
2, 2
3, 0
3, 0
3, 0
3, 0
3, 0
3, 0
3, 0
3, 0
3, 0
3, 0
3, 0
3, 0
3, 0
3, 0
1, 0x86da0
0, 0x4ad90
0, 0x86dc0
2, 2
3, 0
3, 0
3, 0
3, 0
3, 0
3, 0
3, 0
3, 0
3, 0
3, 0
3, 0
3, 0
3, 0
3, 0
1, 0x86dc0
0, 0x4adb0
0, 0x86de0
2, 2
3, 0
3, 0
3, 0
3, 0
3, 0
3, 0
3, 0
3, 0
3, 0
3, 0
3, 0
3, 0
3, 0
3, 0
0, 0x4add0
0, 0x86e00
0, 0x4adf0
0, 0x86e20
0, 0x4ae10
0, 0x86e40
0, 0x4ae30
0, 0x86e60
1, 0x86de0
0, 0x4add0
0, 0x86e00
2, 2
3, 0
3, 0
3, 0
3, 0
3, 0
3, 0
3, 0
3, 0
3, 0
3, 0
3, 0
3, 0
3, 0
3, 0
1, 0x86e00
0, 0x4adf0
0, 0x86e20
2, 2
3, 0
3, 0
3, 0
3, 0
3, 0
3, 0
3, 0
3, 0
3, 0
3, 0
3, 0
3, 0
3, 0
3, 0
1, 0x86e20
0, 0x4ae10
0, 0x86e40
2, 2
3, 0
3, 0
3, 0
3, 0
3, 0
3, 0
3, 0
3, 0
3, 0
3, 0
3, 0
3, 0
3, 0
3, 0
1, 0x86e40
0, 0x4ae30
0, 0x86e60
2, 2
3, 0
3, 0
3, 0
3, 0
3, 0
3, 0
3, 0
3, 0
3, 0
3, 0
3, 0
3, 0
3, 0
3, 0
0, 0x4ae50
0, 0x86e80
0, 0x4ae70
0, 0x86ea0
0, 0x4ae90
0, 0x86ec0
0, 0x4aeb0
0, 0x86ee0
1, 0x86e60
0, 0x4ae50
0, 0x86e80
2, 2
3, 0
3, 0
3, 0
3, 0
3, 0
3, 0
3, 0
3, 0
3, 0
3, 0
3, 0
3, 0
3, 0
3, 0
1, 0x86e80
0, 0x4ae70
0, 0x86ea0
2, 2
3, 0
3, 0
3, 0
3, 0
3, 0
3, 0
3, 0
3, 0
3, 0
3, 0
3, 0
3, 0
3, 0
3, 0
1, 0x86ea0
0, 0x4ae90
0, 0x86ec0
2, 2
3, 0
3, 0
3, 0
3, 0
3, 0
3, 0
3, 0
3, 0
3, 0
3, 0
3, 0
3, 0
3, 0
3, 0
1, 0x86ec0
0, 0x4aeb0
0, 0x86ee0
2, 2
3, 0
3, 0
3, 0
3, 0
3, 0
3, 0
3, 0
3, 0
3, 0
3, 0
3, 0
3, 0
3, 0
3, 0
0, 0x4aed0
0, 0x86f00
0, 0x4aef0
0, 0x86f20
0, 0x4af10
0, 0x86f40
0, 0x4af30
0, 0x86f60
1, 0x86ee0
0, 0x4aed0
0, 0x86f00
2, 2
3, 0
3, 0
3, 0
3, 0
3, 0
3, 0
3, 0
3, 0
3, 0
3, 0
3, 0
3, 0
3, 0
3, 0
1, 0x86f00
0, 0x4aef0
0, 0x86f20
2, 2
3, 0
3, 0
3, 0
3, 0
3, 0
3, 0
3, 0
3, 0
3, 0
3, 0
3, 0
3, 0
3, 0
3, 0
1, 0x86f20
0, 0x4af10
0, 0x86f40
2, 2
3, 0
3, 0
3, 0
3, 0
3, 0
3, 0
3, 0
3, 0
3, 0
3, 0
3, 0
3, 0
3, 0
3, 0
1, 0x86f40
0, 0x4af30
0, 0x86f60
2, 2
3, 0
3, 0
3, 0
3, 0
3, 0
3, 0
3, 0
3, 0
3, 0
3, 0
3, 0
3, 0
3, 0
3, 0
0, 0x4af50
0, 0x86f80
0, 0x4af70
0, 0x86fa0
0, 0x4af90
0, 0x86fc0
0, 0x4afb0
0, 0x86fe0
1, 0x86f60
0, 0x4af50
0, 0x86f80
2, 2
3, 0
3, 0
3, 0
3, 0
3, 0
3, 0
3, 0
3, 0
3, 0
3, 0
3, 0
3, 0
3, 0
3, 0
1, 0x86f80
0, 0x4af70
0, 0x86fa0
2, 2
3, 0
3, 0
3, 0
3, 0
3, 0
3, 0
3, 0
3, 0
3, 0
3, 0
3, 0
3, 0
3, 0
3, 0
1, 0x86fa0
0, 0x4af90
0, 0x86fc0
2, 2
3, 0
3, 0
3, 0
3, 0
3, 0
3, 0
3, 0
3, 0
3, 0
3, 0
3, 0
3, 0
3, 0
3, 0
1, 0x86fc0
0, 0x4afb0
0, 0x86fe0
2, 2
3, 0
3, 0
3, 0
3, 0
3, 0
3, 0
3, 0
3, 0
3, 0
3, 0
3, 0
3, 0
3, 0
3, 0
0, 0x4afd0
0, 0x87000
0, 0x4aff0
0, 0x87020
0, 0x4b010
0, 0x87040
0, 0x4b030
0, 0x87060
1, 0x86fe0
0, 0x4afd0
0, 0x87000
2, 2
3, 0
3, 0
3, 0
3, 0
3, 0
3, 0
3, 0
3, 0
3, 0
3, 0
3, 0
3, 0
3, 0
3, 0
1, 0x87000
0, 0x4aff0
0, 0x87020
2, 2
3, 0
3, 0
3, 0
3, 0
3, 0
3, 0
3, 0
3, 0
3, 0
3, 0
3, 0
3, 0
3, 0
3, 0
1, 0x87020
0, 0x4b010
0, 0x87040
2, 2
3, 0
3, 0
3, 0
3, 0
3, 0
3, 0
3, 0
3, 0
3, 0
3, 0
3, 0
3, 0
3, 0
3, 0
1, 0x87040
0, 0x4b030
0, 0x87060
2, 2
3, 0
3, 0
3, 0
3, 0
3, 0
3, 0
3, 0
3, 0
3, 0
3, 0
3, 0
3, 0
3, 0
3, 0
0, 0x4b050
0, 0x87080
0, 0x4b070
0, 0x870a0
0, 0x4b090
0, 0x870c0
0, 0x4b0b0
0, 0x870e0
1, 0x87060
0, 0x4b050
0, 0x87080
2, 2
3, 0
3, 0
3, 0
3, 0
3, 0
3, 0
3, 0
3, 0
3, 0
3, 0
3, 0
3, 0
3, 0
3, 0
1, 0x87080
0, 0x4b070
0, 0x870a0
2, 2
3, 0
3, 0
3, 0
3, 0
3, 0
3, 0
3, 0
3, 0
3, 0
3, 0
3, 0
3, 0
3, 0
3, 0
1, 0x870a0
0, 0x4b090
0, 0x870c0
2, 2
3, 0
3, 0
3, 0
3, 0
3, 0
3, 0
3, 0
3, 0
3, 0
3, 0
3, 0
3, 0
3, 0
3, 0
1, 0x870c0
0, 0x4b0b0
0, 0x870e0
2, 2
3, 0
3, 0
3, 0
3, 0
3, 0
3, 0
3, 0
3, 0
3, 0
3, 0
3, 0
3, 0
3, 0
3, 0
0, 0x4b0d0
0, 0x87100
0, 0x4b0f0
0, 0x87120
0, 0x4b110
0, 0x87140
0, 0x4b130
0, 0x87160
1, 0x870e0
0, 0x4b0d0
0, 0x87100
2, 2
3, 0
3, 0
3, 0
3, 0
3, 0
3, 0
3, 0
3, 0
3, 0
3, 0
3, 0
3, 0
3, 0
3, 0
1, 0x87100
0, 0x4b0f0
0, 0x87120
2, 2
3, 0
3, 0
3, 0
3, 0
3, 0
3, 0
3, 0
3, 0
3, 0
3, 0
3, 0
3, 0
3, 0
3, 0
1, 0x87120
0, 0x4b110
0, 0x87140
2, 2
3, 0
3, 0
3, 0
3, 0
3, 0
3, 0
3, 0
3, 0
3, 0
3, 0
3, 0
3, 0
3, 0
3, 0
1, 0x87140
0, 0x4b130
0, 0x87160
2, 2
3, 0
3, 0
3, 0
3, 0
3, 0
3, 0
3, 0
3, 0
3, 0
3, 0
3, 0
3, 0
3, 0
3, 0
0, 0x4b150
0, 0x87180
0, 0x4b170
0, 0x871a0
0, 0x4b190
0, 0x871c0
0, 0x4b1b0
0, 0x871e0
1, 0x87160
0, 0x4b150
0, 0x87180
2, 2
3, 0
3, 0
3, 0
3, 0
3, 0
3, 0
3, 0
3, 0
3, 0
3, 0
3, 0
3, 0
3, 0
3, 0
1, 0x87180
0, 0x4b170
0, 0x871a0
2, 2
3, 0
3, 0
3, 0
3, 0
3, 0
3, 0
3, 0
3, 0
3, 0
3, 0
3, 0
3, 0
3, 0
3, 0
1, 0x871a0
0, 0x4b190
0, 0x871c0
2, 2
3, 0
3, 0
3, 0
3, 0
3, 0
3, 0
3, 0
3, 0
3, 0
3, 0
3, 0
3, 0
3, 0
3, 0
1, 0x871c0
0, 0x4b1b0
0, 0x871e0
2, 2
3, 0
3, 0
3, 0
3, 0
3, 0
3, 0
3, 0
3, 0
3, 0
3, 0
3, 0
3, 0
3, 0
3, 0
0, 0x4b1d0
0, 0x87200
0, 0x4b1f0
0, 0x87220
0, 0x4b210
0, 0x87240
0, 0x4b230
0, 0x87260
1, 0x871e0
0, 0x4b1d0
0, 0x87200
2, 2
3, 0
3, 0
3, 0
3, 0
3, 0
3, 0
3, 0
3, 0
3, 0
3, 0
3, 0
3, 0
3, 0
3, 0
1, 0x87200
0, 0x4b1f0
0, 0x87220
2, 2
3, 0
3, 0
3, 0
3, 0
3, 0
3, 0
3, 0
3, 0
3, 0
3, 0
3, 0
3, 0
3, 0
3, 0
1, 0x87220
0, 0x4b210
0, 0x87240
2, 2
3, 0
3, 0
3, 0
3, 0
3, 0
3, 0
3, 0
3, 0
3, 0
3, 0
3, 0
3, 0
3, 0
3, 0
1, 0x87240
0, 0x4b230
0, 0x87260
2, 2
3, 0
3, 0
3, 0
3, 0
3, 0
3, 0
3, 0
3, 0
3, 0
3, 0
3, 0
3, 0
3, 0
3, 0
0, 0x4b250
0, 0x87280
0, 0x4b270
0, 0x872a0
0, 0x4b290
0, 0x872c0
0, 0x4b2b0
0, 0x872e0
1, 0x87260
0, 0x4b250
0, 0x87280
2, 2
3, 0
3, 0
3, 0
3, 0
3, 0
3, 0
3, 0
3, 0
3, 0
3, 0
3, 0
3, 0
3, 0
3, 0
1, 0x87280
0, 0x4b270
0, 0x872a0
2, 2
3, 0
3, 0
3, 0
3, 0
3, 0
3, 0
3, 0
3, 0
3, 0
3, 0
3, 0
3, 0
3, 0
3, 0
1, 0x872a0
0, 0x4b290
0, 0x872c0
2, 2
3, 0
3, 0
3, 0
3, 0
3, 0
3, 0
3, 0
3, 0
3, 0
3, 0
3, 0
3, 0
3, 0
3, 0
1, 0x872c0
0, 0x4b2b0
0, 0x872e0
2, 2
3, 0
3, 0
3, 0
3, 0
3, 0
3, 0
3, 0
3, 0
3, 0
3, 0
3, 0
3, 0
3, 0
3, 0
0, 0x4b2d0
0, 0x87300
0, 0x4b2f0
0, 0x87320
0, 0x4b310
0, 0x87340
0, 0x4b330
0, 0x87360
1, 0x872e0
0, 0x4b2d0
0, 0x87300
2, 2
3, 0
3, 0
3, 0
3, 0
3, 0
3, 0
3, 0
3, 0
3, 0
3, 0
3, 0
3, 0
3, 0
3, 0
1, 0x87300
0, 0x4b2f0
0, 0x87320
2, 2
3, 0
3, 0
3, 0
3, 0
3, 0
3, 0
3, 0
3, 0
3, 0
3, 0
3, 0
3, 0
3, 0
3, 0
1, 0x87320
0, 0x4b310
0, 0x87340
2, 2
3, 0
3, 0
3, 0
3, 0
3, 0
3, 0
3, 0
3, 0
3, 0
3, 0
3, 0
3, 0
3, 0
3, 0
1, 0x87340
0, 0x4b330
0, 0x87360
2, 2
3, 0
3, 0
3, 0
3, 0
3, 0
3, 0
3, 0
3, 0
3, 0
3, 0
3, 0
3, 0
3, 0
3, 0
0, 0x4b350
0, 0x87380
0, 0x4b370
0, 0x873a0
0, 0x4b390
0, 0x873c0
0, 0x4b3b0
0, 0x873e0
1, 0x87360
0, 0x4b350
0, 0x87380
2, 2
3, 0
3, 0
3, 0
3, 0
3, 0
3, 0
3, 0
3, 0
3, 0
3, 0
3, 0
3, 0
3, 0
3, 0
1, 0x87380
0, 0x4b370
0, 0x873a0
2, 2
3, 0
3, 0
3, 0
3, 0
3, 0
3, 0
3, 0
3, 0
3, 0
3, 0
3, 0
3, 0
3, 0
3, 0
1, 0x873a0
0, 0x4b390
0, 0x873c0
2, 2
3, 0
3, 0
3, 0
3, 0
3, 0
3, 0
3, 0
3, 0
3, 0
3, 0
3, 0
3, 0
3, 0
3, 0
1, 0x873c0
0, 0x4b3b0
0, 0x873e0
2, 2
3, 0
3, 0
3, 0
3, 0
3, 0
3, 0
3, 0
3, 0
3, 0
3, 0
3, 0
3, 0
3, 0
3, 0
0, 0x4b3d0
0, 0x87400
0, 0x4b3f0
0, 0x87420
0, 0x4b410
0, 0x87440
0, 0x4b430
0, 0x87460
1, 0x873e0
0, 0x4b3d0
0, 0x87400
2, 2
3, 0
3, 0
3, 0
3, 0
3, 0
3, 0
3, 0
3, 0
3, 0
3, 0
3, 0
3, 0
3, 0
3, 0
1, 0x87400
0, 0x4b3f0
0, 0x87420
2, 2
3, 0
3, 0
3, 0
3, 0
3, 0
3, 0
3, 0
3, 0
3, 0
3, 0
3, 0
3, 0
3, 0
3, 0
1, 0x87420
0, 0x4b410
0, 0x87440
2, 2
3, 0
3, 0
3, 0
3, 0
3, 0
3, 0
3, 0
3, 0
3, 0
3, 0
3, 0
3, 0
3, 0
3, 0
1, 0x87440
0, 0x4b430
0, 0x87460
2, 2
3, 0
3, 0
3, 0
3, 0
3, 0
3, 0
3, 0
3, 0
3, 0
3, 0
3, 0
3, 0
3, 0
3, 0
0, 0x4b450
0, 0x87480
0, 0x4b470
0, 0x874a0
0, 0x4b490
0, 0x874c0
0, 0x4b4b0
0, 0x874e0
1, 0x87460
0, 0x4b450
0, 0x87480
2, 2
3, 0
3, 0
3, 0
3, 0
3, 0
3, 0
3, 0
3, 0
3, 0
3, 0
3, 0
3, 0
3, 0
3, 0
1, 0x87480
0, 0x4b470
0, 0x874a0
2, 2
3, 0
3, 0
3, 0
3, 0
3, 0
3, 0
3, 0
3, 0
3, 0
3, 0
3, 0
3, 0
3, 0
3, 0
1, 0x874a0
0, 0x4b490
0, 0x874c0
2, 2
3, 0
3, 0
3, 0
3, 0
3, 0
3, 0
3, 0
3, 0
3, 0
3, 0
3, 0
3, 0
3, 0
3, 0
1, 0x874c0
0, 0x4b4b0
0, 0x874e0
2, 2
3, 0
3, 0
3, 0
3, 0
3, 0
3, 0
3, 0
3, 0
3, 0
3, 0
3, 0
3, 0
3, 0
3, 0
0, 0x4b4d0
0, 0x87500
0, 0x4b4f0
0, 0x87520
0, 0x4b510
0, 0x87540
0, 0x4b530
0, 0x87560
1, 0x874e0
0, 0x4b4d0
0, 0x87500
2, 2
3, 0
3, 0
3, 0
3, 0
3, 0
3, 0
3, 0
3, 0
3, 0
3, 0
3, 0
3, 0
3, 0
3, 0
1, 0x87500
0, 0x4b4f0
0, 0x87520
2, 2
3, 0
3, 0
3, 0
3, 0
3, 0
3, 0
3, 0
3, 0
3, 0
3, 0
3, 0
3, 0
3, 0
3, 0
1, 0x87520
0, 0x4b510
0, 0x87540
2, 2
3, 0
3, 0
3, 0
3, 0
3, 0
3, 0
3, 0
3, 0
3, 0
3, 0
3, 0
3, 0
3, 0
3, 0
1, 0x87540
0, 0x4b530
0, 0x87560
2, 2
3, 0
3, 0
3, 0
3, 0
3, 0
3, 0
3, 0
3, 0
3, 0
3, 0
3, 0
3, 0
3, 0
3, 0
0, 0x4b550
0, 0x87580
0, 0x4b570
0, 0x875a0
0, 0x4b590
0, 0x875c0
0, 0x4b5b0
0, 0x875e0
1, 0x87560
0, 0x4b550
0, 0x87580
2, 2
3, 0
3, 0
3, 0
3, 0
3, 0
3, 0
3, 0
3, 0
3, 0
3, 0
3, 0
3, 0
3, 0
3, 0
1, 0x87580
0, 0x4b570
0, 0x875a0
2, 2
3, 0
3, 0
3, 0
3, 0
3, 0
3, 0
3, 0
3, 0
3, 0
3, 0
3, 0
3, 0
3, 0
3, 0
1, 0x875a0
0, 0x4b590
0, 0x875c0
2, 2
3, 0
3, 0
3, 0
3, 0
3, 0
3, 0
3, 0
3, 0
3, 0
3, 0
3, 0
3, 0
3, 0
3, 0
1, 0x875c0
0, 0x4b5b0
0, 0x875e0
2, 2
3, 0
3, 0
3, 0
3, 0
3, 0
3, 0
3, 0
3, 0
3, 0
3, 0
3, 0
3, 0
3, 0
3, 0
0, 0x4b5d0
0, 0x87600
0, 0x4b5f0
0, 0x87620
0, 0x4b610
0, 0x87640
0, 0x4b630
0, 0x87660
1, 0x875e0
0, 0x4b5d0
0, 0x87600
2, 2
3, 0
3, 0
3, 0
3, 0
3, 0
3, 0
3, 0
3, 0
3, 0
3, 0
3, 0
3, 0
3, 0
3, 0
1, 0x87600
0, 0x4b5f0
0, 0x87620
2, 2
3, 0
3, 0
3, 0
3, 0
3, 0
3, 0
3, 0
3, 0
3, 0
3, 0
3, 0
3, 0
3, 0
3, 0
1, 0x87620
0, 0x4b610
0, 0x87640
2, 2
3, 0
3, 0
3, 0
3, 0
3, 0
3, 0
3, 0
3, 0
3, 0
3, 0
3, 0
3, 0
3, 0
3, 0
1, 0x87640
0, 0x4b630
0, 0x87660
2, 2
3, 0
3, 0
3, 0
3, 0
3, 0
3, 0
3, 0
3, 0
3, 0
3, 0
3, 0
3, 0
3, 0
3, 0
0, 0x4b650
0, 0x87680
0, 0x4b670
0, 0x876a0
0, 0x4b690
0, 0x876c0
0, 0x4b6b0
0, 0x876e0
1, 0x87660
0, 0x4b650
0, 0x87680
2, 2
3, 0
3, 0
3, 0
3, 0
3, 0
3, 0
3, 0
3, 0
3, 0
3, 0
3, 0
3, 0
3, 0
3, 0
1, 0x87680
0, 0x4b670
0, 0x876a0
2, 2
3, 0
3, 0
3, 0
3, 0
3, 0
3, 0
3, 0
3, 0
3, 0
3, 0
3, 0
3, 0
3, 0
3, 0
1, 0x876a0
0, 0x4b690
0, 0x876c0
2, 2
3, 0
3, 0
3, 0
3, 0
3, 0
3, 0
3, 0
3, 0
3, 0
3, 0
3, 0
3, 0
3, 0
3, 0
1, 0x876c0
0, 0x4b6b0
0, 0x876e0
2, 2
3, 0
3, 0
3, 0
3, 0
3, 0
3, 0
3, 0
3, 0
3, 0
3, 0
3, 0
3, 0
3, 0
3, 0
0, 0x4b6d0
0, 0x87700
0, 0x4b6f0
0, 0x87720
0, 0x4b710
0, 0x87740
0, 0x4b730
0, 0x87760
1, 0x876e0
0, 0x4b6d0
0, 0x87700
2, 2
3, 0
3, 0
3, 0
3, 0
3, 0
3, 0
3, 0
3, 0
3, 0
3, 0
3, 0
3, 0
3, 0
3, 0
1, 0x87700
0, 0x4b6f0
0, 0x87720
2, 2
3, 0
3, 0
3, 0
3, 0
3, 0
3, 0
3, 0
3, 0
3, 0
3, 0
3, 0
3, 0
3, 0
3, 0
1, 0x87720
0, 0x4b710
0, 0x87740
2, 2
3, 0
3, 0
3, 0
3, 0
3, 0
3, 0
3, 0
3, 0
3, 0
3, 0
3, 0
3, 0
3, 0
3, 0
1, 0x87740
0, 0x4b730
0, 0x87760
2, 2
3, 0
3, 0
3, 0
3, 0
3, 0
3, 0
3, 0
3, 0
3, 0
3, 0
3, 0
3, 0
3, 0
3, 0
0, 0x4b750
0, 0x87780
0, 0x4b770
0, 0x877a0
0, 0x4b790
0, 0x877c0
0, 0x4b7b0
0, 0x877e0
1, 0x87760
0, 0x4b750
0, 0x87780
2, 2
3, 0
3, 0
3, 0
3, 0
3, 0
3, 0
3, 0
3, 0
3, 0
3, 0
3, 0
3, 0
3, 0
3, 0
1, 0x87780
0, 0x4b770
0, 0x877a0
2, 2
3, 0
3, 0
3, 0
3, 0
3, 0
3, 0
3, 0
3, 0
3, 0
3, 0
3, 0
3, 0
3, 0
3, 0
1, 0x877a0
0, 0x4b790
0, 0x877c0
2, 2
3, 0
3, 0
3, 0
3, 0
3, 0
3, 0
3, 0
3, 0
3, 0
3, 0
3, 0
3, 0
3, 0
3, 0
1, 0x877c0
0, 0x4b7b0
0, 0x877e0
2, 2
3, 0
3, 0
3, 0
3, 0
3, 0
3, 0
3, 0
3, 0
3, 0
3, 0
3, 0
3, 0
3, 0
3, 0
0, 0x4b7d0
0, 0x87800
0, 0x4b7f0
0, 0x87820
0, 0x4b810
0, 0x87840
0, 0x4b830
0, 0x87860
1, 0x877e0
0, 0x4b7d0
0, 0x87800
2, 2
3, 0
3, 0
3, 0
3, 0
3, 0
3, 0
3, 0
3, 0
3, 0
3, 0
3, 0
3, 0
3, 0
3, 0
1, 0x87800
0, 0x4b7f0
0, 0x87820
2, 2
3, 0
3, 0
3, 0
3, 0
3, 0
3, 0
3, 0
3, 0
3, 0
3, 0
3, 0
3, 0
3, 0
3, 0
1, 0x87820
0, 0x4b810
0, 0x87840
2, 2
3, 0
3, 0
3, 0
3, 0
3, 0
3, 0
3, 0
3, 0
3, 0
3, 0
3, 0
3, 0
3, 0
3, 0
1, 0x87840
0, 0x4b830
0, 0x87860
2, 2
3, 0
3, 0
3, 0
3, 0
3, 0
3, 0
3, 0
3, 0
3, 0
3, 0
3, 0
3, 0
3, 0
3, 0
0, 0x4b850
0, 0x87880
0, 0x4b870
0, 0x878a0
0, 0x4b890
0, 0x878c0
0, 0x4b8b0
0, 0x878e0
1, 0x87860
0, 0x4b850
0, 0x87880
2, 2
3, 0
3, 0
3, 0
3, 0
3, 0
3, 0
3, 0
3, 0
3, 0
3, 0
3, 0
3, 0
3, 0
3, 0
1, 0x87880
0, 0x4b870
0, 0x878a0
2, 2
3, 0
3, 0
3, 0
3, 0
3, 0
3, 0
3, 0
3, 0
3, 0
3, 0
3, 0
3, 0
3, 0
3, 0
1, 0x878a0
0, 0x4b890
0, 0x878c0
2, 2
3, 0
3, 0
3, 0
3, 0
3, 0
3, 0
3, 0
3, 0
3, 0
3, 0
3, 0
3, 0
3, 0
3, 0
1, 0x878c0
0, 0x4b8b0
0, 0x878e0
2, 2
3, 0
3, 0
3, 0
3, 0
3, 0
3, 0
3, 0
3, 0
3, 0
3, 0
3, 0
3, 0
3, 0
3, 0
0, 0x4b8d0
0, 0x87900
0, 0x4b8f0
0, 0x87920
0, 0x4b910
0, 0x87940
0, 0x4b930
0, 0x87960
1, 0x878e0
0, 0x4b8d0
0, 0x87900
2, 2
3, 0
3, 0
3, 0
3, 0
3, 0
3, 0
3, 0
3, 0
3, 0
3, 0
3, 0
3, 0
3, 0
3, 0
1, 0x87900
0, 0x4b8f0
0, 0x87920
2, 2
3, 0
3, 0
3, 0
3, 0
3, 0
3, 0
3, 0
3, 0
3, 0
3, 0
3, 0
3, 0
3, 0
3, 0
1, 0x87920
0, 0x4b910
0, 0x87940
2, 2
3, 0
3, 0
3, 0
3, 0
3, 0
3, 0
3, 0
3, 0
3, 0
3, 0
3, 0
3, 0
3, 0
3, 0
1, 0x87940
0, 0x4b930
0, 0x87960
2, 2
3, 0
3, 0
3, 0
3, 0
3, 0
3, 0
3, 0
3, 0
3, 0
3, 0
3, 0
3, 0
3, 0
3, 0
0, 0x4b950
0, 0x87980
0, 0x4b970
0, 0x879a0
0, 0x4b990
0, 0x879c0
0, 0x4b9b0
0, 0x879e0
1, 0x87960
0, 0x4b950
0, 0x87980
2, 2
3, 0
3, 0
3, 0
3, 0
3, 0
3, 0
3, 0
3, 0
3, 0
3, 0
3, 0
3, 0
3, 0
3, 0
1, 0x87980
0, 0x4b970
0, 0x879a0
2, 2
3, 0
3, 0
3, 0
3, 0
3, 0
3, 0
3, 0
3, 0
3, 0
3, 0
3, 0
3, 0
3, 0
3, 0
1, 0x879a0
0, 0x4b990
0, 0x879c0
2, 2
3, 0
3, 0
3, 0
3, 0
3, 0
3, 0
3, 0
3, 0
3, 0
3, 0
3, 0
3, 0
3, 0
3, 0
1, 0x879c0
0, 0x4b9b0
0, 0x879e0
2, 2
3, 0
3, 0
3, 0
3, 0
3, 0
3, 0
3, 0
3, 0
3, 0
3, 0
3, 0
3, 0
3, 0
3, 0
0, 0x4b9d0
0, 0x87a00
0, 0x4b9f0
0, 0x87a20
0, 0x4ba10
0, 0x87a40
0, 0x4ba30
0, 0x87a60
1, 0x879e0
0, 0x4b9d0
0, 0x87a00
2, 2
3, 0
3, 0
3, 0
3, 0
3, 0
3, 0
3, 0
3, 0
3, 0
3, 0
3, 0
3, 0
3, 0
3, 0
1, 0x87a00
0, 0x4b9f0
0, 0x87a20
2, 2
3, 0
3, 0
3, 0
3, 0
3, 0
3, 0
3, 0
3, 0
3, 0
3, 0
3, 0
3, 0
3, 0
3, 0
1, 0x87a20
0, 0x4ba10
0, 0x87a40
2, 2
3, 0
3, 0
3, 0
3, 0
3, 0
3, 0
3, 0
3, 0
3, 0
3, 0
3, 0
3, 0
3, 0
3, 0
1, 0x87a40
0, 0x4ba30
0, 0x87a60
2, 2
3, 0
3, 0
3, 0
3, 0
3, 0
3, 0
3, 0
3, 0
3, 0
3, 0
3, 0
3, 0
3, 0
3, 0
0, 0x4ba50
0, 0x87a80
0, 0x4ba70
0, 0x87aa0
0, 0x4ba90
0, 0x87ac0
0, 0x4bab0
0, 0x87ae0
1, 0x87a60
0, 0x4ba50
0, 0x87a80
2, 2
3, 0
3, 0
3, 0
3, 0
3, 0
3, 0
3, 0
3, 0
3, 0
3, 0
3, 0
3, 0
3, 0
3, 0
1, 0x87a80
0, 0x4ba70
0, 0x87aa0
2, 2
3, 0
3, 0
3, 0
3, 0
3, 0
3, 0
3, 0
3, 0
3, 0
3, 0
3, 0
3, 0
3, 0
3, 0
1, 0x87aa0
0, 0x4ba90
0, 0x87ac0
2, 2
3, 0
3, 0
3, 0
3, 0
3, 0
3, 0
3, 0
3, 0
3, 0
3, 0
3, 0
3, 0
3, 0
3, 0
1, 0x87ac0
0, 0x4bab0
0, 0x87ae0
2, 2
3, 0
3, 0
3, 0
3, 0
3, 0
3, 0
3, 0
3, 0
3, 0
3, 0
3, 0
3, 0
3, 0
3, 0
0, 0x4bad0
0, 0x87b00
0, 0x4baf0
0, 0x87b20
0, 0x4bb10
0, 0x87b40
0, 0x4bb30
0, 0x87b60
1, 0x87ae0
0, 0x4bad0
0, 0x87b00
2, 2
3, 0
3, 0
3, 0
3, 0
3, 0
3, 0
3, 0
3, 0
3, 0
3, 0
3, 0
3, 0
3, 0
3, 0
1, 0x87b00
0, 0x4baf0
0, 0x87b20
2, 2
3, 0
3, 0
3, 0
3, 0
3, 0
3, 0
3, 0
3, 0
3, 0
3, 0
3, 0
3, 0
3, 0
3, 0
1, 0x87b20
0, 0x4bb10
0, 0x87b40
2, 2
3, 0
3, 0
3, 0
3, 0
3, 0
3, 0
3, 0
3, 0
3, 0
3, 0
3, 0
3, 0
3, 0
3, 0
1, 0x87b40
0, 0x4bb30
0, 0x87b60
2, 2
3, 0
3, 0
3, 0
3, 0
3, 0
3, 0
3, 0
3, 0
3, 0
3, 0
3, 0
3, 0
3, 0
3, 0
0, 0x4bb50
0, 0x87b80
0, 0x4bb70
0, 0x87ba0
0, 0x4bb90
0, 0x87bc0
0, 0x4bbb0
0, 0x87be0
1, 0x87b60
0, 0x4bb50
0, 0x87b80
2, 2
3, 0
3, 0
3, 0
3, 0
3, 0
3, 0
3, 0
3, 0
3, 0
3, 0
3, 0
3, 0
3, 0
3, 0
1, 0x87b80
0, 0x4bb70
0, 0x87ba0
2, 2
3, 0
3, 0
3, 0
3, 0
3, 0
3, 0
3, 0
3, 0
3, 0
3, 0
3, 0
3, 0
3, 0
3, 0
1, 0x87ba0
0, 0x4bb90
0, 0x87bc0
2, 2
3, 0
3, 0
3, 0
3, 0
3, 0
3, 0
3, 0
3, 0
3, 0
3, 0
3, 0
3, 0
3, 0
3, 0
1, 0x87bc0
0, 0x4bbb0
0, 0x87be0
2, 2
3, 0
3, 0
3, 0
3, 0
3, 0
3, 0
3, 0
3, 0
3, 0
3, 0
3, 0
3, 0
3, 0
3, 0
0, 0x4bbd0
0, 0x87c00
0, 0x4bbf0
0, 0x87c20
0, 0x4bc10
0, 0x87c40
0, 0x4bc30
0, 0x87c60
1, 0x87be0
0, 0x4bbd0
0, 0x87c00
2, 2
3, 0
3, 0
3, 0
3, 0
3, 0
3, 0
3, 0
3, 0
3, 0
3, 0
3, 0
3, 0
3, 0
3, 0
1, 0x87c00
0, 0x4bbf0
0, 0x87c20
2, 2
3, 0
3, 0
3, 0
3, 0
3, 0
3, 0
3, 0
3, 0
3, 0
3, 0
3, 0
3, 0
3, 0
3, 0
1, 0x87c20
0, 0x4bc10
0, 0x87c40
2, 2
3, 0
3, 0
3, 0
3, 0
3, 0
3, 0
3, 0
3, 0
3, 0
3, 0
3, 0
3, 0
3, 0
3, 0
1, 0x87c40
0, 0x4bc30
0, 0x87c60
2, 2
3, 0
3, 0
3, 0
3, 0
3, 0
3, 0
3, 0
3, 0
3, 0
3, 0
3, 0
3, 0
3, 0
3, 0
0, 0x4bc50
0, 0x87c80
0, 0x4bc70
0, 0x87ca0
0, 0x4bc90
0, 0x87cc0
0, 0x4bcb0
0, 0x87ce0
1, 0x87c60
0, 0x4bc50
0, 0x87c80
2, 2
3, 0
3, 0
3, 0
3, 0
3, 0
3, 0
3, 0
3, 0
3, 0
3, 0
3, 0
3, 0
3, 0
3, 0
1, 0x87c80
0, 0x4bc70
0, 0x87ca0
2, 2
3, 0
3, 0
3, 0
3, 0
3, 0
3, 0
3, 0
3, 0
3, 0
3, 0
3, 0
3, 0
3, 0
3, 0
1, 0x87ca0
0, 0x4bc90
0, 0x87cc0
2, 2
3, 0
3, 0
3, 0
3, 0
3, 0
3, 0
3, 0
3, 0
3, 0
3, 0
3, 0
3, 0
3, 0
3, 0
1, 0x87cc0
0, 0x4bcb0
0, 0x87ce0
2, 2
3, 0
3, 0
3, 0
3, 0
3, 0
3, 0
3, 0
3, 0
3, 0
3, 0
3, 0
3, 0
3, 0
3, 0
0, 0x4bcd0
0, 0x87d00
0, 0x4bcf0
0, 0x87d20
0, 0x4bd10
0, 0x87d40
0, 0x4bd30
0, 0x87d60
1, 0x87ce0
0, 0x4bcd0
0, 0x87d00
2, 2
3, 0
3, 0
3, 0
3, 0
3, 0
3, 0
3, 0
3, 0
3, 0
3, 0
3, 0
3, 0
3, 0
3, 0
1, 0x87d00
0, 0x4bcf0
0, 0x87d20
2, 2
3, 0
3, 0
3, 0
3, 0
3, 0
3, 0
3, 0
3, 0
3, 0
3, 0
3, 0
3, 0
3, 0
3, 0
1, 0x87d20
0, 0x4bd10
0, 0x87d40
2, 2
3, 0
3, 0
3, 0
3, 0
3, 0
3, 0
3, 0
3, 0
3, 0
3, 0
3, 0
3, 0
3, 0
3, 0
1, 0x87d40
0, 0x4bd30
0, 0x87d60
2, 2
3, 0
3, 0
3, 0
3, 0
3, 0
3, 0
3, 0
3, 0
3, 0
3, 0
3, 0
3, 0
3, 0
3, 0
0, 0x4bd50
0, 0x87d80
0, 0x4bd70
0, 0x87da0
0, 0x4bd90
0, 0x87dc0
0, 0x4bdb0
0, 0x87de0
1, 0x87d60
0, 0x4bd50
0, 0x87d80
2, 2
3, 0
3, 0
3, 0
3, 0
3, 0
3, 0
3, 0
3, 0
3, 0
3, 0
3, 0
3, 0
3, 0
3, 0
1, 0x87d80
0, 0x4bd70
0, 0x87da0
2, 2
3, 0
3, 0
3, 0
3, 0
3, 0
3, 0
3, 0
3, 0
3, 0
3, 0
3, 0
3, 0
3, 0
3, 0
1, 0x87da0
0, 0x4bd90
0, 0x87dc0
2, 2
3, 0
3, 0
3, 0
3, 0
3, 0
3, 0
3, 0
3, 0
3, 0
3, 0
3, 0
3, 0
3, 0
3, 0
1, 0x87dc0
0, 0x4bdb0
0, 0x87de0
2, 2
3, 0
3, 0
3, 0
3, 0
3, 0
3, 0
3, 0
3, 0
3, 0
3, 0
3, 0
3, 0
3, 0
3, 0
0, 0x4bdd0
0, 0x87e00
0, 0x4bdf0
0, 0x87e20
0, 0x4be10
0, 0x87e40
0, 0x4be30
0, 0x87e60
1, 0x87de0
0, 0x4bdd0
0, 0x87e00
2, 2
3, 0
3, 0
3, 0
3, 0
3, 0
3, 0
3, 0
3, 0
3, 0
3, 0
3, 0
3, 0
3, 0
3, 0
1, 0x87e00
0, 0x4bdf0
0, 0x87e20
2, 2
3, 0
3, 0
3, 0
3, 0
3, 0
3, 0
3, 0
3, 0
3, 0
3, 0
3, 0
3, 0
3, 0
3, 0
1, 0x87e20
0, 0x4be10
0, 0x87e40
2, 2
3, 0
3, 0
3, 0
3, 0
3, 0
3, 0
3, 0
3, 0
3, 0
3, 0
3, 0
3, 0
3, 0
3, 0
1, 0x87e40
0, 0x4be30
0, 0x87e60
2, 2
3, 0
3, 0
3, 0
3, 0
3, 0
3, 0
3, 0
3, 0
3, 0
3, 0
3, 0
3, 0
3, 0
3, 0
0, 0x4be50
0, 0x87e80
0, 0x4be70
0, 0x87ea0
0, 0x4be90
0, 0x87ec0
0, 0x4beb0
0, 0x87ee0
1, 0x87e60
0, 0x4be50
0, 0x87e80
2, 2
3, 0
3, 0
3, 0
3, 0
3, 0
3, 0
3, 0
3, 0
3, 0
3, 0
3, 0
3, 0
3, 0
3, 0
1, 0x87e80
0, 0x4be70
0, 0x87ea0
2, 2
3, 0
3, 0
3, 0
3, 0
3, 0
3, 0
3, 0
3, 0
3, 0
3, 0
3, 0
3, 0
3, 0
3, 0
1, 0x87ea0
0, 0x4be90
0, 0x87ec0
2, 2
3, 0
3, 0
3, 0
3, 0
3, 0
3, 0
3, 0
3, 0
3, 0
3, 0
3, 0
3, 0
3, 0
3, 0
1, 0x87ec0
0, 0x4beb0
0, 0x87ee0
2, 2
3, 0
3, 0
3, 0
3, 0
3, 0
3, 0
3, 0
3, 0
3, 0
3, 0
3, 0
3, 0
3, 0
3, 0
0, 0x4bed0
0, 0x87f00
0, 0x4bef0
0, 0x87f20
0, 0x4bf10
0, 0x87f40
0, 0x4bf30
0, 0x87f60
1, 0x87ee0
0, 0x4bed0
0, 0x87f00
2, 2
3, 0
3, 0
3, 0
3, 0
3, 0
3, 0
3, 0
3, 0
3, 0
3, 0
3, 0
3, 0
3, 0
3, 0
1, 0x87f00
0, 0x4bef0
0, 0x87f20
2, 2
3, 0
3, 0
3, 0
3, 0
3, 0
3, 0
3, 0
3, 0
3, 0
3, 0
3, 0
3, 0
3, 0
3, 0
1, 0x87f20
0, 0x4bf10
0, 0x87f40
2, 2
3, 0
3, 0
3, 0
3, 0
3, 0
3, 0
3, 0
3, 0
3, 0
3, 0
3, 0
3, 0
3, 0
3, 0
1, 0x87f40
0, 0x4bf30
0, 0x87f60
2, 2
3, 0
3, 0
3, 0
3, 0
3, 0
3, 0
3, 0
3, 0
3, 0
3, 0
3, 0
3, 0
3, 0
3, 0
0, 0x4bf50
0, 0x87f80
0, 0x4bf70
0, 0x87fa0
0, 0x4bf90
0, 0x87fc0
0, 0x4bfb0
0, 0x87fe0
1, 0x87f60
0, 0x4bf50
0, 0x87f80
2, 2
3, 0
3, 0
3, 0
3, 0
3, 0
3, 0
3, 0
3, 0
3, 0
3, 0
3, 0
3, 0
3, 0
3, 0
1, 0x87f80
0, 0x4bf70
0, 0x87fa0
2, 2
3, 0
3, 0
3, 0
3, 0
3, 0
3, 0
3, 0
3, 0
3, 0
3, 0
3, 0
3, 0
3, 0
3, 0
1, 0x87fa0
0, 0x4bf90
0, 0x87fc0
2, 2
3, 0
3, 0
3, 0
3, 0
3, 0
3, 0
3, 0
3, 0
3, 0
3, 0
3, 0
3, 0
3, 0
3, 0
1, 0x87fc0
0, 0x4bfb0
0, 0x87fe0
2, 2
3, 0
3, 0
3, 0
3, 0
3, 0
3, 0
3, 0
3, 0
3, 0
3, 0
3, 0
3, 0
3, 0
3, 0
0, 0x4bfd0
0, 0x88000
0, 0x4bff0
0, 0x88020
0, 0x4c010
0, 0x88040
0, 0x4c030
0, 0x88060
1, 0x87fe0
0, 0x4bfd0
0, 0x88000
2, 2
3, 0
3, 0
3, 0
3, 0
3, 0
3, 0
3, 0
3, 0
3, 0
3, 0
3, 0
3, 0
3, 0
3, 0
1, 0x88000
0, 0x4bff0
0, 0x88020
2, 2
3, 0
3, 0
3, 0
3, 0
3, 0
3, 0
3, 0
3, 0
3, 0
3, 0
3, 0
3, 0
3, 0
3, 0
1, 0x88020
0, 0x4c010
0, 0x88040
2, 2
3, 0
3, 0
3, 0
3, 0
3, 0
3, 0
3, 0
3, 0
3, 0
3, 0
3, 0
3, 0
3, 0
3, 0
1, 0x88040
0, 0x4c030
0, 0x88060
2, 2
3, 0
3, 0
3, 0
3, 0
3, 0
3, 0
3, 0
3, 0
3, 0
3, 0
3, 0
3, 0
3, 0
3, 0
0, 0x4c050
0, 0x88080
0, 0x4c070
0, 0x880a0
0, 0x4c090
0, 0x880c0
0, 0x4c0b0
0, 0x880e0
1, 0x88060
0, 0x4c050
0, 0x88080
2, 2
3, 0
3, 0
3, 0
3, 0
3, 0
3, 0
3, 0
3, 0
3, 0
3, 0
3, 0
3, 0
3, 0
3, 0
1, 0x88080
0, 0x4c070
0, 0x880a0
2, 2
3, 0
3, 0
3, 0
3, 0
3, 0
3, 0
3, 0
3, 0
3, 0
3, 0
3, 0
3, 0
3, 0
3, 0
1, 0x880a0
0, 0x4c090
0, 0x880c0
2, 2
3, 0
3, 0
3, 0
3, 0
3, 0
3, 0
3, 0
3, 0
3, 0
3, 0
3, 0
3, 0
3, 0
3, 0
1, 0x880c0
0, 0x4c0b0
0, 0x880e0
2, 2
3, 0
3, 0
3, 0
3, 0
3, 0
3, 0
3, 0
3, 0
3, 0
3, 0
3, 0
3, 0
3, 0
3, 0
0, 0x4c0d0
0, 0x88100
0, 0x4c0f0
0, 0x88120
0, 0x4c110
0, 0x88140
0, 0x4c130
0, 0x88160
1, 0x880e0
0, 0x4c0d0
0, 0x88100
2, 2
3, 0
3, 0
3, 0
3, 0
3, 0
3, 0
3, 0
3, 0
3, 0
3, 0
3, 0
3, 0
3, 0
3, 0
1, 0x88100
0, 0x4c0f0
0, 0x88120
2, 2
3, 0
3, 0
3, 0
3, 0
3, 0
3, 0
3, 0
3, 0
3, 0
3, 0
3, 0
3, 0
3, 0
3, 0
1, 0x88120
0, 0x4c110
0, 0x88140
2, 2
3, 0
3, 0
3, 0
3, 0
3, 0
3, 0
3, 0
3, 0
3, 0
3, 0
3, 0
3, 0
3, 0
3, 0
1, 0x88140
0, 0x4c130
0, 0x88160
2, 2
3, 0
3, 0
3, 0
3, 0
3, 0
3, 0
3, 0
3, 0
3, 0
3, 0
3, 0
3, 0
3, 0
3, 0
0, 0x4c150
0, 0x88180
0, 0x4c170
0, 0x881a0
0, 0x4c190
0, 0x881c0
0, 0x4c1b0
0, 0x881e0
1, 0x88160
0, 0x4c150
0, 0x88180
2, 2
3, 0
3, 0
3, 0
3, 0
3, 0
3, 0
3, 0
3, 0
3, 0
3, 0
3, 0
3, 0
3, 0
3, 0
1, 0x88180
0, 0x4c170
0, 0x881a0
2, 2
3, 0
3, 0
3, 0
3, 0
3, 0
3, 0
3, 0
3, 0
3, 0
3, 0
3, 0
3, 0
3, 0
3, 0
1, 0x881a0
0, 0x4c190
0, 0x881c0
2, 2
3, 0
3, 0
3, 0
3, 0
3, 0
3, 0
3, 0
3, 0
3, 0
3, 0
3, 0
3, 0
3, 0
3, 0
1, 0x881c0
0, 0x4c1b0
0, 0x881e0
2, 2
3, 0
3, 0
3, 0
3, 0
3, 0
3, 0
3, 0
3, 0
3, 0
3, 0
3, 0
3, 0
3, 0
3, 0
0, 0x4c1d0
0, 0x88200
0, 0x4c1f0
0, 0x88220
0, 0x4c210
0, 0x88240
0, 0x4c230
0, 0x88260
1, 0x881e0
0, 0x4c1d0
0, 0x88200
2, 2
3, 0
3, 0
3, 0
3, 0
3, 0
3, 0
3, 0
3, 0
3, 0
3, 0
3, 0
3, 0
3, 0
3, 0
1, 0x88200
0, 0x4c1f0
0, 0x88220
2, 2
3, 0
3, 0
3, 0
3, 0
3, 0
3, 0
3, 0
3, 0
3, 0
3, 0
3, 0
3, 0
3, 0
3, 0
1, 0x88220
0, 0x4c210
0, 0x88240
2, 2
3, 0
3, 0
3, 0
3, 0
3, 0
3, 0
3, 0
3, 0
3, 0
3, 0
3, 0
3, 0
3, 0
3, 0
1, 0x88240
0, 0x4c230
0, 0x88260
2, 2
3, 0
3, 0
3, 0
3, 0
3, 0
3, 0
3, 0
3, 0
3, 0
3, 0
3, 0
3, 0
3, 0
3, 0
0, 0x4c250
0, 0x88280
0, 0x4c270
0, 0x882a0
0, 0x4c290
0, 0x882c0
0, 0x4c2b0
0, 0x882e0
1, 0x88260
0, 0x4c250
0, 0x88280
2, 2
3, 0
3, 0
3, 0
3, 0
3, 0
3, 0
3, 0
3, 0
3, 0
3, 0
3, 0
3, 0
3, 0
3, 0
1, 0x88280
0, 0x4c270
0, 0x882a0
2, 2
3, 0
3, 0
3, 0
3, 0
3, 0
3, 0
3, 0
3, 0
3, 0
3, 0
3, 0
3, 0
3, 0
3, 0
1, 0x882a0
0, 0x4c290
0, 0x882c0
2, 2
3, 0
3, 0
3, 0
3, 0
3, 0
3, 0
3, 0
3, 0
3, 0
3, 0
3, 0
3, 0
3, 0
3, 0
1, 0x882c0
0, 0x4c2b0
0, 0x882e0
2, 2
3, 0
3, 0
3, 0
3, 0
3, 0
3, 0
3, 0
3, 0
3, 0
3, 0
3, 0
3, 0
3, 0
3, 0
0, 0x4c2d0
0, 0x88300
0, 0x4c2f0
0, 0x88320
0, 0x4c310
0, 0x88340
0, 0x4c330
0, 0x88360
1, 0x882e0
0, 0x4c2d0
0, 0x88300
2, 2
3, 0
3, 0
3, 0
3, 0
3, 0
3, 0
3, 0
3, 0
3, 0
3, 0
3, 0
3, 0
3, 0
3, 0
1, 0x88300
0, 0x4c2f0
0, 0x88320
2, 2
3, 0
3, 0
3, 0
3, 0
3, 0
3, 0
3, 0
3, 0
3, 0
3, 0
3, 0
3, 0
3, 0
3, 0
1, 0x88320
0, 0x4c310
0, 0x88340
2, 2
3, 0
3, 0
3, 0
3, 0
3, 0
3, 0
3, 0
3, 0
3, 0
3, 0
3, 0
3, 0
3, 0
3, 0
1, 0x88340
0, 0x4c330
0, 0x88360
2, 2
3, 0
3, 0
3, 0
3, 0
3, 0
3, 0
3, 0
3, 0
3, 0
3, 0
3, 0
3, 0
3, 0
3, 0
0, 0x4c350
0, 0x88380
0, 0x4c370
0, 0x883a0
0, 0x4c390
0, 0x883c0
0, 0x4c3b0
0, 0x883e0
1, 0x88360
0, 0x4c350
0, 0x88380
2, 2
3, 0
3, 0
3, 0
3, 0
3, 0
3, 0
3, 0
3, 0
3, 0
3, 0
3, 0
3, 0
3, 0
3, 0
1, 0x88380
0, 0x4c370
0, 0x883a0
2, 2
3, 0
3, 0
3, 0
3, 0
3, 0
3, 0
3, 0
3, 0
3, 0
3, 0
3, 0
3, 0
3, 0
3, 0
1, 0x883a0
0, 0x4c390
0, 0x883c0
2, 2
3, 0
3, 0
3, 0
3, 0
3, 0
3, 0
3, 0
3, 0
3, 0
3, 0
3, 0
3, 0
3, 0
3, 0
1, 0x883c0
0, 0x4c3b0
0, 0x883e0
2, 2
3, 0
3, 0
3, 0
3, 0
3, 0
3, 0
3, 0
3, 0
3, 0
3, 0
3, 0
3, 0
3, 0
3, 0
0, 0x4c3d0
0, 0x88400
0, 0x4c3f0
0, 0x88420
0, 0x4c410
0, 0x88440
0, 0x4c430
0, 0x88460
1, 0x883e0
0, 0x4c3d0
0, 0x88400
2, 2
3, 0
3, 0
3, 0
3, 0
3, 0
3, 0
3, 0
3, 0
3, 0
3, 0
3, 0
3, 0
3, 0
3, 0
1, 0x88400
0, 0x4c3f0
0, 0x88420
2, 2
3, 0
3, 0
3, 0
3, 0
3, 0
3, 0
3, 0
3, 0
3, 0
3, 0
3, 0
3, 0
3, 0
3, 0
1, 0x88420
0, 0x4c410
0, 0x88440
2, 2
3, 0
3, 0
3, 0
3, 0
3, 0
3, 0
3, 0
3, 0
3, 0
3, 0
3, 0
3, 0
3, 0
3, 0
1, 0x88440
0, 0x4c430
0, 0x88460
2, 2
3, 0
3, 0
3, 0
3, 0
3, 0
3, 0
3, 0
3, 0
3, 0
3, 0
3, 0
3, 0
3, 0
3, 0
0, 0x4c450
0, 0x88480
0, 0x4c470
0, 0x884a0
0, 0x4c490
0, 0x884c0
0, 0x4c4b0
0, 0x884e0
1, 0x88460
0, 0x4c450
0, 0x88480
2, 2
3, 0
3, 0
3, 0
3, 0
3, 0
3, 0
3, 0
3, 0
3, 0
3, 0
3, 0
3, 0
3, 0
3, 0
1, 0x88480
0, 0x4c470
0, 0x884a0
2, 2
3, 0
3, 0
3, 0
3, 0
3, 0
3, 0
3, 0
3, 0
3, 0
3, 0
3, 0
3, 0
3, 0
3, 0
1, 0x884a0
0, 0x4c490
0, 0x884c0
2, 2
3, 0
3, 0
3, 0
3, 0
3, 0
3, 0
3, 0
3, 0
3, 0
3, 0
3, 0
3, 0
3, 0
3, 0
1, 0x884c0
0, 0x4c4b0
0, 0x884e0
2, 2
3, 0
3, 0
3, 0
3, 0
3, 0
3, 0
3, 0
3, 0
3, 0
3, 0
3, 0
3, 0
3, 0
3, 0
0, 0x4c4d0
0, 0x88500
0, 0x4c4f0
0, 0x88520
0, 0x4c510
0, 0x88540
0, 0x4c530
0, 0x88560
1, 0x884e0
0, 0x4c4d0
0, 0x88500
2, 2
3, 0
3, 0
3, 0
3, 0
3, 0
3, 0
3, 0
3, 0
3, 0
3, 0
3, 0
3, 0
3, 0
3, 0
1, 0x88500
0, 0x4c4f0
0, 0x88520
2, 2
3, 0
3, 0
3, 0
3, 0
3, 0
3, 0
3, 0
3, 0
3, 0
3, 0
3, 0
3, 0
3, 0
3, 0
1, 0x88520
0, 0x4c510
0, 0x88540
2, 2
3, 0
3, 0
3, 0
3, 0
3, 0
3, 0
3, 0
3, 0
3, 0
3, 0
3, 0
3, 0
3, 0
3, 0
1, 0x88540
0, 0x4c530
0, 0x88560
2, 2
3, 0
3, 0
3, 0
3, 0
3, 0
3, 0
3, 0
3, 0
3, 0
3, 0
3, 0
3, 0
3, 0
3, 0
0, 0x4c550
0, 0x88580
0, 0x4c570
0, 0x885a0
0, 0x4c590
0, 0x885c0
0, 0x4c5b0
0, 0x885e0
1, 0x88560
0, 0x4c550
0, 0x88580
2, 2
3, 0
3, 0
3, 0
3, 0
3, 0
3, 0
3, 0
3, 0
3, 0
3, 0
3, 0
3, 0
3, 0
3, 0
1, 0x88580
0, 0x4c570
0, 0x885a0
2, 2
3, 0
3, 0
3, 0
3, 0
3, 0
3, 0
3, 0
3, 0
3, 0
3, 0
3, 0
3, 0
3, 0
3, 0
1, 0x885a0
0, 0x4c590
0, 0x885c0
2, 2
3, 0
3, 0
3, 0
3, 0
3, 0
3, 0
3, 0
3, 0
3, 0
3, 0
3, 0
3, 0
3, 0
3, 0
1, 0x885c0
0, 0x4c5b0
0, 0x885e0
2, 2
3, 0
3, 0
3, 0
3, 0
3, 0
3, 0
3, 0
3, 0
3, 0
3, 0
3, 0
3, 0
3, 0
3, 0
0, 0x4c5d0
0, 0x88600
0, 0x4c5f0
0, 0x88620
0, 0x4c610
0, 0x88640
0, 0x4c630
0, 0x88660
1, 0x885e0
0, 0x4c5d0
0, 0x88600
2, 2
3, 0
3, 0
3, 0
3, 0
3, 0
3, 0
3, 0
3, 0
3, 0
3, 0
3, 0
3, 0
3, 0
3, 0
1, 0x88600
0, 0x4c5f0
0, 0x88620
2, 2
3, 0
3, 0
3, 0
3, 0
3, 0
3, 0
3, 0
3, 0
3, 0
3, 0
3, 0
3, 0
3, 0
3, 0
1, 0x88620
0, 0x4c610
0, 0x88640
2, 2
3, 0
3, 0
3, 0
3, 0
3, 0
3, 0
3, 0
3, 0
3, 0
3, 0
3, 0
3, 0
3, 0
3, 0
1, 0x88640
0, 0x4c630
0, 0x88660
2, 2
3, 0
3, 0
3, 0
3, 0
3, 0
3, 0
3, 0
3, 0
3, 0
3, 0
3, 0
3, 0
3, 0
3, 0
0, 0x4c650
0, 0x88680
0, 0x4c670
0, 0x886a0
0, 0x4c690
0, 0x886c0
0, 0x4c6b0
0, 0x886e0
1, 0x88660
0, 0x4c650
0, 0x88680
2, 2
3, 0
3, 0
3, 0
3, 0
3, 0
3, 0
3, 0
3, 0
3, 0
3, 0
3, 0
3, 0
3, 0
3, 0
1, 0x88680
0, 0x4c670
0, 0x886a0
2, 2
3, 0
3, 0
3, 0
3, 0
3, 0
3, 0
3, 0
3, 0
3, 0
3, 0
3, 0
3, 0
3, 0
3, 0
1, 0x886a0
0, 0x4c690
0, 0x886c0
2, 2
3, 0
3, 0
3, 0
3, 0
3, 0
3, 0
3, 0
3, 0
3, 0
3, 0
3, 0
3, 0
3, 0
3, 0
1, 0x886c0
0, 0x4c6b0
0, 0x886e0
2, 2
3, 0
3, 0
3, 0
3, 0
3, 0
3, 0
3, 0
3, 0
3, 0
3, 0
3, 0
3, 0
3, 0
3, 0
0, 0x4c6d0
0, 0x88700
0, 0x4c6f0
0, 0x88720
0, 0x4c710
0, 0x88740
0, 0x4c730
0, 0x88760
1, 0x886e0
0, 0x4c6d0
0, 0x88700
2, 2
3, 0
3, 0
3, 0
3, 0
3, 0
3, 0
3, 0
3, 0
3, 0
3, 0
3, 0
3, 0
3, 0
3, 0
1, 0x88700
0, 0x4c6f0
0, 0x88720
2, 2
3, 0
3, 0
3, 0
3, 0
3, 0
3, 0
3, 0
3, 0
3, 0
3, 0
3, 0
3, 0
3, 0
3, 0
1, 0x88720
0, 0x4c710
0, 0x88740
2, 2
3, 0
3, 0
3, 0
3, 0
3, 0
3, 0
3, 0
3, 0
3, 0
3, 0
3, 0
3, 0
3, 0
3, 0
1, 0x88740
0, 0x4c730
0, 0x88760
2, 2
3, 0
3, 0
3, 0
3, 0
3, 0
3, 0
3, 0
3, 0
3, 0
3, 0
3, 0
3, 0
3, 0
3, 0
0, 0x4c750
0, 0x88780
0, 0x4c770
0, 0x887a0
0, 0x4c790
0, 0x887c0
0, 0x4c7b0
0, 0x887e0
1, 0x88760
0, 0x4c750
0, 0x88780
2, 2
3, 0
3, 0
3, 0
3, 0
3, 0
3, 0
3, 0
3, 0
3, 0
3, 0
3, 0
3, 0
3, 0
3, 0
1, 0x88780
0, 0x4c770
0, 0x887a0
2, 2
3, 0
3, 0
3, 0
3, 0
3, 0
3, 0
3, 0
3, 0
3, 0
3, 0
3, 0
3, 0
3, 0
3, 0
1, 0x887a0
0, 0x4c790
0, 0x887c0
2, 2
3, 0
3, 0
3, 0
3, 0
3, 0
3, 0
3, 0
3, 0
3, 0
3, 0
3, 0
3, 0
3, 0
3, 0
1, 0x887c0
0, 0x4c7b0
0, 0x887e0
2, 2
3, 0
3, 0
3, 0
3, 0
3, 0
3, 0
3, 0
3, 0
3, 0
3, 0
3, 0
3, 0
3, 0
3, 0
0, 0x4c7d0
0, 0x88800
0, 0x4c7f0
0, 0x88820
0, 0x4c810
0, 0x88840
0, 0x4c830
0, 0x88860
1, 0x887e0
0, 0x4c7d0
0, 0x88800
2, 2
3, 0
3, 0
3, 0
3, 0
3, 0
3, 0
3, 0
3, 0
3, 0
3, 0
3, 0
3, 0
3, 0
3, 0
1, 0x88800
0, 0x4c7f0
0, 0x88820
2, 2
3, 0
3, 0
3, 0
3, 0
3, 0
3, 0
3, 0
3, 0
3, 0
3, 0
3, 0
3, 0
3, 0
3, 0
1, 0x88820
0, 0x4c810
0, 0x88840
2, 2
3, 0
3, 0
3, 0
3, 0
3, 0
3, 0
3, 0
3, 0
3, 0
3, 0
3, 0
3, 0
3, 0
3, 0
1, 0x88840
0, 0x4c830
0, 0x88860
2, 2
3, 0
3, 0
3, 0
3, 0
3, 0
3, 0
3, 0
3, 0
3, 0
3, 0
3, 0
3, 0
3, 0
3, 0
0, 0x4c850
0, 0x88880
0, 0x4c870
0, 0x888a0
0, 0x4c890
0, 0x888c0
0, 0x4c8b0
0, 0x888e0
1, 0x88860
0, 0x4c850
0, 0x88880
2, 2
3, 0
3, 0
3, 0
3, 0
3, 0
3, 0
3, 0
3, 0
3, 0
3, 0
3, 0
3, 0
3, 0
3, 0
1, 0x88880
0, 0x4c870
0, 0x888a0
2, 2
3, 0
3, 0
3, 0
3, 0
3, 0
3, 0
3, 0
3, 0
3, 0
3, 0
3, 0
3, 0
3, 0
3, 0
1, 0x888a0
0, 0x4c890
0, 0x888c0
2, 2
3, 0
3, 0
3, 0
3, 0
3, 0
3, 0
3, 0
3, 0
3, 0
3, 0
3, 0
3, 0
3, 0
3, 0
1, 0x888c0
0, 0x4c8b0
0, 0x888e0
2, 2
3, 0
3, 0
3, 0
3, 0
3, 0
3, 0
3, 0
3, 0
3, 0
3, 0
3, 0
3, 0
3, 0
3, 0
0, 0x4c8d0
0, 0x88900
0, 0x4c8f0
0, 0x88920
0, 0x4c910
0, 0x88940
0, 0x4c930
0, 0x88960
1, 0x888e0
0, 0x4c8d0
0, 0x88900
2, 2
3, 0
3, 0
3, 0
3, 0
3, 0
3, 0
3, 0
3, 0
3, 0
3, 0
3, 0
3, 0
3, 0
3, 0
1, 0x88900
0, 0x4c8f0
0, 0x88920
2, 2
3, 0
3, 0
3, 0
3, 0
3, 0
3, 0
3, 0
3, 0
3, 0
3, 0
3, 0
3, 0
3, 0
3, 0
1, 0x88920
0, 0x4c910
0, 0x88940
2, 2
3, 0
3, 0
3, 0
3, 0
3, 0
3, 0
3, 0
3, 0
3, 0
3, 0
3, 0
3, 0
3, 0
3, 0
1, 0x88940
0, 0x4c930
0, 0x88960
2, 2
3, 0
3, 0
3, 0
3, 0
3, 0
3, 0
3, 0
3, 0
3, 0
3, 0
3, 0
3, 0
3, 0
3, 0
0, 0x4c950
0, 0x88980
0, 0x4c970
0, 0x889a0
0, 0x4c990
0, 0x889c0
0, 0x4c9b0
0, 0x889e0
1, 0x88960
0, 0x4c950
0, 0x88980
2, 2
3, 0
3, 0
3, 0
3, 0
3, 0
3, 0
3, 0
3, 0
3, 0
3, 0
3, 0
3, 0
3, 0
3, 0
1, 0x88980
0, 0x4c970
0, 0x889a0
2, 2
3, 0
3, 0
3, 0
3, 0
3, 0
3, 0
3, 0
3, 0
3, 0
3, 0
3, 0
3, 0
3, 0
3, 0
1, 0x889a0
0, 0x4c990
0, 0x889c0
2, 2
3, 0
3, 0
3, 0
3, 0
3, 0
3, 0
3, 0
3, 0
3, 0
3, 0
3, 0
3, 0
3, 0
3, 0
1, 0x889c0
0, 0x4c9b0
0, 0x889e0
2, 2
3, 0
3, 0
3, 0
3, 0
3, 0
3, 0
3, 0
3, 0
3, 0
3, 0
3, 0
3, 0
3, 0
3, 0
0, 0x4c9d0
0, 0x88a00
0, 0x4c9f0
0, 0x88a20
0, 0x4ca10
0, 0x88a40
0, 0x4ca30
0, 0x88a60
1, 0x889e0
0, 0x4c9d0
0, 0x88a00
2, 2
3, 0
3, 0
3, 0
3, 0
3, 0
3, 0
3, 0
3, 0
3, 0
3, 0
3, 0
3, 0
3, 0
3, 0
1, 0x88a00
0, 0x4c9f0
0, 0x88a20
2, 2
3, 0
3, 0
3, 0
3, 0
3, 0
3, 0
3, 0
3, 0
3, 0
3, 0
3, 0
3, 0
3, 0
3, 0
1, 0x88a20
0, 0x4ca10
0, 0x88a40
2, 2
3, 0
3, 0
3, 0
3, 0
3, 0
3, 0
3, 0
3, 0
3, 0
3, 0
3, 0
3, 0
3, 0
3, 0
1, 0x88a40
0, 0x4ca30
0, 0x88a60
2, 2
3, 0
3, 0
3, 0
3, 0
3, 0
3, 0
3, 0
3, 0
3, 0
3, 0
3, 0
3, 0
3, 0
3, 0
0, 0x4ca50
0, 0x88a80
0, 0x4ca70
0, 0x88aa0
0, 0x4ca90
0, 0x88ac0
0, 0x4cab0
0, 0x88ae0
1, 0x88a60
0, 0x4ca50
0, 0x88a80
2, 2
3, 0
3, 0
3, 0
3, 0
3, 0
3, 0
3, 0
3, 0
3, 0
3, 0
3, 0
3, 0
3, 0
3, 0
1, 0x88a80
0, 0x4ca70
0, 0x88aa0
2, 2
3, 0
3, 0
3, 0
3, 0
3, 0
3, 0
3, 0
3, 0
3, 0
3, 0
3, 0
3, 0
3, 0
3, 0
1, 0x88aa0
0, 0x4ca90
0, 0x88ac0
2, 2
3, 0
3, 0
3, 0
3, 0
3, 0
3, 0
3, 0
3, 0
3, 0
3, 0
3, 0
3, 0
3, 0
3, 0
1, 0x88ac0
0, 0x4cab0
0, 0x88ae0
2, 2
3, 0
3, 0
3, 0
3, 0
3, 0
3, 0
3, 0
3, 0
3, 0
3, 0
3, 0
3, 0
3, 0
3, 0
0, 0x4cad0
0, 0x88b00
0, 0x4caf0
0, 0x88b20
0, 0x4cb10
0, 0x88b40
0, 0x4cb30
0, 0x88b60
1, 0x88ae0
0, 0x4cad0
0, 0x88b00
2, 2
3, 0
3, 0
3, 0
3, 0
3, 0
3, 0
3, 0
3, 0
3, 0
3, 0
3, 0
3, 0
3, 0
3, 0
1, 0x88b00
0, 0x4caf0
0, 0x88b20
2, 2
3, 0
3, 0
3, 0
3, 0
3, 0
3, 0
3, 0
3, 0
3, 0
3, 0
3, 0
3, 0
3, 0
3, 0
1, 0x88b20
0, 0x4cb10
0, 0x88b40
2, 2
3, 0
3, 0
3, 0
3, 0
3, 0
3, 0
3, 0
3, 0
3, 0
3, 0
3, 0
3, 0
3, 0
3, 0
1, 0x88b40
0, 0x4cb30
0, 0x88b60
2, 2
3, 0
3, 0
3, 0
3, 0
3, 0
3, 0
3, 0
3, 0
3, 0
3, 0
3, 0
3, 0
3, 0
3, 0
0, 0x4cb50
0, 0x88b80
0, 0x4cb70
0, 0x88ba0
0, 0x4cb90
0, 0x88bc0
0, 0x4cbb0
0, 0x88be0
1, 0x88b60
0, 0x4cb50
0, 0x88b80
2, 2
3, 0
3, 0
3, 0
3, 0
3, 0
3, 0
3, 0
3, 0
3, 0
3, 0
3, 0
3, 0
3, 0
3, 0
1, 0x88b80
0, 0x4cb70
0, 0x88ba0
2, 2
3, 0
3, 0
3, 0
3, 0
3, 0
3, 0
3, 0
3, 0
3, 0
3, 0
3, 0
3, 0
3, 0
3, 0
1, 0x88ba0
0, 0x4cb90
0, 0x88bc0
2, 2
3, 0
3, 0
3, 0
3, 0
3, 0
3, 0
3, 0
3, 0
3, 0
3, 0
3, 0
3, 0
3, 0
3, 0
1, 0x88bc0
0, 0x4cbb0
0, 0x88be0
2, 2
3, 0
3, 0
3, 0
3, 0
3, 0
3, 0
3, 0
3, 0
3, 0
3, 0
3, 0
3, 0
3, 0
3, 0
0, 0x4cbd0
0, 0x88c00
0, 0x4cbf0
0, 0x88c20
0, 0x4cc10
0, 0x88c40
0, 0x4cc30
0, 0x88c60
1, 0x88be0
0, 0x4cbd0
0, 0x88c00
2, 2
3, 0
3, 0
3, 0
3, 0
3, 0
3, 0
3, 0
3, 0
3, 0
3, 0
3, 0
3, 0
3, 0
3, 0
1, 0x88c00
0, 0x4cbf0
0, 0x88c20
2, 2
3, 0
3, 0
3, 0
3, 0
3, 0
3, 0
3, 0
3, 0
3, 0
3, 0
3, 0
3, 0
3, 0
3, 0
1, 0x88c20
0, 0x4cc10
0, 0x88c40
2, 2
3, 0
3, 0
3, 0
3, 0
3, 0
3, 0
3, 0
3, 0
3, 0
3, 0
3, 0
3, 0
3, 0
3, 0
1, 0x88c40
0, 0x4cc30
0, 0x88c60
2, 2
3, 0
3, 0
3, 0
3, 0
3, 0
3, 0
3, 0
3, 0
3, 0
3, 0
3, 0
3, 0
3, 0
3, 0
0, 0x4cc50
0, 0x88c80
0, 0x4cc70
0, 0x88ca0
0, 0x4cc90
0, 0x88cc0
0, 0x4ccb0
0, 0x88ce0
1, 0x88c60
0, 0x4cc50
0, 0x88c80
2, 2
3, 0
3, 0
3, 0
3, 0
3, 0
3, 0
3, 0
3, 0
3, 0
3, 0
3, 0
3, 0
3, 0
3, 0
1, 0x88c80
0, 0x4cc70
0, 0x88ca0
2, 2
3, 0
3, 0
3, 0
3, 0
3, 0
3, 0
3, 0
3, 0
3, 0
3, 0
3, 0
3, 0
3, 0
3, 0
1, 0x88ca0
0, 0x4cc90
0, 0x88cc0
2, 2
3, 0
3, 0
3, 0
3, 0
3, 0
3, 0
3, 0
3, 0
3, 0
3, 0
3, 0
3, 0
3, 0
3, 0
1, 0x88cc0
0, 0x4ccb0
0, 0x88ce0
2, 2
3, 0
3, 0
3, 0
3, 0
3, 0
3, 0
3, 0
3, 0
3, 0
3, 0
3, 0
3, 0
3, 0
3, 0
0, 0x4ccd0
0, 0x88d00
0, 0x4ccf0
0, 0x88d20
0, 0x4cd10
0, 0x88d40
0, 0x4cd30
0, 0x88d60
1, 0x88ce0
0, 0x4ccd0
0, 0x88d00
2, 2
3, 0
3, 0
3, 0
3, 0
3, 0
3, 0
3, 0
3, 0
3, 0
3, 0
3, 0
3, 0
3, 0
3, 0
1, 0x88d00
0, 0x4ccf0
0, 0x88d20
2, 2
3, 0
3, 0
3, 0
3, 0
3, 0
3, 0
3, 0
3, 0
3, 0
3, 0
3, 0
3, 0
3, 0
3, 0
1, 0x88d20
0, 0x4cd10
0, 0x88d40
2, 2
3, 0
3, 0
3, 0
3, 0
3, 0
3, 0
3, 0
3, 0
3, 0
3, 0
3, 0
3, 0
3, 0
3, 0
1, 0x88d40
0, 0x4cd30
0, 0x88d60
2, 2
3, 0
3, 0
3, 0
3, 0
3, 0
3, 0
3, 0
3, 0
3, 0
3, 0
3, 0
3, 0
3, 0
3, 0
0, 0x4cd50
0, 0x88d80
0, 0x4cd70
0, 0x88da0
0, 0x4cd90
0, 0x88dc0
0, 0x4cdb0
0, 0x88de0
1, 0x88d60
0, 0x4cd50
0, 0x88d80
2, 2
3, 0
3, 0
3, 0
3, 0
3, 0
3, 0
3, 0
3, 0
3, 0
3, 0
3, 0
3, 0
3, 0
3, 0
1, 0x88d80
0, 0x4cd70
0, 0x88da0
2, 2
3, 0
3, 0
3, 0
3, 0
3, 0
3, 0
3, 0
3, 0
3, 0
3, 0
3, 0
3, 0
3, 0
3, 0
1, 0x88da0
0, 0x4cd90
0, 0x88dc0
2, 2
3, 0
3, 0
3, 0
3, 0
3, 0
3, 0
3, 0
3, 0
3, 0
3, 0
3, 0
3, 0
3, 0
3, 0
1, 0x88dc0
0, 0x4cdb0
0, 0x88de0
2, 2
3, 0
3, 0
3, 0
3, 0
3, 0
3, 0
3, 0
3, 0
3, 0
3, 0
3, 0
3, 0
3, 0
3, 0
0, 0x4cdd0
0, 0x88e00
0, 0x4cdf0
0, 0x88e20
0, 0x4ce10
0, 0x88e40
0, 0x4ce30
0, 0x88e60
1, 0x88de0
0, 0x4cdd0
0, 0x88e00
2, 2
3, 0
3, 0
3, 0
3, 0
3, 0
3, 0
3, 0
3, 0
3, 0
3, 0
3, 0
3, 0
3, 0
3, 0
1, 0x88e00
0, 0x4cdf0
0, 0x88e20
2, 2
3, 0
3, 0
3, 0
3, 0
3, 0
3, 0
3, 0
3, 0
3, 0
3, 0
3, 0
3, 0
3, 0
3, 0
1, 0x88e20
0, 0x4ce10
0, 0x88e40
2, 2
3, 0
3, 0
3, 0
3, 0
3, 0
3, 0
3, 0
3, 0
3, 0
3, 0
3, 0
3, 0
3, 0
3, 0
1, 0x88e40
0, 0x4ce30
0, 0x88e60
2, 2
3, 0
3, 0
3, 0
3, 0
3, 0
3, 0
3, 0
3, 0
3, 0
3, 0
3, 0
3, 0
3, 0
3, 0
0, 0x4ce50
0, 0x88e80
0, 0x4ce70
0, 0x88ea0
0, 0x4ce90
0, 0x88ec0
0, 0x4ceb0
0, 0x88ee0
1, 0x88e60
0, 0x4ce50
0, 0x88e80
2, 2
3, 0
3, 0
3, 0
3, 0
3, 0
3, 0
3, 0
3, 0
3, 0
3, 0
3, 0
3, 0
3, 0
3, 0
1, 0x88e80
0, 0x4ce70
0, 0x88ea0
2, 2
3, 0
3, 0
3, 0
3, 0
3, 0
3, 0
3, 0
3, 0
3, 0
3, 0
3, 0
3, 0
3, 0
3, 0
1, 0x88ea0
0, 0x4ce90
0, 0x88ec0
2, 2
3, 0
3, 0
3, 0
3, 0
3, 0
3, 0
3, 0
3, 0
3, 0
3, 0
3, 0
3, 0
3, 0
3, 0
1, 0x88ec0
0, 0x4ceb0
0, 0x88ee0
2, 2
3, 0
3, 0
3, 0
3, 0
3, 0
3, 0
3, 0
3, 0
3, 0
3, 0
3, 0
3, 0
3, 0
3, 0
0, 0x4ced0
0, 0x88f00
0, 0x4cef0
0, 0x88f20
0, 0x4cf10
0, 0x88f40
0, 0x4cf30
0, 0x88f60
1, 0x88ee0
0, 0x4ced0
0, 0x88f00
2, 2
3, 0
3, 0
3, 0
3, 0
3, 0
3, 0
3, 0
3, 0
3, 0
3, 0
3, 0
3, 0
3, 0
3, 0
1, 0x88f00
0, 0x4cef0
0, 0x88f20
2, 2
3, 0
3, 0
3, 0
3, 0
3, 0
3, 0
3, 0
3, 0
3, 0
3, 0
3, 0
3, 0
3, 0
3, 0
1, 0x88f20
0, 0x4cf10
0, 0x88f40
2, 2
3, 0
3, 0
3, 0
3, 0
3, 0
3, 0
3, 0
3, 0
3, 0
3, 0
3, 0
3, 0
3, 0
3, 0
1, 0x88f40
0, 0x4cf30
0, 0x88f60
2, 2
3, 0
3, 0
3, 0
3, 0
3, 0
3, 0
3, 0
3, 0
3, 0
3, 0
3, 0
3, 0
3, 0
3, 0
0, 0x4cf50
0, 0x88f80
0, 0x4cf70
0, 0x88fa0
0, 0x4cf90
0, 0x88fc0
0, 0x4cfb0
0, 0x88fe0
1, 0x88f60
0, 0x4cf50
0, 0x88f80
2, 2
3, 0
3, 0
3, 0
3, 0
3, 0
3, 0
3, 0
3, 0
3, 0
3, 0
3, 0
3, 0
3, 0
3, 0
1, 0x88f80
0, 0x4cf70
0, 0x88fa0
2, 2
3, 0
3, 0
3, 0
3, 0
3, 0
3, 0
3, 0
3, 0
3, 0
3, 0
3, 0
3, 0
3, 0
3, 0
1, 0x88fa0
0, 0x4cf90
0, 0x88fc0
2, 2
3, 0
3, 0
3, 0
3, 0
3, 0
3, 0
3, 0
3, 0
3, 0
3, 0
3, 0
3, 0
3, 0
3, 0
1, 0x88fc0
0, 0x4cfb0
0, 0x88fe0
2, 2
3, 0
3, 0
3, 0
3, 0
3, 0
3, 0
3, 0
3, 0
3, 0
3, 0
3, 0
3, 0
3, 0
3, 0
0, 0x4cfd0
0, 0x89000
0, 0x4cff0
0, 0x89020
0, 0x4d010
0, 0x89040
0, 0x4d030
0, 0x89060
1, 0x88fe0
0, 0x4cfd0
0, 0x89000
2, 2
3, 0
3, 0
3, 0
3, 0
3, 0
3, 0
3, 0
3, 0
3, 0
3, 0
3, 0
3, 0
3, 0
3, 0
1, 0x89000
0, 0x4cff0
0, 0x89020
2, 2
3, 0
3, 0
3, 0
3, 0
3, 0
3, 0
3, 0
3, 0
3, 0
3, 0
3, 0
3, 0
3, 0
3, 0
1, 0x89020
0, 0x4d010
0, 0x89040
2, 2
3, 0
3, 0
3, 0
3, 0
3, 0
3, 0
3, 0
3, 0
3, 0
3, 0
3, 0
3, 0
3, 0
3, 0
1, 0x89040
0, 0x4d030
0, 0x89060
2, 2
3, 0
3, 0
3, 0
3, 0
3, 0
3, 0
3, 0
3, 0
3, 0
3, 0
3, 0
3, 0
3, 0
3, 0
0, 0x4d050
0, 0x89080
0, 0x4d070
0, 0x890a0
0, 0x4d090
0, 0x890c0
0, 0x4d0b0
0, 0x890e0
1, 0x89060
0, 0x4d050
0, 0x89080
2, 2
3, 0
3, 0
3, 0
3, 0
3, 0
3, 0
3, 0
3, 0
3, 0
3, 0
3, 0
3, 0
3, 0
3, 0
1, 0x89080
0, 0x4d070
0, 0x890a0
2, 2
3, 0
3, 0
3, 0
3, 0
3, 0
3, 0
3, 0
3, 0
3, 0
3, 0
3, 0
3, 0
3, 0
3, 0
1, 0x890a0
0, 0x4d090
0, 0x890c0
2, 2
3, 0
3, 0
3, 0
3, 0
3, 0
3, 0
3, 0
3, 0
3, 0
3, 0
3, 0
3, 0
3, 0
3, 0
1, 0x890c0
0, 0x4d0b0
0, 0x890e0
2, 2
3, 0
3, 0
3, 0
3, 0
3, 0
3, 0
3, 0
3, 0
3, 0
3, 0
3, 0
3, 0
3, 0
3, 0
0, 0x4d0d0
0, 0x89100
0, 0x4d0f0
0, 0x89120
0, 0x4d110
0, 0x89140
0, 0x4d130
0, 0x89160
1, 0x890e0
0, 0x4d0d0
0, 0x89100
2, 2
3, 0
3, 0
3, 0
3, 0
3, 0
3, 0
3, 0
3, 0
3, 0
3, 0
3, 0
3, 0
3, 0
3, 0
1, 0x89100
0, 0x4d0f0
0, 0x89120
2, 2
3, 0
3, 0
3, 0
3, 0
3, 0
3, 0
3, 0
3, 0
3, 0
3, 0
3, 0
3, 0
3, 0
3, 0
1, 0x89120
0, 0x4d110
0, 0x89140
2, 2
3, 0
3, 0
3, 0
3, 0
3, 0
3, 0
3, 0
3, 0
3, 0
3, 0
3, 0
3, 0
3, 0
3, 0
1, 0x89140
0, 0x4d130
0, 0x89160
2, 2
3, 0
3, 0
3, 0
3, 0
3, 0
3, 0
3, 0
3, 0
3, 0
3, 0
3, 0
3, 0
3, 0
3, 0
0, 0x4d150
0, 0x89180
0, 0x4d170
0, 0x891a0
0, 0x4d190
0, 0x891c0
0, 0x4d1b0
0, 0x891e0
1, 0x89160
0, 0x4d150
0, 0x89180
2, 2
3, 0
3, 0
3, 0
3, 0
3, 0
3, 0
3, 0
3, 0
3, 0
3, 0
3, 0
3, 0
3, 0
3, 0
1, 0x89180
0, 0x4d170
0, 0x891a0
2, 2
3, 0
3, 0
3, 0
3, 0
3, 0
3, 0
3, 0
3, 0
3, 0
3, 0
3, 0
3, 0
3, 0
3, 0
1, 0x891a0
0, 0x4d190
0, 0x891c0
2, 2
3, 0
3, 0
3, 0
3, 0
3, 0
3, 0
3, 0
3, 0
3, 0
3, 0
3, 0
3, 0
3, 0
3, 0
1, 0x891c0
0, 0x4d1b0
0, 0x891e0
2, 2
3, 0
3, 0
3, 0
3, 0
3, 0
3, 0
3, 0
3, 0
3, 0
3, 0
3, 0
3, 0
3, 0
3, 0
0, 0x4d1d0
0, 0x89200
0, 0x4d1f0
0, 0x89220
0, 0x4d210
0, 0x89240
0, 0x4d230
0, 0x89260
1, 0x891e0
0, 0x4d1d0
0, 0x89200
2, 2
3, 0
3, 0
3, 0
3, 0
3, 0
3, 0
3, 0
3, 0
3, 0
3, 0
3, 0
3, 0
3, 0
3, 0
1, 0x89200
0, 0x4d1f0
0, 0x89220
2, 2
3, 0
3, 0
3, 0
3, 0
3, 0
3, 0
3, 0
3, 0
3, 0
3, 0
3, 0
3, 0
3, 0
3, 0
1, 0x89220
0, 0x4d210
0, 0x89240
2, 2
3, 0
3, 0
3, 0
3, 0
3, 0
3, 0
3, 0
3, 0
3, 0
3, 0
3, 0
3, 0
3, 0
3, 0
1, 0x89240
0, 0x4d230
0, 0x89260
2, 2
3, 0
3, 0
3, 0
3, 0
3, 0
3, 0
3, 0
3, 0
3, 0
3, 0
3, 0
3, 0
3, 0
3, 0
0, 0x4d250
0, 0x89280
0, 0x4d270
0, 0x892a0
0, 0x4d290
0, 0x892c0
0, 0x4d2b0
0, 0x892e0
1, 0x89260
0, 0x4d250
0, 0x89280
2, 2
3, 0
3, 0
3, 0
3, 0
3, 0
3, 0
3, 0
3, 0
3, 0
3, 0
3, 0
3, 0
3, 0
3, 0
1, 0x89280
0, 0x4d270
0, 0x892a0
2, 2
3, 0
3, 0
3, 0
3, 0
3, 0
3, 0
3, 0
3, 0
3, 0
3, 0
3, 0
3, 0
3, 0
3, 0
1, 0x892a0
0, 0x4d290
0, 0x892c0
2, 2
3, 0
3, 0
3, 0
3, 0
3, 0
3, 0
3, 0
3, 0
3, 0
3, 0
3, 0
3, 0
3, 0
3, 0
1, 0x892c0
0, 0x4d2b0
0, 0x892e0
2, 2
3, 0
3, 0
3, 0
3, 0
3, 0
3, 0
3, 0
3, 0
3, 0
3, 0
3, 0
3, 0
3, 0
3, 0
0, 0x4d2d0
0, 0x89300
0, 0x4d2f0
0, 0x89320
0, 0x4d310
0, 0x89340
0, 0x4d330
0, 0x89360
1, 0x892e0
0, 0x4d2d0
0, 0x89300
2, 2
3, 0
3, 0
3, 0
3, 0
3, 0
3, 0
3, 0
3, 0
3, 0
3, 0
3, 0
3, 0
3, 0
3, 0
1, 0x89300
0, 0x4d2f0
0, 0x89320
2, 2
3, 0
3, 0
3, 0
3, 0
3, 0
3, 0
3, 0
3, 0
3, 0
3, 0
3, 0
3, 0
3, 0
3, 0
1, 0x89320
0, 0x4d310
0, 0x89340
2, 2
3, 0
3, 0
3, 0
3, 0
3, 0
3, 0
3, 0
3, 0
3, 0
3, 0
3, 0
3, 0
3, 0
3, 0
1, 0x89340
0, 0x4d330
0, 0x89360
2, 2
3, 0
3, 0
3, 0
3, 0
3, 0
3, 0
3, 0
3, 0
3, 0
3, 0
3, 0
3, 0
3, 0
3, 0
0, 0x4d350
0, 0x89380
0, 0x4d370
0, 0x893a0
0, 0x4d390
0, 0x893c0
0, 0x4d3b0
0, 0x893e0
1, 0x89360
0, 0x4d350
0, 0x89380
2, 2
3, 0
3, 0
3, 0
3, 0
3, 0
3, 0
3, 0
3, 0
3, 0
3, 0
3, 0
3, 0
3, 0
3, 0
1, 0x89380
0, 0x4d370
0, 0x893a0
2, 2
3, 0
3, 0
3, 0
3, 0
3, 0
3, 0
3, 0
3, 0
3, 0
3, 0
3, 0
3, 0
3, 0
3, 0
1, 0x893a0
0, 0x4d390
0, 0x893c0
2, 2
3, 0
3, 0
3, 0
3, 0
3, 0
3, 0
3, 0
3, 0
3, 0
3, 0
3, 0
3, 0
3, 0
3, 0
1, 0x893c0
0, 0x4d3b0
0, 0x893e0
2, 2
3, 0
3, 0
3, 0
3, 0
3, 0
3, 0
3, 0
3, 0
3, 0
3, 0
3, 0
3, 0
3, 0
3, 0
0, 0x4d3d0
0, 0x89400
0, 0x4d3f0
0, 0x89420
0, 0x4d410
0, 0x89440
0, 0x4d430
0, 0x89460
1, 0x893e0
0, 0x4d3d0
0, 0x89400
2, 2
3, 0
3, 0
3, 0
3, 0
3, 0
3, 0
3, 0
3, 0
3, 0
3, 0
3, 0
3, 0
3, 0
3, 0
1, 0x89400
0, 0x4d3f0
0, 0x89420
2, 2
3, 0
3, 0
3, 0
3, 0
3, 0
3, 0
3, 0
3, 0
3, 0
3, 0
3, 0
3, 0
3, 0
3, 0
1, 0x89420
0, 0x4d410
0, 0x89440
2, 2
3, 0
3, 0
3, 0
3, 0
3, 0
3, 0
3, 0
3, 0
3, 0
3, 0
3, 0
3, 0
3, 0
3, 0
1, 0x89440
0, 0x4d430
0, 0x89460
2, 2
3, 0
3, 0
3, 0
3, 0
3, 0
3, 0
3, 0
3, 0
3, 0
3, 0
3, 0
3, 0
3, 0
3, 0
0, 0x4d450
0, 0x89480
0, 0x4d470
0, 0x894a0
0, 0x4d490
0, 0x894c0
0, 0x4d4b0
0, 0x894e0
1, 0x89460
0, 0x4d450
0, 0x89480
2, 2
3, 0
3, 0
3, 0
3, 0
3, 0
3, 0
3, 0
3, 0
3, 0
3, 0
3, 0
3, 0
3, 0
3, 0
1, 0x89480
0, 0x4d470
0, 0x894a0
2, 2
3, 0
3, 0
3, 0
3, 0
3, 0
3, 0
3, 0
3, 0
3, 0
3, 0
3, 0
3, 0
3, 0
3, 0
1, 0x894a0
0, 0x4d490
0, 0x894c0
2, 2
3, 0
3, 0
3, 0
3, 0
3, 0
3, 0
3, 0
3, 0
3, 0
3, 0
3, 0
3, 0
3, 0
3, 0
1, 0x894c0
0, 0x4d4b0
0, 0x894e0
2, 2
3, 0
3, 0
3, 0
3, 0
3, 0
3, 0
3, 0
3, 0
3, 0
3, 0
3, 0
3, 0
3, 0
3, 0
0, 0x4d4d0
0, 0x89500
0, 0x4d4f0
0, 0x89520
0, 0x4d510
0, 0x89540
0, 0x4d530
0, 0x89560
1, 0x894e0
0, 0x4d4d0
0, 0x89500
2, 2
3, 0
3, 0
3, 0
3, 0
3, 0
3, 0
3, 0
3, 0
3, 0
3, 0
3, 0
3, 0
3, 0
3, 0
1, 0x89500
0, 0x4d4f0
0, 0x89520
2, 2
3, 0
3, 0
3, 0
3, 0
3, 0
3, 0
3, 0
3, 0
3, 0
3, 0
3, 0
3, 0
3, 0
3, 0
1, 0x89520
0, 0x4d510
0, 0x89540
2, 2
3, 0
3, 0
3, 0
3, 0
3, 0
3, 0
3, 0
3, 0
3, 0
3, 0
3, 0
3, 0
3, 0
3, 0
1, 0x89540
0, 0x4d530
0, 0x89560
2, 2
3, 0
3, 0
3, 0
3, 0
3, 0
3, 0
3, 0
3, 0
3, 0
3, 0
3, 0
3, 0
3, 0
3, 0
0, 0x4d550
0, 0x89580
0, 0x4d570
0, 0x895a0
0, 0x4d590
0, 0x895c0
0, 0x4d5b0
0, 0x895e0
1, 0x89560
0, 0x4d550
0, 0x89580
2, 2
3, 0
3, 0
3, 0
3, 0
3, 0
3, 0
3, 0
3, 0
3, 0
3, 0
3, 0
3, 0
3, 0
3, 0
1, 0x89580
0, 0x4d570
0, 0x895a0
2, 2
3, 0
3, 0
3, 0
3, 0
3, 0
3, 0
3, 0
3, 0
3, 0
3, 0
3, 0
3, 0
3, 0
3, 0
1, 0x895a0
0, 0x4d590
0, 0x895c0
2, 2
3, 0
3, 0
3, 0
3, 0
3, 0
3, 0
3, 0
3, 0
3, 0
3, 0
3, 0
3, 0
3, 0
3, 0
1, 0x895c0
0, 0x4d5b0
0, 0x895e0
2, 2
3, 0
3, 0
3, 0
3, 0
3, 0
3, 0
3, 0
3, 0
3, 0
3, 0
3, 0
3, 0
3, 0
3, 0
0, 0x4d5d0
0, 0x89600
0, 0x4d5f0
0, 0x89620
0, 0x4d610
0, 0x89640
0, 0x4d630
0, 0x89660
1, 0x895e0
0, 0x4d5d0
0, 0x89600
2, 2
3, 0
3, 0
3, 0
3, 0
3, 0
3, 0
3, 0
3, 0
3, 0
3, 0
3, 0
3, 0
3, 0
3, 0
1, 0x89600
0, 0x4d5f0
0, 0x89620
2, 2
3, 0
3, 0
3, 0
3, 0
3, 0
3, 0
3, 0
3, 0
3, 0
3, 0
3, 0
3, 0
3, 0
3, 0
1, 0x89620
0, 0x4d610
0, 0x89640
2, 2
3, 0
3, 0
3, 0
3, 0
3, 0
3, 0
3, 0
3, 0
3, 0
3, 0
3, 0
3, 0
3, 0
3, 0
1, 0x89640
0, 0x4d630
0, 0x89660
2, 2
3, 0
3, 0
3, 0
3, 0
3, 0
3, 0
3, 0
3, 0
3, 0
3, 0
3, 0
3, 0
3, 0
3, 0
0, 0x4d650
0, 0x89680
0, 0x4d670
0, 0x896a0
0, 0x4d690
0, 0x896c0
0, 0x4d6b0
0, 0x896e0
1, 0x89660
0, 0x4d650
0, 0x89680
2, 2
3, 0
3, 0
3, 0
3, 0
3, 0
3, 0
3, 0
3, 0
3, 0
3, 0
3, 0
3, 0
3, 0
3, 0
1, 0x89680
0, 0x4d670
0, 0x896a0
2, 2
3, 0
3, 0
3, 0
3, 0
3, 0
3, 0
3, 0
3, 0
3, 0
3, 0
3, 0
3, 0
3, 0
3, 0
1, 0x896a0
0, 0x4d690
0, 0x896c0
2, 2
3, 0
3, 0
3, 0
3, 0
3, 0
3, 0
3, 0
3, 0
3, 0
3, 0
3, 0
3, 0
3, 0
3, 0
1, 0x896c0
0, 0x4d6b0
0, 0x896e0
2, 2
3, 0
3, 0
3, 0
3, 0
3, 0
3, 0
3, 0
3, 0
3, 0
3, 0
3, 0
3, 0
3, 0
3, 0
0, 0x4d6d0
0, 0x89700
0, 0x4d6f0
0, 0x89720
0, 0x4d710
0, 0x89740
0, 0x4d730
0, 0x89760
1, 0x896e0
0, 0x4d6d0
0, 0x89700
2, 2
3, 0
3, 0
3, 0
3, 0
3, 0
3, 0
3, 0
3, 0
3, 0
3, 0
3, 0
3, 0
3, 0
3, 0
1, 0x89700
0, 0x4d6f0
0, 0x89720
2, 2
3, 0
3, 0
3, 0
3, 0
3, 0
3, 0
3, 0
3, 0
3, 0
3, 0
3, 0
3, 0
3, 0
3, 0
1, 0x89720
0, 0x4d710
0, 0x89740
2, 2
3, 0
3, 0
3, 0
3, 0
3, 0
3, 0
3, 0
3, 0
3, 0
3, 0
3, 0
3, 0
3, 0
3, 0
1, 0x89740
0, 0x4d730
0, 0x89760
2, 2
3, 0
3, 0
3, 0
3, 0
3, 0
3, 0
3, 0
3, 0
3, 0
3, 0
3, 0
3, 0
3, 0
3, 0
0, 0x4d750
0, 0x89780
0, 0x4d770
0, 0x897a0
0, 0x4d790
0, 0x897c0
0, 0x4d7b0
0, 0x897e0
1, 0x89760
0, 0x4d750
0, 0x89780
2, 2
3, 0
3, 0
3, 0
3, 0
3, 0
3, 0
3, 0
3, 0
3, 0
3, 0
3, 0
3, 0
3, 0
3, 0
1, 0x89780
0, 0x4d770
0, 0x897a0
2, 2
3, 0
3, 0
3, 0
3, 0
3, 0
3, 0
3, 0
3, 0
3, 0
3, 0
3, 0
3, 0
3, 0
3, 0
1, 0x897a0
0, 0x4d790
0, 0x897c0
2, 2
3, 0
3, 0
3, 0
3, 0
3, 0
3, 0
3, 0
3, 0
3, 0
3, 0
3, 0
3, 0
3, 0
3, 0
1, 0x897c0
0, 0x4d7b0
0, 0x897e0
2, 2
3, 0
3, 0
3, 0
3, 0
3, 0
3, 0
3, 0
3, 0
3, 0
3, 0
3, 0
3, 0
3, 0
3, 0
0, 0x4d7d0
0, 0x89800
0, 0x4d7f0
0, 0x89820
0, 0x4d810
0, 0x89840
0, 0x4d830
0, 0x89860
1, 0x897e0
0, 0x4d7d0
0, 0x89800
2, 2
3, 0
3, 0
3, 0
3, 0
3, 0
3, 0
3, 0
3, 0
3, 0
3, 0
3, 0
3, 0
3, 0
3, 0
1, 0x89800
0, 0x4d7f0
0, 0x89820
2, 2
3, 0
3, 0
3, 0
3, 0
3, 0
3, 0
3, 0
3, 0
3, 0
3, 0
3, 0
3, 0
3, 0
3, 0
1, 0x89820
0, 0x4d810
0, 0x89840
2, 2
3, 0
3, 0
3, 0
3, 0
3, 0
3, 0
3, 0
3, 0
3, 0
3, 0
3, 0
3, 0
3, 0
3, 0
1, 0x89840
0, 0x4d830
0, 0x89860
2, 2
3, 0
3, 0
3, 0
3, 0
3, 0
3, 0
3, 0
3, 0
3, 0
3, 0
3, 0
3, 0
3, 0
3, 0
0, 0x4d850
0, 0x89880
0, 0x4d870
0, 0x898a0
0, 0x4d890
0, 0x898c0
0, 0x4d8b0
0, 0x898e0
1, 0x89860
0, 0x4d850
0, 0x89880
2, 2
3, 0
3, 0
3, 0
3, 0
3, 0
3, 0
3, 0
3, 0
3, 0
3, 0
3, 0
3, 0
3, 0
3, 0
1, 0x89880
0, 0x4d870
0, 0x898a0
2, 2
3, 0
3, 0
3, 0
3, 0
3, 0
3, 0
3, 0
3, 0
3, 0
3, 0
3, 0
3, 0
3, 0
3, 0
1, 0x898a0
0, 0x4d890
0, 0x898c0
2, 2
3, 0
3, 0
3, 0
3, 0
3, 0
3, 0
3, 0
3, 0
3, 0
3, 0
3, 0
3, 0
3, 0
3, 0
1, 0x898c0
0, 0x4d8b0
0, 0x898e0
2, 2
3, 0
3, 0
3, 0
3, 0
3, 0
3, 0
3, 0
3, 0
3, 0
3, 0
3, 0
3, 0
3, 0
3, 0
0, 0x4d8d0
0, 0x89900
0, 0x4d8f0
0, 0x89920
0, 0x4d910
0, 0x89940
0, 0x4d930
0, 0x89960
1, 0x898e0
0, 0x4d8d0
0, 0x89900
2, 2
3, 0
3, 0
3, 0
3, 0
3, 0
3, 0
3, 0
3, 0
3, 0
3, 0
3, 0
3, 0
3, 0
3, 0
1, 0x89900
0, 0x4d8f0
0, 0x89920
2, 2
3, 0
3, 0
3, 0
3, 0
3, 0
3, 0
3, 0
3, 0
3, 0
3, 0
3, 0
3, 0
3, 0
3, 0
1, 0x89920
0, 0x4d910
0, 0x89940
2, 2
3, 0
3, 0
3, 0
3, 0
3, 0
3, 0
3, 0
3, 0
3, 0
3, 0
3, 0
3, 0
3, 0
3, 0
1, 0x89940
0, 0x4d930
0, 0x89960
2, 2
3, 0
3, 0
3, 0
3, 0
3, 0
3, 0
3, 0
3, 0
3, 0
3, 0
3, 0
3, 0
3, 0
3, 0
0, 0x4d950
0, 0x89980
0, 0x4d970
0, 0x899a0
0, 0x4d990
0, 0x899c0
0, 0x4d9b0
0, 0x899e0
1, 0x89960
0, 0x4d950
0, 0x89980
2, 2
3, 0
3, 0
3, 0
3, 0
3, 0
3, 0
3, 0
3, 0
3, 0
3, 0
3, 0
3, 0
3, 0
3, 0
1, 0x89980
0, 0x4d970
0, 0x899a0
2, 2
3, 0
3, 0
3, 0
3, 0
3, 0
3, 0
3, 0
3, 0
3, 0
3, 0
3, 0
3, 0
3, 0
3, 0
1, 0x899a0
0, 0x4d990
0, 0x899c0
2, 2
3, 0
3, 0
3, 0
3, 0
3, 0
3, 0
3, 0
3, 0
3, 0
3, 0
3, 0
3, 0
3, 0
3, 0
1, 0x899c0
0, 0x4d9b0
0, 0x899e0
2, 2
3, 0
3, 0
3, 0
3, 0
3, 0
3, 0
3, 0
3, 0
3, 0
3, 0
3, 0
3, 0
3, 0
3, 0
0, 0x4d9d0
0, 0x89a00
0, 0x4d9f0
0, 0x89a20
0, 0x4da10
0, 0x89a40
0, 0x4da30
0, 0x89a60
1, 0x899e0
0, 0x4d9d0
0, 0x89a00
2, 2
3, 0
3, 0
3, 0
3, 0
3, 0
3, 0
3, 0
3, 0
3, 0
3, 0
3, 0
3, 0
3, 0
3, 0
1, 0x89a00
0, 0x4d9f0
0, 0x89a20
2, 2
3, 0
3, 0
3, 0
3, 0
3, 0
3, 0
3, 0
3, 0
3, 0
3, 0
3, 0
3, 0
3, 0
3, 0
1, 0x89a20
0, 0x4da10
0, 0x89a40
2, 2
3, 0
3, 0
3, 0
3, 0
3, 0
3, 0
3, 0
3, 0
3, 0
3, 0
3, 0
3, 0
3, 0
3, 0
1, 0x89a40
0, 0x4da30
0, 0x89a60
2, 2
3, 0
3, 0
3, 0
3, 0
3, 0
3, 0
3, 0
3, 0
3, 0
3, 0
3, 0
3, 0
3, 0
3, 0
0, 0x4da50
0, 0x89a80
0, 0x4da70
0, 0x89aa0
0, 0x4da90
0, 0x89ac0
0, 0x4dab0
0, 0x89ae0
1, 0x89a60
0, 0x4da50
0, 0x89a80
2, 2
3, 0
3, 0
3, 0
3, 0
3, 0
3, 0
3, 0
3, 0
3, 0
3, 0
3, 0
3, 0
3, 0
3, 0
1, 0x89a80
0, 0x4da70
0, 0x89aa0
2, 2
3, 0
3, 0
3, 0
3, 0
3, 0
3, 0
3, 0
3, 0
3, 0
3, 0
3, 0
3, 0
3, 0
3, 0
1, 0x89aa0
0, 0x4da90
0, 0x89ac0
2, 2
3, 0
3, 0
3, 0
3, 0
3, 0
3, 0
3, 0
3, 0
3, 0
3, 0
3, 0
3, 0
3, 0
3, 0
1, 0x89ac0
0, 0x4dab0
0, 0x89ae0
2, 2
3, 0
3, 0
3, 0
3, 0
3, 0
3, 0
3, 0
3, 0
3, 0
3, 0
3, 0
3, 0
3, 0
3, 0
0, 0x4dad0
0, 0x89b00
0, 0x4daf0
0, 0x89b20
0, 0x4db10
0, 0x89b40
0, 0x4db30
0, 0x89b60
1, 0x89ae0
0, 0x4dad0
0, 0x89b00
2, 2
3, 0
3, 0
3, 0
3, 0
3, 0
3, 0
3, 0
3, 0
3, 0
3, 0
3, 0
3, 0
3, 0
3, 0
1, 0x89b00
0, 0x4daf0
0, 0x89b20
2, 2
3, 0
3, 0
3, 0
3, 0
3, 0
3, 0
3, 0
3, 0
3, 0
3, 0
3, 0
3, 0
3, 0
3, 0
1, 0x89b20
0, 0x4db10
0, 0x89b40
2, 2
3, 0
3, 0
3, 0
3, 0
3, 0
3, 0
3, 0
3, 0
3, 0
3, 0
3, 0
3, 0
3, 0
3, 0
1, 0x89b40
0, 0x4db30
0, 0x89b60
2, 2
3, 0
3, 0
3, 0
3, 0
3, 0
3, 0
3, 0
3, 0
3, 0
3, 0
3, 0
3, 0
3, 0
3, 0
0, 0x4db50
0, 0x89b80
0, 0x4db70
0, 0x89ba0
0, 0x4db90
0, 0x89bc0
0, 0x4dbb0
0, 0x89be0
1, 0x89b60
0, 0x4db50
0, 0x89b80
2, 2
3, 0
3, 0
3, 0
3, 0
3, 0
3, 0
3, 0
3, 0
3, 0
3, 0
3, 0
3, 0
3, 0
3, 0
1, 0x89b80
0, 0x4db70
0, 0x89ba0
2, 2
3, 0
3, 0
3, 0
3, 0
3, 0
3, 0
3, 0
3, 0
3, 0
3, 0
3, 0
3, 0
3, 0
3, 0
1, 0x89ba0
0, 0x4db90
0, 0x89bc0
2, 2
3, 0
3, 0
3, 0
3, 0
3, 0
3, 0
3, 0
3, 0
3, 0
3, 0
3, 0
3, 0
3, 0
3, 0
1, 0x89bc0
0, 0x4dbb0
0, 0x89be0
2, 2
3, 0
3, 0
3, 0
3, 0
3, 0
3, 0
3, 0
3, 0
3, 0
3, 0
3, 0
3, 0
3, 0
3, 0
0, 0x4dbd0
0, 0x89c00
0, 0x4dbf0
0, 0x89c20
0, 0x4dc10
0, 0x89c40
0, 0x4dc30
0, 0x89c60
1, 0x89be0
0, 0x4dbd0
0, 0x89c00
2, 2
3, 0
3, 0
3, 0
3, 0
3, 0
3, 0
3, 0
3, 0
3, 0
3, 0
3, 0
3, 0
3, 0
3, 0
1, 0x89c00
0, 0x4dbf0
0, 0x89c20
2, 2
3, 0
3, 0
3, 0
3, 0
3, 0
3, 0
3, 0
3, 0
3, 0
3, 0
3, 0
3, 0
3, 0
3, 0
1, 0x89c20
0, 0x4dc10
0, 0x89c40
2, 2
3, 0
3, 0
3, 0
3, 0
3, 0
3, 0
3, 0
3, 0
3, 0
3, 0
3, 0
3, 0
3, 0
3, 0
1, 0x89c40
0, 0x4dc30
0, 0x89c60
2, 2
3, 0
3, 0
3, 0
3, 0
3, 0
3, 0
3, 0
3, 0
3, 0
3, 0
3, 0
3, 0
3, 0
3, 0
0, 0x4dc50
0, 0x89c80
0, 0x4dc70
0, 0x89ca0
0, 0x4dc90
0, 0x89cc0
0, 0x4dcb0
0, 0x89ce0
1, 0x89c60
0, 0x4dc50
0, 0x89c80
2, 2
3, 0
3, 0
3, 0
3, 0
3, 0
3, 0
3, 0
3, 0
3, 0
3, 0
3, 0
3, 0
3, 0
3, 0
1, 0x89c80
0, 0x4dc70
0, 0x89ca0
2, 2
3, 0
3, 0
3, 0
3, 0
3, 0
3, 0
3, 0
3, 0
3, 0
3, 0
3, 0
3, 0
3, 0
3, 0
1, 0x89ca0
0, 0x4dc90
0, 0x89cc0
2, 2
3, 0
3, 0
3, 0
3, 0
3, 0
3, 0
3, 0
3, 0
3, 0
3, 0
3, 0
3, 0
3, 0
3, 0
1, 0x89cc0
0, 0x4dcb0
0, 0x89ce0
2, 2
3, 0
3, 0
3, 0
3, 0
3, 0
3, 0
3, 0
3, 0
3, 0
3, 0
3, 0
3, 0
3, 0
3, 0
0, 0x4dcd0
0, 0x89d00
0, 0x4dcf0
0, 0x89d20
0, 0x4dd10
0, 0x89d40
0, 0x4dd30
0, 0x89d60
1, 0x89ce0
0, 0x4dcd0
0, 0x89d00
2, 2
3, 0
3, 0
3, 0
3, 0
3, 0
3, 0
3, 0
3, 0
3, 0
3, 0
3, 0
3, 0
3, 0
3, 0
1, 0x89d00
0, 0x4dcf0
0, 0x89d20
2, 2
3, 0
3, 0
3, 0
3, 0
3, 0
3, 0
3, 0
3, 0
3, 0
3, 0
3, 0
3, 0
3, 0
3, 0
1, 0x89d20
0, 0x4dd10
0, 0x89d40
2, 2
3, 0
3, 0
3, 0
3, 0
3, 0
3, 0
3, 0
3, 0
3, 0
3, 0
3, 0
3, 0
3, 0
3, 0
1, 0x89d40
0, 0x4dd30
0, 0x89d60
2, 2
3, 0
3, 0
3, 0
3, 0
3, 0
3, 0
3, 0
3, 0
3, 0
3, 0
3, 0
3, 0
3, 0
3, 0
0, 0x4dd50
0, 0x89d80
0, 0x4dd70
0, 0x89da0
0, 0x4dd90
0, 0x89dc0
0, 0x4ddb0
0, 0x89de0
1, 0x89d60
0, 0x4dd50
0, 0x89d80
2, 2
3, 0
3, 0
3, 0
3, 0
3, 0
3, 0
3, 0
3, 0
3, 0
3, 0
3, 0
3, 0
3, 0
3, 0
1, 0x89d80
0, 0x4dd70
0, 0x89da0
2, 2
3, 0
3, 0
3, 0
3, 0
3, 0
3, 0
3, 0
3, 0
3, 0
3, 0
3, 0
3, 0
3, 0
3, 0
1, 0x89da0
0, 0x4dd90
0, 0x89dc0
2, 2
3, 0
3, 0
3, 0
3, 0
3, 0
3, 0
3, 0
3, 0
3, 0
3, 0
3, 0
3, 0
3, 0
3, 0
1, 0x89dc0
0, 0x4ddb0
0, 0x89de0
2, 2
3, 0
3, 0
3, 0
3, 0
3, 0
3, 0
3, 0
3, 0
3, 0
3, 0
3, 0
3, 0
3, 0
3, 0
0, 0x4ddd0
0, 0x89e00
0, 0x4ddf0
0, 0x89e20
0, 0x4de10
0, 0x89e40
0, 0x4de30
0, 0x89e60
1, 0x89de0
0, 0x4ddd0
0, 0x89e00
2, 2
3, 0
3, 0
3, 0
3, 0
3, 0
3, 0
3, 0
3, 0
3, 0
3, 0
3, 0
3, 0
3, 0
3, 0
1, 0x89e00
0, 0x4ddf0
0, 0x89e20
2, 2
3, 0
3, 0
3, 0
3, 0
3, 0
3, 0
3, 0
3, 0
3, 0
3, 0
3, 0
3, 0
3, 0
3, 0
1, 0x89e20
0, 0x4de10
0, 0x89e40
2, 2
3, 0
3, 0
3, 0
3, 0
3, 0
3, 0
3, 0
3, 0
3, 0
3, 0
3, 0
3, 0
3, 0
3, 0
1, 0x89e40
0, 0x4de30
0, 0x89e60
2, 2
3, 0
3, 0
3, 0
3, 0
3, 0
3, 0
3, 0
3, 0
3, 0
3, 0
3, 0
3, 0
3, 0
3, 0
0, 0x4de50
0, 0x89e80
0, 0x4de70
0, 0x89ea0
0, 0x4de90
0, 0x89ec0
0, 0x4deb0
0, 0x89ee0
1, 0x89e60
0, 0x4de50
0, 0x89e80
2, 2
3, 0
3, 0
3, 0
3, 0
3, 0
3, 0
3, 0
3, 0
3, 0
3, 0
3, 0
3, 0
3, 0
3, 0
1, 0x89e80
0, 0x4de70
0, 0x89ea0
2, 2
3, 0
3, 0
3, 0
3, 0
3, 0
3, 0
3, 0
3, 0
3, 0
3, 0
3, 0
3, 0
3, 0
3, 0
1, 0x89ea0
0, 0x4de90
0, 0x89ec0
2, 2
3, 0
3, 0
3, 0
3, 0
3, 0
3, 0
3, 0
3, 0
3, 0
3, 0
3, 0
3, 0
3, 0
3, 0
1, 0x89ec0
0, 0x4deb0
0, 0x89ee0
2, 2
3, 0
3, 0
3, 0
3, 0
3, 0
3, 0
3, 0
3, 0
3, 0
3, 0
3, 0
3, 0
3, 0
3, 0
0, 0x4ded0
0, 0x89f00
0, 0x4def0
0, 0x89f20
0, 0x4df10
0, 0x89f40
0, 0x4df30
0, 0x89f60
1, 0x89ee0
0, 0x4ded0
0, 0x89f00
2, 2
3, 0
3, 0
3, 0
3, 0
3, 0
3, 0
3, 0
3, 0
3, 0
3, 0
3, 0
3, 0
3, 0
3, 0
1, 0x89f00
0, 0x4def0
0, 0x89f20
2, 2
3, 0
3, 0
3, 0
3, 0
3, 0
3, 0
3, 0
3, 0
3, 0
3, 0
3, 0
3, 0
3, 0
3, 0
1, 0x89f20
0, 0x4df10
0, 0x89f40
2, 2
3, 0
3, 0
3, 0
3, 0
3, 0
3, 0
3, 0
3, 0
3, 0
3, 0
3, 0
3, 0
3, 0
3, 0
1, 0x89f40
0, 0x4df30
0, 0x89f60
2, 2
3, 0
3, 0
3, 0
3, 0
3, 0
3, 0
3, 0
3, 0
3, 0
3, 0
3, 0
3, 0
3, 0
3, 0
0, 0x4df50
0, 0x89f80
0, 0x4df70
0, 0x89fa0
0, 0x4df90
0, 0x89fc0
0, 0x4dfb0
0, 0x89fe0
1, 0x89f60
0, 0x4df50
0, 0x89f80
2, 2
3, 0
3, 0
3, 0
3, 0
3, 0
3, 0
3, 0
3, 0
3, 0
3, 0
3, 0
3, 0
3, 0
3, 0
1, 0x89f80
0, 0x4df70
0, 0x89fa0
2, 2
3, 0
3, 0
3, 0
3, 0
3, 0
3, 0
3, 0
3, 0
3, 0
3, 0
3, 0
3, 0
3, 0
3, 0
1, 0x89fa0
0, 0x4df90
0, 0x89fc0
2, 2
3, 0
3, 0
3, 0
3, 0
3, 0
3, 0
3, 0
3, 0
3, 0
3, 0
3, 0
3, 0
3, 0
3, 0
1, 0x89fc0
0, 0x4dfb0
0, 0x89fe0
2, 2
3, 0
3, 0
3, 0
3, 0
3, 0
3, 0
3, 0
3, 0
3, 0
3, 0
3, 0
3, 0
3, 0
3, 0
0, 0x4dfd0
0, 0x8a000
0, 0x4dff0
0, 0x8a020
0, 0x4e010
0, 0x8a040
0, 0x4e030
0, 0x8a060
1, 0x89fe0
0, 0x4dfd0
0, 0x8a000
2, 2
3, 0
3, 0
3, 0
3, 0
3, 0
3, 0
3, 0
3, 0
3, 0
3, 0
3, 0
3, 0
3, 0
3, 0
1, 0x8a000
0, 0x4dff0
0, 0x8a020
2, 2
3, 0
3, 0
3, 0
3, 0
3, 0
3, 0
3, 0
3, 0
3, 0
3, 0
3, 0
3, 0
3, 0
3, 0
1, 0x8a020
0, 0x4e010
0, 0x8a040
2, 2
3, 0
3, 0
3, 0
3, 0
3, 0
3, 0
3, 0
3, 0
3, 0
3, 0
3, 0
3, 0
3, 0
3, 0
1, 0x8a040
0, 0x4e030
0, 0x8a060
2, 2
3, 0
3, 0
3, 0
3, 0
3, 0
3, 0
3, 0
3, 0
3, 0
3, 0
3, 0
3, 0
3, 0
3, 0
0, 0x4e050
0, 0x8a080
0, 0x4e070
0, 0x8a0a0
0, 0x4e090
0, 0x8a0c0
0, 0x4e0b0
0, 0x8a0e0
1, 0x8a060
0, 0x4e050
0, 0x8a080
2, 2
3, 0
3, 0
3, 0
3, 0
3, 0
3, 0
3, 0
3, 0
3, 0
3, 0
3, 0
3, 0
3, 0
3, 0
1, 0x8a080
0, 0x4e070
0, 0x8a0a0
2, 2
3, 0
3, 0
3, 0
3, 0
3, 0
3, 0
3, 0
3, 0
3, 0
3, 0
3, 0
3, 0
3, 0
3, 0
1, 0x8a0a0
0, 0x4e090
0, 0x8a0c0
2, 2
3, 0
3, 0
3, 0
3, 0
3, 0
3, 0
3, 0
3, 0
3, 0
3, 0
3, 0
3, 0
3, 0
3, 0
1, 0x8a0c0
0, 0x4e0b0
0, 0x8a0e0
2, 2
3, 0
3, 0
3, 0
3, 0
3, 0
3, 0
3, 0
3, 0
3, 0
3, 0
3, 0
3, 0
3, 0
3, 0
0, 0x4e0d0
0, 0x8a100
0, 0x4e0f0
0, 0x8a120
0, 0x4e110
0, 0x8a140
0, 0x4e130
0, 0x8a160
1, 0x8a0e0
0, 0x4e0d0
0, 0x8a100
2, 2
3, 0
3, 0
3, 0
3, 0
3, 0
3, 0
3, 0
3, 0
3, 0
3, 0
3, 0
3, 0
3, 0
3, 0
1, 0x8a100
0, 0x4e0f0
0, 0x8a120
2, 2
3, 0
3, 0
3, 0
3, 0
3, 0
3, 0
3, 0
3, 0
3, 0
3, 0
3, 0
3, 0
3, 0
3, 0
1, 0x8a120
0, 0x4e110
0, 0x8a140
2, 2
3, 0
3, 0
3, 0
3, 0
3, 0
3, 0
3, 0
3, 0
3, 0
3, 0
3, 0
3, 0
3, 0
3, 0
1, 0x8a140
0, 0x4e130
0, 0x8a160
2, 2
3, 0
3, 0
3, 0
3, 0
3, 0
3, 0
3, 0
3, 0
3, 0
3, 0
3, 0
3, 0
3, 0
3, 0
0, 0x4e150
0, 0x8a180
0, 0x4e170
0, 0x8a1a0
0, 0x4e190
0, 0x8a1c0
0, 0x4e1b0
0, 0x8a1e0
1, 0x8a160
0, 0x4e150
0, 0x8a180
2, 2
3, 0
3, 0
3, 0
3, 0
3, 0
3, 0
3, 0
3, 0
3, 0
3, 0
3, 0
3, 0
3, 0
3, 0
1, 0x8a180
0, 0x4e170
0, 0x8a1a0
2, 2
3, 0
3, 0
3, 0
3, 0
3, 0
3, 0
3, 0
3, 0
3, 0
3, 0
3, 0
3, 0
3, 0
3, 0
1, 0x8a1a0
0, 0x4e190
0, 0x8a1c0
2, 2
3, 0
3, 0
3, 0
3, 0
3, 0
3, 0
3, 0
3, 0
3, 0
3, 0
3, 0
3, 0
3, 0
3, 0
1, 0x8a1c0
0, 0x4e1b0
0, 0x8a1e0
2, 2
3, 0
3, 0
3, 0
3, 0
3, 0
3, 0
3, 0
3, 0
3, 0
3, 0
3, 0
3, 0
3, 0
3, 0
0, 0x4e1d0
0, 0x8a200
0, 0x4e1f0
0, 0x8a220
0, 0x4e210
0, 0x8a240
0, 0x4e230
0, 0x8a260
1, 0x8a1e0
0, 0x4e1d0
0, 0x8a200
2, 2
3, 0
3, 0
3, 0
3, 0
3, 0
3, 0
3, 0
3, 0
3, 0
3, 0
3, 0
3, 0
3, 0
3, 0
1, 0x8a200
0, 0x4e1f0
0, 0x8a220
2, 2
3, 0
3, 0
3, 0
3, 0
3, 0
3, 0
3, 0
3, 0
3, 0
3, 0
3, 0
3, 0
3, 0
3, 0
1, 0x8a220
0, 0x4e210
0, 0x8a240
2, 2
3, 0
3, 0
3, 0
3, 0
3, 0
3, 0
3, 0
3, 0
3, 0
3, 0
3, 0
3, 0
3, 0
3, 0
1, 0x8a240
0, 0x4e230
0, 0x8a260
2, 2
3, 0
3, 0
3, 0
3, 0
3, 0
3, 0
3, 0
3, 0
3, 0
3, 0
3, 0
3, 0
3, 0
3, 0
0, 0x4e250
0, 0x8a280
0, 0x4e270
0, 0x8a2a0
0, 0x4e290
0, 0x8a2c0
0, 0x4e2b0
0, 0x8a2e0
1, 0x8a260
0, 0x4e250
0, 0x8a280
2, 2
3, 0
3, 0
3, 0
3, 0
3, 0
3, 0
3, 0
3, 0
3, 0
3, 0
3, 0
3, 0
3, 0
3, 0
1, 0x8a280
0, 0x4e270
0, 0x8a2a0
2, 2
3, 0
3, 0
3, 0
3, 0
3, 0
3, 0
3, 0
3, 0
3, 0
3, 0
3, 0
3, 0
3, 0
3, 0
1, 0x8a2a0
0, 0x4e290
0, 0x8a2c0
2, 2
3, 0
3, 0
3, 0
3, 0
3, 0
3, 0
3, 0
3, 0
3, 0
3, 0
3, 0
3, 0
3, 0
3, 0
1, 0x8a2c0
0, 0x4e2b0
0, 0x8a2e0
2, 2
3, 0
3, 0
3, 0
3, 0
3, 0
3, 0
3, 0
3, 0
3, 0
3, 0
3, 0
3, 0
3, 0
3, 0
0, 0x4e2d0
0, 0x8a300
0, 0x4e2f0
0, 0x8a320
0, 0x4e310
0, 0x8a340
0, 0x4e330
0, 0x8a360
1, 0x8a2e0
0, 0x4e2d0
0, 0x8a300
2, 2
3, 0
3, 0
3, 0
3, 0
3, 0
3, 0
3, 0
3, 0
3, 0
3, 0
3, 0
3, 0
3, 0
3, 0
1, 0x8a300
0, 0x4e2f0
0, 0x8a320
2, 2
3, 0
3, 0
3, 0
3, 0
3, 0
3, 0
3, 0
3, 0
3, 0
3, 0
3, 0
3, 0
3, 0
3, 0
1, 0x8a320
0, 0x4e310
0, 0x8a340
2, 2
3, 0
3, 0
3, 0
3, 0
3, 0
3, 0
3, 0
3, 0
3, 0
3, 0
3, 0
3, 0
3, 0
3, 0
1, 0x8a340
0, 0x4e330
0, 0x8a360
2, 2
3, 0
3, 0
3, 0
3, 0
3, 0
3, 0
3, 0
3, 0
3, 0
3, 0
3, 0
3, 0
3, 0
3, 0
0, 0x4e350
0, 0x8a380
0, 0x4e370
0, 0x8a3a0
0, 0x4e390
0, 0x8a3c0
0, 0x4e3b0
0, 0x8a3e0
1, 0x8a360
0, 0x4e350
0, 0x8a380
2, 2
3, 0
3, 0
3, 0
3, 0
3, 0
3, 0
3, 0
3, 0
3, 0
3, 0
3, 0
3, 0
3, 0
3, 0
1, 0x8a380
0, 0x4e370
0, 0x8a3a0
2, 2
3, 0
3, 0
3, 0
3, 0
3, 0
3, 0
3, 0
3, 0
3, 0
3, 0
3, 0
3, 0
3, 0
3, 0
1, 0x8a3a0
0, 0x4e390
0, 0x8a3c0
2, 2
3, 0
3, 0
3, 0
3, 0
3, 0
3, 0
3, 0
3, 0
3, 0
3, 0
3, 0
3, 0
3, 0
3, 0
1, 0x8a3c0
0, 0x4e3b0
0, 0x8a3e0
2, 2
3, 0
3, 0
3, 0
3, 0
3, 0
3, 0
3, 0
3, 0
3, 0
3, 0
3, 0
3, 0
3, 0
3, 0
0, 0x4e3d0
0, 0x8a400
0, 0x4e3f0
0, 0x8a420
0, 0x4e410
0, 0x8a440
0, 0x4e430
0, 0x8a460
1, 0x8a3e0
0, 0x4e3d0
0, 0x8a400
2, 2
3, 0
3, 0
3, 0
3, 0
3, 0
3, 0
3, 0
3, 0
3, 0
3, 0
3, 0
3, 0
3, 0
3, 0
1, 0x8a400
0, 0x4e3f0
0, 0x8a420
2, 2
3, 0
3, 0
3, 0
3, 0
3, 0
3, 0
3, 0
3, 0
3, 0
3, 0
3, 0
3, 0
3, 0
3, 0
1, 0x8a420
0, 0x4e410
0, 0x8a440
2, 2
3, 0
3, 0
3, 0
3, 0
3, 0
3, 0
3, 0
3, 0
3, 0
3, 0
3, 0
3, 0
3, 0
3, 0
1, 0x8a440
0, 0x4e430
0, 0x8a460
2, 2
3, 0
3, 0
3, 0
3, 0
3, 0
3, 0
3, 0
3, 0
3, 0
3, 0
3, 0
3, 0
3, 0
3, 0
0, 0x4e450
0, 0x8a480
0, 0x4e470
0, 0x8a4a0
0, 0x4e490
0, 0x8a4c0
0, 0x4e4b0
0, 0x8a4e0
1, 0x8a460
0, 0x4e450
0, 0x8a480
2, 2
3, 0
3, 0
3, 0
3, 0
3, 0
3, 0
3, 0
3, 0
3, 0
3, 0
3, 0
3, 0
3, 0
3, 0
1, 0x8a480
0, 0x4e470
0, 0x8a4a0
2, 2
3, 0
3, 0
3, 0
3, 0
3, 0
3, 0
3, 0
3, 0
3, 0
3, 0
3, 0
3, 0
3, 0
3, 0
1, 0x8a4a0
0, 0x4e490
0, 0x8a4c0
2, 2
3, 0
3, 0
3, 0
3, 0
3, 0
3, 0
3, 0
3, 0
3, 0
3, 0
3, 0
3, 0
3, 0
3, 0
1, 0x8a4c0
0, 0x4e4b0
0, 0x8a4e0
2, 2
3, 0
3, 0
3, 0
3, 0
3, 0
3, 0
3, 0
3, 0
3, 0
3, 0
3, 0
3, 0
3, 0
3, 0
0, 0x4e4d0
0, 0x8a500
0, 0x4e4f0
0, 0x8a520
0, 0x4e510
0, 0x8a540
0, 0x4e530
0, 0x8a560
1, 0x8a4e0
0, 0x4e4d0
0, 0x8a500
2, 2
3, 0
3, 0
3, 0
3, 0
3, 0
3, 0
3, 0
3, 0
3, 0
3, 0
3, 0
3, 0
3, 0
3, 0
1, 0x8a500
0, 0x4e4f0
0, 0x8a520
2, 2
3, 0
3, 0
3, 0
3, 0
3, 0
3, 0
3, 0
3, 0
3, 0
3, 0
3, 0
3, 0
3, 0
3, 0
1, 0x8a520
0, 0x4e510
0, 0x8a540
2, 2
3, 0
3, 0
3, 0
3, 0
3, 0
3, 0
3, 0
3, 0
3, 0
3, 0
3, 0
3, 0
3, 0
3, 0
1, 0x8a540
0, 0x4e530
0, 0x8a560
2, 2
3, 0
3, 0
3, 0
3, 0
3, 0
3, 0
3, 0
3, 0
3, 0
3, 0
3, 0
3, 0
3, 0
3, 0
0, 0x4e550
0, 0x8a580
0, 0x4e570
0, 0x8a5a0
0, 0x4e590
0, 0x8a5c0
0, 0x4e5b0
0, 0x8a5e0
1, 0x8a560
0, 0x4e550
0, 0x8a580
2, 2
3, 0
3, 0
3, 0
3, 0
3, 0
3, 0
3, 0
3, 0
3, 0
3, 0
3, 0
3, 0
3, 0
3, 0
1, 0x8a580
0, 0x4e570
0, 0x8a5a0
2, 2
3, 0
3, 0
3, 0
3, 0
3, 0
3, 0
3, 0
3, 0
3, 0
3, 0
3, 0
3, 0
3, 0
3, 0
1, 0x8a5a0
0, 0x4e590
0, 0x8a5c0
2, 2
3, 0
3, 0
3, 0
3, 0
3, 0
3, 0
3, 0
3, 0
3, 0
3, 0
3, 0
3, 0
3, 0
3, 0
1, 0x8a5c0
0, 0x4e5b0
0, 0x8a5e0
2, 2
3, 0
3, 0
3, 0
3, 0
3, 0
3, 0
3, 0
3, 0
3, 0
3, 0
3, 0
3, 0
3, 0
3, 0
0, 0x4e5d0
0, 0x8a600
0, 0x4e5f0
0, 0x8a620
0, 0x4e610
0, 0x8a640
0, 0x4e630
0, 0x8a660
1, 0x8a5e0
0, 0x4e5d0
0, 0x8a600
2, 2
3, 0
3, 0
3, 0
3, 0
3, 0
3, 0
3, 0
3, 0
3, 0
3, 0
3, 0
3, 0
3, 0
3, 0
1, 0x8a600
0, 0x4e5f0
0, 0x8a620
2, 2
3, 0
3, 0
3, 0
3, 0
3, 0
3, 0
3, 0
3, 0
3, 0
3, 0
3, 0
3, 0
3, 0
3, 0
1, 0x8a620
0, 0x4e610
0, 0x8a640
2, 2
3, 0
3, 0
3, 0
3, 0
3, 0
3, 0
3, 0
3, 0
3, 0
3, 0
3, 0
3, 0
3, 0
3, 0
1, 0x8a640
0, 0x4e630
0, 0x8a660
2, 2
3, 0
3, 0
3, 0
3, 0
3, 0
3, 0
3, 0
3, 0
3, 0
3, 0
3, 0
3, 0
3, 0
3, 0
0, 0x4e650
0, 0x8a680
0, 0x4e670
0, 0x8a6a0
0, 0x4e690
0, 0x8a6c0
0, 0x4e6b0
0, 0x8a6e0
1, 0x8a660
0, 0x4e650
0, 0x8a680
2, 2
3, 0
3, 0
3, 0
3, 0
3, 0
3, 0
3, 0
3, 0
3, 0
3, 0
3, 0
3, 0
3, 0
3, 0
1, 0x8a680
0, 0x4e670
0, 0x8a6a0
2, 2
3, 0
3, 0
3, 0
3, 0
3, 0
3, 0
3, 0
3, 0
3, 0
3, 0
3, 0
3, 0
3, 0
3, 0
1, 0x8a6a0
0, 0x4e690
0, 0x8a6c0
2, 2
3, 0
3, 0
3, 0
3, 0
3, 0
3, 0
3, 0
3, 0
3, 0
3, 0
3, 0
3, 0
3, 0
3, 0
1, 0x8a6c0
0, 0x4e6b0
0, 0x8a6e0
2, 2
3, 0
3, 0
3, 0
3, 0
3, 0
3, 0
3, 0
3, 0
3, 0
3, 0
3, 0
3, 0
3, 0
3, 0
0, 0x4e6d0
0, 0x8a700
0, 0x4e6f0
0, 0x8a720
0, 0x4e710
0, 0x8a740
0, 0x4e730
0, 0x8a760
1, 0x8a6e0
0, 0x4e6d0
0, 0x8a700
2, 2
3, 0
3, 0
3, 0
3, 0
3, 0
3, 0
3, 0
3, 0
3, 0
3, 0
3, 0
3, 0
3, 0
3, 0
1, 0x8a700
0, 0x4e6f0
0, 0x8a720
2, 2
3, 0
3, 0
3, 0
3, 0
3, 0
3, 0
3, 0
3, 0
3, 0
3, 0
3, 0
3, 0
3, 0
3, 0
1, 0x8a720
0, 0x4e710
0, 0x8a740
2, 2
3, 0
3, 0
3, 0
3, 0
3, 0
3, 0
3, 0
3, 0
3, 0
3, 0
3, 0
3, 0
3, 0
3, 0
1, 0x8a740
0, 0x4e730
0, 0x8a760
2, 2
3, 0
3, 0
3, 0
3, 0
3, 0
3, 0
3, 0
3, 0
3, 0
3, 0
3, 0
3, 0
3, 0
3, 0
0, 0x4e750
0, 0x8a780
0, 0x4e770
0, 0x8a7a0
0, 0x4e790
0, 0x8a7c0
0, 0x4e7b0
0, 0x8a7e0
1, 0x8a760
0, 0x4e750
0, 0x8a780
2, 2
3, 0
3, 0
3, 0
3, 0
3, 0
3, 0
3, 0
3, 0
3, 0
3, 0
3, 0
3, 0
3, 0
3, 0
1, 0x8a780
0, 0x4e770
0, 0x8a7a0
2, 2
3, 0
3, 0
3, 0
3, 0
3, 0
3, 0
3, 0
3, 0
3, 0
3, 0
3, 0
3, 0
3, 0
3, 0
1, 0x8a7a0
0, 0x4e790
0, 0x8a7c0
2, 2
3, 0
3, 0
3, 0
3, 0
3, 0
3, 0
3, 0
3, 0
3, 0
3, 0
3, 0
3, 0
3, 0
3, 0
1, 0x8a7c0
0, 0x4e7b0
0, 0x8a7e0
2, 2
3, 0
3, 0
3, 0
3, 0
3, 0
3, 0
3, 0
3, 0
3, 0
3, 0
3, 0
3, 0
3, 0
3, 0
0, 0x4e7d0
0, 0x8a800
0, 0x4e7f0
0, 0x8a820
0, 0x4e810
0, 0x8a840
0, 0x4e830
0, 0x8a860
1, 0x8a7e0
0, 0x4e7d0
0, 0x8a800
2, 2
3, 0
3, 0
3, 0
3, 0
3, 0
3, 0
3, 0
3, 0
3, 0
3, 0
3, 0
3, 0
3, 0
3, 0
1, 0x8a800
0, 0x4e7f0
0, 0x8a820
2, 2
3, 0
3, 0
3, 0
3, 0
3, 0
3, 0
3, 0
3, 0
3, 0
3, 0
3, 0
3, 0
3, 0
3, 0
1, 0x8a820
0, 0x4e810
0, 0x8a840
2, 2
3, 0
3, 0
3, 0
3, 0
3, 0
3, 0
3, 0
3, 0
3, 0
3, 0
3, 0
3, 0
3, 0
3, 0
1, 0x8a840
0, 0x4e830
0, 0x8a860
2, 2
3, 0
3, 0
3, 0
3, 0
3, 0
3, 0
3, 0
3, 0
3, 0
3, 0
3, 0
3, 0
3, 0
3, 0
0, 0x4e850
0, 0x8a880
0, 0x4e870
0, 0x8a8a0
0, 0x4e890
0, 0x8a8c0
0, 0x4e8b0
0, 0x8a8e0
1, 0x8a860
0, 0x4e850
0, 0x8a880
2, 2
3, 0
3, 0
3, 0
3, 0
3, 0
3, 0
3, 0
3, 0
3, 0
3, 0
3, 0
3, 0
3, 0
3, 0
1, 0x8a880
0, 0x4e870
0, 0x8a8a0
2, 2
3, 0
3, 0
3, 0
3, 0
3, 0
3, 0
3, 0
3, 0
3, 0
3, 0
3, 0
3, 0
3, 0
3, 0
1, 0x8a8a0
0, 0x4e890
0, 0x8a8c0
2, 2
3, 0
3, 0
3, 0
3, 0
3, 0
3, 0
3, 0
3, 0
3, 0
3, 0
3, 0
3, 0
3, 0
3, 0
1, 0x8a8c0
0, 0x4e8b0
0, 0x8a8e0
2, 2
3, 0
3, 0
3, 0
3, 0
3, 0
3, 0
3, 0
3, 0
3, 0
3, 0
3, 0
3, 0
3, 0
3, 0
0, 0x4e8d0
0, 0x8a900
0, 0x4e8f0
0, 0x8a920
0, 0x4e910
0, 0x8a940
0, 0x4e930
0, 0x8a960
1, 0x8a8e0
0, 0x4e8d0
0, 0x8a900
2, 2
3, 0
3, 0
3, 0
3, 0
3, 0
3, 0
3, 0
3, 0
3, 0
3, 0
3, 0
3, 0
3, 0
3, 0
1, 0x8a900
0, 0x4e8f0
0, 0x8a920
2, 2
3, 0
3, 0
3, 0
3, 0
3, 0
3, 0
3, 0
3, 0
3, 0
3, 0
3, 0
3, 0
3, 0
3, 0
1, 0x8a920
0, 0x4e910
0, 0x8a940
2, 2
3, 0
3, 0
3, 0
3, 0
3, 0
3, 0
3, 0
3, 0
3, 0
3, 0
3, 0
3, 0
3, 0
3, 0
1, 0x8a940
0, 0x4e930
0, 0x8a960
2, 2
3, 0
3, 0
3, 0
3, 0
3, 0
3, 0
3, 0
3, 0
3, 0
3, 0
3, 0
3, 0
3, 0
3, 0
0, 0x4e950
0, 0x8a980
0, 0x4e970
0, 0x8a9a0
0, 0x4e990
0, 0x8a9c0
0, 0x4e9b0
0, 0x8a9e0
1, 0x8a960
0, 0x4e950
0, 0x8a980
2, 2
3, 0
3, 0
3, 0
3, 0
3, 0
3, 0
3, 0
3, 0
3, 0
3, 0
3, 0
3, 0
3, 0
3, 0
1, 0x8a980
0, 0x4e970
0, 0x8a9a0
2, 2
3, 0
3, 0
3, 0
3, 0
3, 0
3, 0
3, 0
3, 0
3, 0
3, 0
3, 0
3, 0
3, 0
3, 0
1, 0x8a9a0
0, 0x4e990
0, 0x8a9c0
2, 2
3, 0
3, 0
3, 0
3, 0
3, 0
3, 0
3, 0
3, 0
3, 0
3, 0
3, 0
3, 0
3, 0
3, 0
1, 0x8a9c0
0, 0x4e9b0
0, 0x8a9e0
2, 2
3, 0
3, 0
3, 0
3, 0
3, 0
3, 0
3, 0
3, 0
3, 0
3, 0
3, 0
3, 0
3, 0
3, 0
0, 0x4e9d0
0, 0x8aa00
0, 0x4e9f0
0, 0x8aa20
0, 0x4ea10
0, 0x8aa40
0, 0x4ea30
0, 0x8aa60
1, 0x8a9e0
0, 0x4e9d0
0, 0x8aa00
2, 2
3, 0
3, 0
3, 0
3, 0
3, 0
3, 0
3, 0
3, 0
3, 0
3, 0
3, 0
3, 0
3, 0
3, 0
1, 0x8aa00
0, 0x4e9f0
0, 0x8aa20
2, 2
3, 0
3, 0
3, 0
3, 0
3, 0
3, 0
3, 0
3, 0
3, 0
3, 0
3, 0
3, 0
3, 0
3, 0
1, 0x8aa20
0, 0x4ea10
0, 0x8aa40
2, 2
3, 0
3, 0
3, 0
3, 0
3, 0
3, 0
3, 0
3, 0
3, 0
3, 0
3, 0
3, 0
3, 0
3, 0
1, 0x8aa40
0, 0x4ea30
0, 0x8aa60
2, 2
3, 0
3, 0
3, 0
3, 0
3, 0
3, 0
3, 0
3, 0
3, 0
3, 0
3, 0
3, 0
3, 0
3, 0
0, 0x4ea50
0, 0x8aa80
0, 0x4ea70
0, 0x8aaa0
0, 0x4ea90
0, 0x8aac0
0, 0x4eab0
0, 0x8aae0
1, 0x8aa60
0, 0x4ea50
0, 0x8aa80
2, 2
3, 0
3, 0
3, 0
3, 0
3, 0
3, 0
3, 0
3, 0
3, 0
3, 0
3, 0
3, 0
3, 0
3, 0
1, 0x8aa80
0, 0x4ea70
0, 0x8aaa0
2, 2
3, 0
3, 0
3, 0
3, 0
3, 0
3, 0
3, 0
3, 0
3, 0
3, 0
3, 0
3, 0
3, 0
3, 0
1, 0x8aaa0
0, 0x4ea90
0, 0x8aac0
2, 2
3, 0
3, 0
3, 0
3, 0
3, 0
3, 0
3, 0
3, 0
3, 0
3, 0
3, 0
3, 0
3, 0
3, 0
1, 0x8aac0
0, 0x4eab0
0, 0x8aae0
2, 2
3, 0
3, 0
3, 0
3, 0
3, 0
3, 0
3, 0
3, 0
3, 0
3, 0
3, 0
3, 0
3, 0
3, 0
0, 0x4ead0
0, 0x8ab00
0, 0x4eaf0
0, 0x8ab20
0, 0x4eb10
0, 0x8ab40
0, 0x4eb30
0, 0x8ab60
1, 0x8aae0
0, 0x4ead0
0, 0x8ab00
2, 2
3, 0
3, 0
3, 0
3, 0
3, 0
3, 0
3, 0
3, 0
3, 0
3, 0
3, 0
3, 0
3, 0
3, 0
1, 0x8ab00
0, 0x4eaf0
0, 0x8ab20
2, 2
3, 0
3, 0
3, 0
3, 0
3, 0
3, 0
3, 0
3, 0
3, 0
3, 0
3, 0
3, 0
3, 0
3, 0
1, 0x8ab20
0, 0x4eb10
0, 0x8ab40
2, 2
3, 0
3, 0
3, 0
3, 0
3, 0
3, 0
3, 0
3, 0
3, 0
3, 0
3, 0
3, 0
3, 0
3, 0
1, 0x8ab40
0, 0x4eb30
0, 0x8ab60
2, 2
3, 0
3, 0
3, 0
3, 0
3, 0
3, 0
3, 0
3, 0
3, 0
3, 0
3, 0
3, 0
3, 0
3, 0
0, 0x4eb50
0, 0x8ab80
0, 0x4eb70
0, 0x8aba0
0, 0x4eb90
0, 0x8abc0
0, 0x4ebb0
0, 0x8abe0
1, 0x8ab60
0, 0x4eb50
0, 0x8ab80
2, 2
3, 0
3, 0
3, 0
3, 0
3, 0
3, 0
3, 0
3, 0
3, 0
3, 0
3, 0
3, 0
3, 0
3, 0
1, 0x8ab80
0, 0x4eb70
0, 0x8aba0
2, 2
3, 0
3, 0
3, 0
3, 0
3, 0
3, 0
3, 0
3, 0
3, 0
3, 0
3, 0
3, 0
3, 0
3, 0
1, 0x8aba0
0, 0x4eb90
0, 0x8abc0
2, 2
3, 0
3, 0
3, 0
3, 0
3, 0
3, 0
3, 0
3, 0
3, 0
3, 0
3, 0
3, 0
3, 0
3, 0
1, 0x8abc0
0, 0x4ebb0
0, 0x8abe0
2, 2
3, 0
3, 0
3, 0
3, 0
3, 0
3, 0
3, 0
3, 0
3, 0
3, 0
3, 0
3, 0
3, 0
3, 0
0, 0x4ebd0
0, 0x8ac00
0, 0x4ebf0
0, 0x8ac20
0, 0x4ec10
0, 0x8ac40
0, 0x4ec30
0, 0x8ac60
1, 0x8abe0
0, 0x4ebd0
0, 0x8ac00
2, 2
3, 0
3, 0
3, 0
3, 0
3, 0
3, 0
3, 0
3, 0
3, 0
3, 0
3, 0
3, 0
3, 0
3, 0
1, 0x8ac00
0, 0x4ebf0
0, 0x8ac20
2, 2
3, 0
3, 0
3, 0
3, 0
3, 0
3, 0
3, 0
3, 0
3, 0
3, 0
3, 0
3, 0
3, 0
3, 0
1, 0x8ac20
0, 0x4ec10
0, 0x8ac40
2, 2
3, 0
3, 0
3, 0
3, 0
3, 0
3, 0
3, 0
3, 0
3, 0
3, 0
3, 0
3, 0
3, 0
3, 0
1, 0x8ac40
0, 0x4ec30
0, 0x8ac60
2, 2
3, 0
3, 0
3, 0
3, 0
3, 0
3, 0
3, 0
3, 0
3, 0
3, 0
3, 0
3, 0
3, 0
3, 0
0, 0x4ec50
0, 0x8ac80
0, 0x4ec70
0, 0x8aca0
0, 0x4ec90
0, 0x8acc0
0, 0x4ecb0
0, 0x8ace0
1, 0x8ac60
0, 0x4ec50
0, 0x8ac80
2, 2
3, 0
3, 0
3, 0
3, 0
3, 0
3, 0
3, 0
3, 0
3, 0
3, 0
3, 0
3, 0
3, 0
3, 0
1, 0x8ac80
0, 0x4ec70
0, 0x8aca0
2, 2
3, 0
3, 0
3, 0
3, 0
3, 0
3, 0
3, 0
3, 0
3, 0
3, 0
3, 0
3, 0
3, 0
3, 0
1, 0x8aca0
0, 0x4ec90
0, 0x8acc0
2, 2
3, 0
3, 0
3, 0
3, 0
3, 0
3, 0
3, 0
3, 0
3, 0
3, 0
3, 0
3, 0
3, 0
3, 0
1, 0x8acc0
0, 0x4ecb0
0, 0x8ace0
2, 2
3, 0
3, 0
3, 0
3, 0
3, 0
3, 0
3, 0
3, 0
3, 0
3, 0
3, 0
3, 0
3, 0
3, 0
0, 0x4ecd0
0, 0x8ad00
0, 0x4ecf0
0, 0x8ad20
0, 0x4ed10
0, 0x8ad40
0, 0x4ed30
0, 0x8ad60
1, 0x8ace0
0, 0x4ecd0
0, 0x8ad00
2, 2
3, 0
3, 0
3, 0
3, 0
3, 0
3, 0
3, 0
3, 0
3, 0
3, 0
3, 0
3, 0
3, 0
3, 0
1, 0x8ad00
0, 0x4ecf0
0, 0x8ad20
2, 2
3, 0
3, 0
3, 0
3, 0
3, 0
3, 0
3, 0
3, 0
3, 0
3, 0
3, 0
3, 0
3, 0
3, 0
1, 0x8ad20
0, 0x4ed10
0, 0x8ad40
2, 2
3, 0
3, 0
3, 0
3, 0
3, 0
3, 0
3, 0
3, 0
3, 0
3, 0
3, 0
3, 0
3, 0
3, 0
1, 0x8ad40
0, 0x4ed30
0, 0x8ad60
2, 2
3, 0
3, 0
3, 0
3, 0
3, 0
3, 0
3, 0
3, 0
3, 0
3, 0
3, 0
3, 0
3, 0
3, 0
0, 0x4ed50
0, 0x8ad80
0, 0x4ed70
0, 0x8ada0
0, 0x4ed90
0, 0x8adc0
0, 0x4edb0
0, 0x8ade0
1, 0x8ad60
0, 0x4ed50
0, 0x8ad80
2, 2
3, 0
3, 0
3, 0
3, 0
3, 0
3, 0
3, 0
3, 0
3, 0
3, 0
3, 0
3, 0
3, 0
3, 0
1, 0x8ad80
0, 0x4ed70
0, 0x8ada0
2, 2
3, 0
3, 0
3, 0
3, 0
3, 0
3, 0
3, 0
3, 0
3, 0
3, 0
3, 0
3, 0
3, 0
3, 0
1, 0x8ada0
0, 0x4ed90
0, 0x8adc0
2, 2
3, 0
3, 0
3, 0
3, 0
3, 0
3, 0
3, 0
3, 0
3, 0
3, 0
3, 0
3, 0
3, 0
3, 0
1, 0x8adc0
0, 0x4edb0
0, 0x8ade0
2, 2
3, 0
3, 0
3, 0
3, 0
3, 0
3, 0
3, 0
3, 0
3, 0
3, 0
3, 0
3, 0
3, 0
3, 0
0, 0x4edd0
0, 0x8ae00
0, 0x4edf0
0, 0x8ae20
0, 0x4ee10
0, 0x8ae40
0, 0x4ee30
0, 0x8ae60
1, 0x8ade0
0, 0x4edd0
0, 0x8ae00
2, 2
3, 0
3, 0
3, 0
3, 0
3, 0
3, 0
3, 0
3, 0
3, 0
3, 0
3, 0
3, 0
3, 0
3, 0
1, 0x8ae00
0, 0x4edf0
0, 0x8ae20
2, 2
3, 0
3, 0
3, 0
3, 0
3, 0
3, 0
3, 0
3, 0
3, 0
3, 0
3, 0
3, 0
3, 0
3, 0
1, 0x8ae20
0, 0x4ee10
0, 0x8ae40
2, 2
3, 0
3, 0
3, 0
3, 0
3, 0
3, 0
3, 0
3, 0
3, 0
3, 0
3, 0
3, 0
3, 0
3, 0
1, 0x8ae40
0, 0x4ee30
0, 0x8ae60
2, 2
3, 0
3, 0
3, 0
3, 0
3, 0
3, 0
3, 0
3, 0
3, 0
3, 0
3, 0
3, 0
3, 0
3, 0
0, 0x4ee50
0, 0x8ae80
0, 0x4ee70
0, 0x8aea0
0, 0x4ee90
0, 0x8aec0
0, 0x4eeb0
0, 0x8aee0
1, 0x8ae60
0, 0x4ee50
0, 0x8ae80
2, 2
3, 0
3, 0
3, 0
3, 0
3, 0
3, 0
3, 0
3, 0
3, 0
3, 0
3, 0
3, 0
3, 0
3, 0
1, 0x8ae80
0, 0x4ee70
0, 0x8aea0
2, 2
3, 0
3, 0
3, 0
3, 0
3, 0
3, 0
3, 0
3, 0
3, 0
3, 0
3, 0
3, 0
3, 0
3, 0
1, 0x8aea0
0, 0x4ee90
0, 0x8aec0
2, 2
3, 0
3, 0
3, 0
3, 0
3, 0
3, 0
3, 0
3, 0
3, 0
3, 0
3, 0
3, 0
3, 0
3, 0
1, 0x8aec0
0, 0x4eeb0
0, 0x8aee0
2, 2
3, 0
3, 0
3, 0
3, 0
3, 0
3, 0
3, 0
3, 0
3, 0
3, 0
3, 0
3, 0
3, 0
3, 0
0, 0x4eed0
0, 0x8af00
0, 0x4eef0
0, 0x8af20
0, 0x4ef10
0, 0x8af40
0, 0x4ef30
0, 0x8af60
1, 0x8aee0
0, 0x4eed0
0, 0x8af00
2, 2
3, 0
3, 0
3, 0
3, 0
3, 0
3, 0
3, 0
3, 0
3, 0
3, 0
3, 0
3, 0
3, 0
3, 0
1, 0x8af00
0, 0x4eef0
0, 0x8af20
2, 2
3, 0
3, 0
3, 0
3, 0
3, 0
3, 0
3, 0
3, 0
3, 0
3, 0
3, 0
3, 0
3, 0
3, 0
1, 0x8af20
0, 0x4ef10
0, 0x8af40
2, 2
3, 0
3, 0
3, 0
3, 0
3, 0
3, 0
3, 0
3, 0
3, 0
3, 0
3, 0
3, 0
3, 0
3, 0
1, 0x8af40
0, 0x4ef30
0, 0x8af60
2, 2
3, 0
3, 0
3, 0
3, 0
3, 0
3, 0
3, 0
3, 0
3, 0
3, 0
3, 0
3, 0
3, 0
3, 0
0, 0x4ef50
0, 0x8af80
0, 0x4ef70
0, 0x8afa0
0, 0x4ef90
0, 0x8afc0
0, 0x4efb0
0, 0x8afe0
1, 0x8af60
0, 0x4ef50
0, 0x8af80
2, 2
3, 0
3, 0
3, 0
3, 0
3, 0
3, 0
3, 0
3, 0
3, 0
3, 0
3, 0
3, 0
3, 0
3, 0
1, 0x8af80
0, 0x4ef70
0, 0x8afa0
2, 2
3, 0
3, 0
3, 0
3, 0
3, 0
3, 0
3, 0
3, 0
3, 0
3, 0
3, 0
3, 0
3, 0
3, 0
1, 0x8afa0
0, 0x4ef90
0, 0x8afc0
2, 2
3, 0
3, 0
3, 0
3, 0
3, 0
3, 0
3, 0
3, 0
3, 0
3, 0
3, 0
3, 0
3, 0
3, 0
1, 0x8afc0
0, 0x4efb0
0, 0x8afe0
2, 2
3, 0
3, 0
3, 0
3, 0
3, 0
3, 0
3, 0
3, 0
3, 0
3, 0
3, 0
3, 0
3, 0
3, 0
0, 0x4efd0
0, 0x8b000
0, 0x4eff0
0, 0x8b020
0, 0x4f010
0, 0x8b040
0, 0x4f030
0, 0x8b060
1, 0x8afe0
0, 0x4efd0
0, 0x8b000
2, 2
3, 0
3, 0
3, 0
3, 0
3, 0
3, 0
3, 0
3, 0
3, 0
3, 0
3, 0
3, 0
3, 0
3, 0
1, 0x8b000
0, 0x4eff0
0, 0x8b020
2, 2
3, 0
3, 0
3, 0
3, 0
3, 0
3, 0
3, 0
3, 0
3, 0
3, 0
3, 0
3, 0
3, 0
3, 0
1, 0x8b020
0, 0x4f010
0, 0x8b040
2, 2
3, 0
3, 0
3, 0
3, 0
3, 0
3, 0
3, 0
3, 0
3, 0
3, 0
3, 0
3, 0
3, 0
3, 0
1, 0x8b040
0, 0x4f030
0, 0x8b060
2, 2
3, 0
3, 0
3, 0
3, 0
3, 0
3, 0
3, 0
3, 0
3, 0
3, 0
3, 0
3, 0
3, 0
3, 0
0, 0x4f050
0, 0x8b080
0, 0x4f070
0, 0x8b0a0
0, 0x4f090
0, 0x8b0c0
0, 0x4f0b0
0, 0x8b0e0
1, 0x8b060
0, 0x4f050
0, 0x8b080
2, 2
3, 0
3, 0
3, 0
3, 0
3, 0
3, 0
3, 0
3, 0
3, 0
3, 0
3, 0
3, 0
3, 0
3, 0
1, 0x8b080
0, 0x4f070
0, 0x8b0a0
2, 2
3, 0
3, 0
3, 0
3, 0
3, 0
3, 0
3, 0
3, 0
3, 0
3, 0
3, 0
3, 0
3, 0
3, 0
1, 0x8b0a0
0, 0x4f090
0, 0x8b0c0
2, 2
3, 0
3, 0
3, 0
3, 0
3, 0
3, 0
3, 0
3, 0
3, 0
3, 0
3, 0
3, 0
3, 0
3, 0
1, 0x8b0c0
0, 0x4f0b0
0, 0x8b0e0
2, 2
3, 0
3, 0
3, 0
3, 0
3, 0
3, 0
3, 0
3, 0
3, 0
3, 0
3, 0
3, 0
3, 0
3, 0
0, 0x4f0d0
0, 0x8b100
0, 0x4f0f0
0, 0x8b120
0, 0x4f110
0, 0x8b140
0, 0x4f130
0, 0x8b160
1, 0x8b0e0
0, 0x4f0d0
0, 0x8b100
2, 2
3, 0
3, 0
3, 0
3, 0
3, 0
3, 0
3, 0
3, 0
3, 0
3, 0
3, 0
3, 0
3, 0
3, 0
1, 0x8b100
0, 0x4f0f0
0, 0x8b120
2, 2
3, 0
3, 0
3, 0
3, 0
3, 0
3, 0
3, 0
3, 0
3, 0
3, 0
3, 0
3, 0
3, 0
3, 0
1, 0x8b120
0, 0x4f110
0, 0x8b140
2, 2
3, 0
3, 0
3, 0
3, 0
3, 0
3, 0
3, 0
3, 0
3, 0
3, 0
3, 0
3, 0
3, 0
3, 0
1, 0x8b140
0, 0x4f130
0, 0x8b160
2, 2
3, 0
3, 0
3, 0
3, 0
3, 0
3, 0
3, 0
3, 0
3, 0
3, 0
3, 0
3, 0
3, 0
3, 0
0, 0x4f150
0, 0x8b180
0, 0x4f170
0, 0x8b1a0
0, 0x4f190
0, 0x8b1c0
0, 0x4f1b0
0, 0x8b1e0
1, 0x8b160
0, 0x4f150
0, 0x8b180
2, 2
3, 0
3, 0
3, 0
3, 0
3, 0
3, 0
3, 0
3, 0
3, 0
3, 0
3, 0
3, 0
3, 0
3, 0
1, 0x8b180
0, 0x4f170
0, 0x8b1a0
2, 2
3, 0
3, 0
3, 0
3, 0
3, 0
3, 0
3, 0
3, 0
3, 0
3, 0
3, 0
3, 0
3, 0
3, 0
1, 0x8b1a0
0, 0x4f190
0, 0x8b1c0
2, 2
3, 0
3, 0
3, 0
3, 0
3, 0
3, 0
3, 0
3, 0
3, 0
3, 0
3, 0
3, 0
3, 0
3, 0
1, 0x8b1c0
0, 0x4f1b0
0, 0x8b1e0
2, 2
3, 0
3, 0
3, 0
3, 0
3, 0
3, 0
3, 0
3, 0
3, 0
3, 0
3, 0
3, 0
3, 0
3, 0
0, 0x4f1d0
0, 0x8b200
0, 0x4f1f0
0, 0x8b220
0, 0x4f210
0, 0x8b240
0, 0x4f230
0, 0x8b260
1, 0x8b1e0
0, 0x4f1d0
0, 0x8b200
2, 2
3, 0
3, 0
3, 0
3, 0
3, 0
3, 0
3, 0
3, 0
3, 0
3, 0
3, 0
3, 0
3, 0
3, 0
1, 0x8b200
0, 0x4f1f0
0, 0x8b220
2, 2
3, 0
3, 0
3, 0
3, 0
3, 0
3, 0
3, 0
3, 0
3, 0
3, 0
3, 0
3, 0
3, 0
3, 0
1, 0x8b220
0, 0x4f210
0, 0x8b240
2, 2
3, 0
3, 0
3, 0
3, 0
3, 0
3, 0
3, 0
3, 0
3, 0
3, 0
3, 0
3, 0
3, 0
3, 0
1, 0x8b240
0, 0x4f230
0, 0x8b260
2, 2
3, 0
3, 0
3, 0
3, 0
3, 0
3, 0
3, 0
3, 0
3, 0
3, 0
3, 0
3, 0
3, 0
3, 0
0, 0x4f250
0, 0x8b280
0, 0x4f270
0, 0x8b2a0
0, 0x4f290
0, 0x8b2c0
0, 0x4f2b0
0, 0x8b2e0
1, 0x8b260
0, 0x4f250
0, 0x8b280
2, 2
3, 0
3, 0
3, 0
3, 0
3, 0
3, 0
3, 0
3, 0
3, 0
3, 0
3, 0
3, 0
3, 0
3, 0
1, 0x8b280
0, 0x4f270
0, 0x8b2a0
2, 2
3, 0
3, 0
3, 0
3, 0
3, 0
3, 0
3, 0
3, 0
3, 0
3, 0
3, 0
3, 0
3, 0
3, 0
1, 0x8b2a0
0, 0x4f290
0, 0x8b2c0
2, 2
3, 0
3, 0
3, 0
3, 0
3, 0
3, 0
3, 0
3, 0
3, 0
3, 0
3, 0
3, 0
3, 0
3, 0
1, 0x8b2c0
0, 0x4f2b0
0, 0x8b2e0
2, 2
3, 0
3, 0
3, 0
3, 0
3, 0
3, 0
3, 0
3, 0
3, 0
3, 0
3, 0
3, 0
3, 0
3, 0
0, 0x4f2d0
0, 0x8b300
0, 0x4f2f0
0, 0x8b320
0, 0x4f310
0, 0x8b340
0, 0x4f330
0, 0x8b360
1, 0x8b2e0
0, 0x4f2d0
0, 0x8b300
2, 2
3, 0
3, 0
3, 0
3, 0
3, 0
3, 0
3, 0
3, 0
3, 0
3, 0
3, 0
3, 0
3, 0
3, 0
1, 0x8b300
0, 0x4f2f0
0, 0x8b320
2, 2
3, 0
3, 0
3, 0
3, 0
3, 0
3, 0
3, 0
3, 0
3, 0
3, 0
3, 0
3, 0
3, 0
3, 0
1, 0x8b320
0, 0x4f310
0, 0x8b340
2, 2
3, 0
3, 0
3, 0
3, 0
3, 0
3, 0
3, 0
3, 0
3, 0
3, 0
3, 0
3, 0
3, 0
3, 0
1, 0x8b340
0, 0x4f330
0, 0x8b360
2, 2
3, 0
3, 0
3, 0
3, 0
3, 0
3, 0
3, 0
3, 0
3, 0
3, 0
3, 0
3, 0
3, 0
3, 0
0, 0x4f350
0, 0x8b380
0, 0x4f370
0, 0x8b3a0
0, 0x4f390
0, 0x8b3c0
0, 0x4f3b0
0, 0x8b3e0
1, 0x8b360
0, 0x4f350
0, 0x8b380
2, 2
3, 0
3, 0
3, 0
3, 0
3, 0
3, 0
3, 0
3, 0
3, 0
3, 0
3, 0
3, 0
3, 0
3, 0
1, 0x8b380
0, 0x4f370
0, 0x8b3a0
2, 2
3, 0
3, 0
3, 0
3, 0
3, 0
3, 0
3, 0
3, 0
3, 0
3, 0
3, 0
3, 0
3, 0
3, 0
1, 0x8b3a0
0, 0x4f390
0, 0x8b3c0
2, 2
3, 0
3, 0
3, 0
3, 0
3, 0
3, 0
3, 0
3, 0
3, 0
3, 0
3, 0
3, 0
3, 0
3, 0
1, 0x8b3c0
0, 0x4f3b0
0, 0x8b3e0
2, 2
3, 0
3, 0
3, 0
3, 0
3, 0
3, 0
3, 0
3, 0
3, 0
3, 0
3, 0
3, 0
3, 0
3, 0
0, 0x4f3d0
0, 0x8b400
0, 0x4f3f0
0, 0x8b420
0, 0x4f410
0, 0x8b440
0, 0x4f430
0, 0x8b460
1, 0x8b3e0
0, 0x4f3d0
0, 0x8b400
2, 2
3, 0
3, 0
3, 0
3, 0
3, 0
3, 0
3, 0
3, 0
3, 0
3, 0
3, 0
3, 0
3, 0
3, 0
1, 0x8b400
0, 0x4f3f0
0, 0x8b420
2, 2
3, 0
3, 0
3, 0
3, 0
3, 0
3, 0
3, 0
3, 0
3, 0
3, 0
3, 0
3, 0
3, 0
3, 0
1, 0x8b420
0, 0x4f410
0, 0x8b440
2, 2
3, 0
3, 0
3, 0
3, 0
3, 0
3, 0
3, 0
3, 0
3, 0
3, 0
3, 0
3, 0
3, 0
3, 0
1, 0x8b440
0, 0x4f430
0, 0x8b460
2, 2
3, 0
3, 0
3, 0
3, 0
3, 0
3, 0
3, 0
3, 0
3, 0
3, 0
3, 0
3, 0
3, 0
3, 0
0, 0x4f450
0, 0x8b480
0, 0x4f470
0, 0x8b4a0
0, 0x4f490
0, 0x8b4c0
0, 0x4f4b0
0, 0x8b4e0
1, 0x8b460
0, 0x4f450
0, 0x8b480
2, 2
3, 0
3, 0
3, 0
3, 0
3, 0
3, 0
3, 0
3, 0
3, 0
3, 0
3, 0
3, 0
3, 0
3, 0
1, 0x8b480
0, 0x4f470
0, 0x8b4a0
2, 2
3, 0
3, 0
3, 0
3, 0
3, 0
3, 0
3, 0
3, 0
3, 0
3, 0
3, 0
3, 0
3, 0
3, 0
1, 0x8b4a0
0, 0x4f490
0, 0x8b4c0
2, 2
3, 0
3, 0
3, 0
3, 0
3, 0
3, 0
3, 0
3, 0
3, 0
3, 0
3, 0
3, 0
3, 0
3, 0
1, 0x8b4c0
0, 0x4f4b0
0, 0x8b4e0
2, 2
3, 0
3, 0
3, 0
3, 0
3, 0
3, 0
3, 0
3, 0
3, 0
3, 0
3, 0
3, 0
3, 0
3, 0
0, 0x4f4d0
0, 0x8b500
0, 0x4f4f0
0, 0x8b520
0, 0x4f510
0, 0x8b540
0, 0x4f530
0, 0x8b560
1, 0x8b4e0
0, 0x4f4d0
0, 0x8b500
2, 2
3, 0
3, 0
3, 0
3, 0
3, 0
3, 0
3, 0
3, 0
3, 0
3, 0
3, 0
3, 0
3, 0
3, 0
1, 0x8b500
0, 0x4f4f0
0, 0x8b520
2, 2
3, 0
3, 0
3, 0
3, 0
3, 0
3, 0
3, 0
3, 0
3, 0
3, 0
3, 0
3, 0
3, 0
3, 0
1, 0x8b520
0, 0x4f510
0, 0x8b540
2, 2
3, 0
3, 0
3, 0
3, 0
3, 0
3, 0
3, 0
3, 0
3, 0
3, 0
3, 0
3, 0
3, 0
3, 0
1, 0x8b540
0, 0x4f530
0, 0x8b560
2, 2
3, 0
3, 0
3, 0
3, 0
3, 0
3, 0
3, 0
3, 0
3, 0
3, 0
3, 0
3, 0
3, 0
3, 0
0, 0x4f550
0, 0x8b580
0, 0x4f570
0, 0x8b5a0
0, 0x4f590
0, 0x8b5c0
0, 0x4f5b0
0, 0x8b5e0
1, 0x8b560
0, 0x4f550
0, 0x8b580
2, 2
3, 0
3, 0
3, 0
3, 0
3, 0
3, 0
3, 0
3, 0
3, 0
3, 0
3, 0
3, 0
3, 0
3, 0
1, 0x8b580
0, 0x4f570
0, 0x8b5a0
2, 2
3, 0
3, 0
3, 0
3, 0
3, 0
3, 0
3, 0
3, 0
3, 0
3, 0
3, 0
3, 0
3, 0
3, 0
1, 0x8b5a0
0, 0x4f590
0, 0x8b5c0
2, 2
3, 0
3, 0
3, 0
3, 0
3, 0
3, 0
3, 0
3, 0
3, 0
3, 0
3, 0
3, 0
3, 0
3, 0
1, 0x8b5c0
0, 0x4f5b0
0, 0x8b5e0
2, 2
3, 0
3, 0
3, 0
3, 0
3, 0
3, 0
3, 0
3, 0
3, 0
3, 0
3, 0
3, 0
3, 0
3, 0
0, 0x4f5d0
0, 0x8b600
0, 0x4f5f0
0, 0x8b620
0, 0x4f610
0, 0x8b640
0, 0x4f630
0, 0x8b660
1, 0x8b5e0
0, 0x4f5d0
0, 0x8b600
2, 2
3, 0
3, 0
3, 0
3, 0
3, 0
3, 0
3, 0
3, 0
3, 0
3, 0
3, 0
3, 0
3, 0
3, 0
1, 0x8b600
0, 0x4f5f0
0, 0x8b620
2, 2
3, 0
3, 0
3, 0
3, 0
3, 0
3, 0
3, 0
3, 0
3, 0
3, 0
3, 0
3, 0
3, 0
3, 0
1, 0x8b620
0, 0x4f610
0, 0x8b640
2, 2
3, 0
3, 0
3, 0
3, 0
3, 0
3, 0
3, 0
3, 0
3, 0
3, 0
3, 0
3, 0
3, 0
3, 0
1, 0x8b640
0, 0x4f630
0, 0x8b660
2, 2
3, 0
3, 0
3, 0
3, 0
3, 0
3, 0
3, 0
3, 0
3, 0
3, 0
3, 0
3, 0
3, 0
3, 0
0, 0x4f650
0, 0x8b680
0, 0x4f670
0, 0x8b6a0
0, 0x4f690
0, 0x8b6c0
0, 0x4f6b0
0, 0x8b6e0
1, 0x8b660
0, 0x4f650
0, 0x8b680
2, 2
3, 0
3, 0
3, 0
3, 0
3, 0
3, 0
3, 0
3, 0
3, 0
3, 0
3, 0
3, 0
3, 0
3, 0
1, 0x8b680
0, 0x4f670
0, 0x8b6a0
2, 2
3, 0
3, 0
3, 0
3, 0
3, 0
3, 0
3, 0
3, 0
3, 0
3, 0
3, 0
3, 0
3, 0
3, 0
1, 0x8b6a0
0, 0x4f690
0, 0x8b6c0
2, 2
3, 0
3, 0
3, 0
3, 0
3, 0
3, 0
3, 0
3, 0
3, 0
3, 0
3, 0
3, 0
3, 0
3, 0
1, 0x8b6c0
0, 0x4f6b0
0, 0x8b6e0
2, 2
3, 0
3, 0
3, 0
3, 0
3, 0
3, 0
3, 0
3, 0
3, 0
3, 0
3, 0
3, 0
3, 0
3, 0
0, 0x4f6d0
0, 0x8b700
0, 0x4f6f0
0, 0x8b720
0, 0x4f710
0, 0x8b740
0, 0x4f730
0, 0x8b760
1, 0x8b6e0
0, 0x4f6d0
0, 0x8b700
2, 2
3, 0
3, 0
3, 0
3, 0
3, 0
3, 0
3, 0
3, 0
3, 0
3, 0
3, 0
3, 0
3, 0
3, 0
1, 0x8b700
0, 0x4f6f0
0, 0x8b720
2, 2
3, 0
3, 0
3, 0
3, 0
3, 0
3, 0
3, 0
3, 0
3, 0
3, 0
3, 0
3, 0
3, 0
3, 0
1, 0x8b720
0, 0x4f710
0, 0x8b740
2, 2
3, 0
3, 0
3, 0
3, 0
3, 0
3, 0
3, 0
3, 0
3, 0
3, 0
3, 0
3, 0
3, 0
3, 0
1, 0x8b740
0, 0x4f730
0, 0x8b760
2, 2
3, 0
3, 0
3, 0
3, 0
3, 0
3, 0
3, 0
3, 0
3, 0
3, 0
3, 0
3, 0
3, 0
3, 0
0, 0x4f750
0, 0x8b780
0, 0x4f770
0, 0x8b7a0
0, 0x4f790
0, 0x8b7c0
0, 0x4f7b0
0, 0x8b7e0
1, 0x8b760
0, 0x4f750
0, 0x8b780
2, 2
3, 0
3, 0
3, 0
3, 0
3, 0
3, 0
3, 0
3, 0
3, 0
3, 0
3, 0
3, 0
3, 0
3, 0
1, 0x8b780
0, 0x4f770
0, 0x8b7a0
2, 2
3, 0
3, 0
3, 0
3, 0
3, 0
3, 0
3, 0
3, 0
3, 0
3, 0
3, 0
3, 0
3, 0
3, 0
1, 0x8b7a0
0, 0x4f790
0, 0x8b7c0
2, 2
3, 0
3, 0
3, 0
3, 0
3, 0
3, 0
3, 0
3, 0
3, 0
3, 0
3, 0
3, 0
3, 0
3, 0
1, 0x8b7c0
0, 0x4f7b0
0, 0x8b7e0
2, 2
3, 0
3, 0
3, 0
3, 0
3, 0
3, 0
3, 0
3, 0
3, 0
3, 0
3, 0
3, 0
3, 0
3, 0
0, 0x4f7d0
0, 0x8b800
0, 0x4f7f0
0, 0x8b820
0, 0x4f810
0, 0x8b840
0, 0x4f830
0, 0x8b860
1, 0x8b7e0
0, 0x4f7d0
0, 0x8b800
2, 2
3, 0
3, 0
3, 0
3, 0
3, 0
3, 0
3, 0
3, 0
3, 0
3, 0
3, 0
3, 0
3, 0
3, 0
1, 0x8b800
0, 0x4f7f0
0, 0x8b820
2, 2
3, 0
3, 0
3, 0
3, 0
3, 0
3, 0
3, 0
3, 0
3, 0
3, 0
3, 0
3, 0
3, 0
3, 0
1, 0x8b820
0, 0x4f810
0, 0x8b840
2, 2
3, 0
3, 0
3, 0
3, 0
3, 0
3, 0
3, 0
3, 0
3, 0
3, 0
3, 0
3, 0
3, 0
3, 0
1, 0x8b840
0, 0x4f830
0, 0x8b860
2, 2
3, 0
3, 0
3, 0
3, 0
3, 0
3, 0
3, 0
3, 0
3, 0
3, 0
3, 0
3, 0
3, 0
3, 0
0, 0x4f850
0, 0x8b880
0, 0x4f870
0, 0x8b8a0
0, 0x4f890
0, 0x8b8c0
0, 0x4f8b0
0, 0x8b8e0
1, 0x8b860
0, 0x4f850
0, 0x8b880
2, 2
3, 0
3, 0
3, 0
3, 0
3, 0
3, 0
3, 0
3, 0
3, 0
3, 0
3, 0
3, 0
3, 0
3, 0
1, 0x8b880
0, 0x4f870
0, 0x8b8a0
2, 2
3, 0
3, 0
3, 0
3, 0
3, 0
3, 0
3, 0
3, 0
3, 0
3, 0
3, 0
3, 0
3, 0
3, 0
1, 0x8b8a0
0, 0x4f890
0, 0x8b8c0
2, 2
3, 0
3, 0
3, 0
3, 0
3, 0
3, 0
3, 0
3, 0
3, 0
3, 0
3, 0
3, 0
3, 0
3, 0
1, 0x8b8c0
0, 0x4f8b0
0, 0x8b8e0
2, 2
3, 0
3, 0
3, 0
3, 0
3, 0
3, 0
3, 0
3, 0
3, 0
3, 0
3, 0
3, 0
3, 0
3, 0
0, 0x4f8d0
0, 0x8b900
0, 0x4f8f0
0, 0x8b920
0, 0x4f910
0, 0x8b940
0, 0x4f930
0, 0x8b960
1, 0x8b8e0
0, 0x4f8d0
0, 0x8b900
2, 2
3, 0
3, 0
3, 0
3, 0
3, 0
3, 0
3, 0
3, 0
3, 0
3, 0
3, 0
3, 0
3, 0
3, 0
1, 0x8b900
0, 0x4f8f0
0, 0x8b920
2, 2
3, 0
3, 0
3, 0
3, 0
3, 0
3, 0
3, 0
3, 0
3, 0
3, 0
3, 0
3, 0
3, 0
3, 0
1, 0x8b920
0, 0x4f910
0, 0x8b940
2, 2
3, 0
3, 0
3, 0
3, 0
3, 0
3, 0
3, 0
3, 0
3, 0
3, 0
3, 0
3, 0
3, 0
3, 0
1, 0x8b940
0, 0x4f930
0, 0x8b960
2, 2
3, 0
3, 0
3, 0
3, 0
3, 0
3, 0
3, 0
3, 0
3, 0
3, 0
3, 0
3, 0
3, 0
3, 0
0, 0x4f950
0, 0x8b980
0, 0x4f970
0, 0x8b9a0
0, 0x4f990
0, 0x8b9c0
0, 0x4f9b0
0, 0x8b9e0
1, 0x8b960
0, 0x4f950
0, 0x8b980
2, 2
3, 0
3, 0
3, 0
3, 0
3, 0
3, 0
3, 0
3, 0
3, 0
3, 0
3, 0
3, 0
3, 0
3, 0
1, 0x8b980
0, 0x4f970
0, 0x8b9a0
2, 2
3, 0
3, 0
3, 0
3, 0
3, 0
3, 0
3, 0
3, 0
3, 0
3, 0
3, 0
3, 0
3, 0
3, 0
1, 0x8b9a0
0, 0x4f990
0, 0x8b9c0
2, 2
3, 0
3, 0
3, 0
3, 0
3, 0
3, 0
3, 0
3, 0
3, 0
3, 0
3, 0
3, 0
3, 0
3, 0
1, 0x8b9c0
0, 0x4f9b0
0, 0x8b9e0
2, 2
3, 0
3, 0
3, 0
3, 0
3, 0
3, 0
3, 0
3, 0
3, 0
3, 0
3, 0
3, 0
3, 0
3, 0
0, 0x4f9d0
0, 0x8ba00
0, 0x4f9f0
0, 0x8ba20
0, 0x4fa10
0, 0x8ba40
0, 0x4fa30
0, 0x8ba60
1, 0x8b9e0
0, 0x4f9d0
0, 0x8ba00
2, 2
3, 0
3, 0
3, 0
3, 0
3, 0
3, 0
3, 0
3, 0
3, 0
3, 0
3, 0
3, 0
3, 0
3, 0
1, 0x8ba00
0, 0x4f9f0
0, 0x8ba20
2, 2
3, 0
3, 0
3, 0
3, 0
3, 0
3, 0
3, 0
3, 0
3, 0
3, 0
3, 0
3, 0
3, 0
3, 0
1, 0x8ba20
0, 0x4fa10
0, 0x8ba40
2, 2
3, 0
3, 0
3, 0
3, 0
3, 0
3, 0
3, 0
3, 0
3, 0
3, 0
3, 0
3, 0
3, 0
3, 0
1, 0x8ba40
0, 0x4fa30
0, 0x8ba60
2, 2
3, 0
3, 0
3, 0
3, 0
3, 0
3, 0
3, 0
3, 0
3, 0
3, 0
3, 0
3, 0
3, 0
3, 0
0, 0x4fa50
0, 0x8ba80
0, 0x4fa70
0, 0x8baa0
0, 0x4fa90
0, 0x8bac0
0, 0x4fab0
0, 0x8bae0
1, 0x8ba60
0, 0x4fa50
0, 0x8ba80
2, 2
3, 0
3, 0
3, 0
3, 0
3, 0
3, 0
3, 0
3, 0
3, 0
3, 0
3, 0
3, 0
3, 0
3, 0
1, 0x8ba80
0, 0x4fa70
0, 0x8baa0
2, 2
3, 0
3, 0
3, 0
3, 0
3, 0
3, 0
3, 0
3, 0
3, 0
3, 0
3, 0
3, 0
3, 0
3, 0
1, 0x8baa0
0, 0x4fa90
0, 0x8bac0
2, 2
3, 0
3, 0
3, 0
3, 0
3, 0
3, 0
3, 0
3, 0
3, 0
3, 0
3, 0
3, 0
3, 0
3, 0
1, 0x8bac0
0, 0x4fab0
0, 0x8bae0
2, 2
3, 0
3, 0
3, 0
3, 0
3, 0
3, 0
3, 0
3, 0
3, 0
3, 0
3, 0
3, 0
3, 0
3, 0
0, 0x4fad0
0, 0x8bb00
0, 0x4faf0
0, 0x8bb20
0, 0x4fb10
0, 0x8bb40
0, 0x4fb30
0, 0x8bb60
1, 0x8bae0
0, 0x4fad0
0, 0x8bb00
2, 2
3, 0
3, 0
3, 0
3, 0
3, 0
3, 0
3, 0
3, 0
3, 0
3, 0
3, 0
3, 0
3, 0
3, 0
1, 0x8bb00
0, 0x4faf0
0, 0x8bb20
2, 2
3, 0
3, 0
3, 0
3, 0
3, 0
3, 0
3, 0
3, 0
3, 0
3, 0
3, 0
3, 0
3, 0
3, 0
1, 0x8bb20
0, 0x4fb10
0, 0x8bb40
2, 2
3, 0
3, 0
3, 0
3, 0
3, 0
3, 0
3, 0
3, 0
3, 0
3, 0
3, 0
3, 0
3, 0
3, 0
1, 0x8bb40
0, 0x4fb30
0, 0x8bb60
2, 2
3, 0
3, 0
3, 0
3, 0
3, 0
3, 0
3, 0
3, 0
3, 0
3, 0
3, 0
3, 0
3, 0
3, 0
0, 0x4fb50
0, 0x8bb80
0, 0x4fb70
0, 0x8bba0
0, 0x4fb90
0, 0x8bbc0
0, 0x4fbb0
0, 0x8bbe0
1, 0x8bb60
0, 0x4fb50
0, 0x8bb80
2, 2
3, 0
3, 0
3, 0
3, 0
3, 0
3, 0
3, 0
3, 0
3, 0
3, 0
3, 0
3, 0
3, 0
3, 0
1, 0x8bb80
0, 0x4fb70
0, 0x8bba0
2, 2
3, 0
3, 0
3, 0
3, 0
3, 0
3, 0
3, 0
3, 0
3, 0
3, 0
3, 0
3, 0
3, 0
3, 0
1, 0x8bba0
0, 0x4fb90
0, 0x8bbc0
2, 2
3, 0
3, 0
3, 0
3, 0
3, 0
3, 0
3, 0
3, 0
3, 0
3, 0
3, 0
3, 0
3, 0
3, 0
1, 0x8bbc0
0, 0x4fbb0
0, 0x8bbe0
2, 2
3, 0
3, 0
3, 0
3, 0
3, 0
3, 0
3, 0
3, 0
3, 0
3, 0
3, 0
3, 0
3, 0
3, 0
0, 0x4fbd0
0, 0x8bc00
0, 0x4fbf0
0, 0x8bc20
0, 0x4fc10
0, 0x8bc40
0, 0x4fc30
0, 0x8bc60
1, 0x8bbe0
0, 0x4fbd0
0, 0x8bc00
2, 2
3, 0
3, 0
3, 0
3, 0
3, 0
3, 0
3, 0
3, 0
3, 0
3, 0
3, 0
3, 0
3, 0
3, 0
1, 0x8bc00
0, 0x4fbf0
0, 0x8bc20
2, 2
3, 0
3, 0
3, 0
3, 0
3, 0
3, 0
3, 0
3, 0
3, 0
3, 0
3, 0
3, 0
3, 0
3, 0
1, 0x8bc20
0, 0x4fc10
0, 0x8bc40
2, 2
3, 0
3, 0
3, 0
3, 0
3, 0
3, 0
3, 0
3, 0
3, 0
3, 0
3, 0
3, 0
3, 0
3, 0
1, 0x8bc40
0, 0x4fc30
0, 0x8bc60
2, 2
3, 0
3, 0
3, 0
3, 0
3, 0
3, 0
3, 0
3, 0
3, 0
3, 0
3, 0
3, 0
3, 0
3, 0
0, 0x4fc50
0, 0x8bc80
0, 0x4fc70
0, 0x8bca0
0, 0x4fc90
0, 0x8bcc0
0, 0x4fcb0
0, 0x8bce0
1, 0x8bc60
0, 0x4fc50
0, 0x8bc80
2, 2
3, 0
3, 0
3, 0
3, 0
3, 0
3, 0
3, 0
3, 0
3, 0
3, 0
3, 0
3, 0
3, 0
3, 0
1, 0x8bc80
0, 0x4fc70
0, 0x8bca0
2, 2
3, 0
3, 0
3, 0
3, 0
3, 0
3, 0
3, 0
3, 0
3, 0
3, 0
3, 0
3, 0
3, 0
3, 0
1, 0x8bca0
0, 0x4fc90
0, 0x8bcc0
2, 2
3, 0
3, 0
3, 0
3, 0
3, 0
3, 0
3, 0
3, 0
3, 0
3, 0
3, 0
3, 0
3, 0
3, 0
1, 0x8bcc0
0, 0x4fcb0
0, 0x8bce0
2, 2
3, 0
3, 0
3, 0
3, 0
3, 0
3, 0
3, 0
3, 0
3, 0
3, 0
3, 0
3, 0
3, 0
3, 0
0, 0x4fcd0
0, 0x8bd00
0, 0x4fcf0
0, 0x8bd20
0, 0x4fd10
0, 0x8bd40
0, 0x4fd30
0, 0x8bd60
1, 0x8bce0
0, 0x4fcd0
0, 0x8bd00
2, 2
3, 0
3, 0
3, 0
3, 0
3, 0
3, 0
3, 0
3, 0
3, 0
3, 0
3, 0
3, 0
3, 0
3, 0
1, 0x8bd00
0, 0x4fcf0
0, 0x8bd20
2, 2
3, 0
3, 0
3, 0
3, 0
3, 0
3, 0
3, 0
3, 0
3, 0
3, 0
3, 0
3, 0
3, 0
3, 0
1, 0x8bd20
0, 0x4fd10
0, 0x8bd40
2, 2
3, 0
3, 0
3, 0
3, 0
3, 0
3, 0
3, 0
3, 0
3, 0
3, 0
3, 0
3, 0
3, 0
3, 0
1, 0x8bd40
0, 0x4fd30
0, 0x8bd60
2, 2
3, 0
3, 0
3, 0
3, 0
3, 0
3, 0
3, 0
3, 0
3, 0
3, 0
3, 0
3, 0
3, 0
3, 0
0, 0x4fd50
0, 0x8bd80
0, 0x4fd70
0, 0x8bda0
0, 0x4fd90
0, 0x8bdc0
0, 0x4fdb0
0, 0x8bde0
1, 0x8bd60
0, 0x4fd50
0, 0x8bd80
2, 2
3, 0
3, 0
3, 0
3, 0
3, 0
3, 0
3, 0
3, 0
3, 0
3, 0
3, 0
3, 0
3, 0
3, 0
1, 0x8bd80
0, 0x4fd70
0, 0x8bda0
2, 2
3, 0
3, 0
3, 0
3, 0
3, 0
3, 0
3, 0
3, 0
3, 0
3, 0
3, 0
3, 0
3, 0
3, 0
1, 0x8bda0
0, 0x4fd90
0, 0x8bdc0
2, 2
3, 0
3, 0
3, 0
3, 0
3, 0
3, 0
3, 0
3, 0
3, 0
3, 0
3, 0
3, 0
3, 0
3, 0
1, 0x8bdc0
0, 0x4fdb0
0, 0x8bde0
2, 2
3, 0
3, 0
3, 0
3, 0
3, 0
3, 0
3, 0
3, 0
3, 0
3, 0
3, 0
3, 0
3, 0
3, 0
0, 0x4fdd0
0, 0x8be00
0, 0x4fdf0
0, 0x8be20
0, 0x4fe10
0, 0x8be40
0, 0x4fe30
0, 0x8be60
1, 0x8bde0
0, 0x4fdd0
0, 0x8be00
2, 2
3, 0
3, 0
3, 0
3, 0
3, 0
3, 0
3, 0
3, 0
3, 0
3, 0
3, 0
3, 0
3, 0
3, 0
1, 0x8be00
0, 0x4fdf0
0, 0x8be20
2, 2
3, 0
3, 0
3, 0
3, 0
3, 0
3, 0
3, 0
3, 0
3, 0
3, 0
3, 0
3, 0
3, 0
3, 0
1, 0x8be20
0, 0x4fe10
0, 0x8be40
2, 2
3, 0
3, 0
3, 0
3, 0
3, 0
3, 0
3, 0
3, 0
3, 0
3, 0
3, 0
3, 0
3, 0
3, 0
1, 0x8be40
0, 0x4fe30
0, 0x8be60
2, 2
3, 0
3, 0
3, 0
3, 0
3, 0
3, 0
3, 0
3, 0
3, 0
3, 0
3, 0
3, 0
3, 0
3, 0
0, 0x4fe50
0, 0x8be80
0, 0x4fe70
0, 0x8bea0
0, 0x4fe90
0, 0x8bec0
0, 0x4feb0
0, 0x8bee0
1, 0x8be60
0, 0x4fe50
0, 0x8be80
2, 2
3, 0
3, 0
3, 0
3, 0
3, 0
3, 0
3, 0
3, 0
3, 0
3, 0
3, 0
3, 0
3, 0
3, 0
1, 0x8be80
0, 0x4fe70
0, 0x8bea0
2, 2
3, 0
3, 0
3, 0
3, 0
3, 0
3, 0
3, 0
3, 0
3, 0
3, 0
3, 0
3, 0
3, 0
3, 0
1, 0x8bea0
0, 0x4fe90
0, 0x8bec0
2, 2
3, 0
3, 0
3, 0
3, 0
3, 0
3, 0
3, 0
3, 0
3, 0
3, 0
3, 0
3, 0
3, 0
3, 0
1, 0x8bec0
0, 0x4feb0
0, 0x8bee0
2, 2
3, 0
3, 0
3, 0
3, 0
3, 0
3, 0
3, 0
3, 0
3, 0
3, 0
3, 0
3, 0
3, 0
3, 0
0, 0x4fed0
0, 0x8bf00
0, 0x4fef0
0, 0x8bf20
0, 0x4ff10
0, 0x8bf40
0, 0x4ff30
0, 0x8bf60
1, 0x8bee0
0, 0x4fed0
0, 0x8bf00
2, 2
3, 0
3, 0
3, 0
3, 0
3, 0
3, 0
3, 0
3, 0
3, 0
3, 0
3, 0
3, 0
3, 0
3, 0
1, 0x8bf00
0, 0x4fef0
0, 0x8bf20
2, 2
3, 0
3, 0
3, 0
3, 0
3, 0
3, 0
3, 0
3, 0
3, 0
3, 0
3, 0
3, 0
3, 0
3, 0
1, 0x8bf20
0, 0x4ff10
0, 0x8bf40
2, 2
3, 0
3, 0
3, 0
3, 0
3, 0
3, 0
3, 0
3, 0
3, 0
3, 0
3, 0
3, 0
3, 0
3, 0
1, 0x8bf40
0, 0x4ff30
0, 0x8bf60
2, 2
3, 0
3, 0
3, 0
3, 0
3, 0
3, 0
3, 0
3, 0
3, 0
3, 0
3, 0
3, 0
3, 0
3, 0
0, 0x4ff50
0, 0x8bf80
0, 0x4ff70
0, 0x8bfa0
0, 0x4ff90
0, 0x8bfc0
0, 0x4ffb0
0, 0x8bfe0
1, 0x8bf60
0, 0x4ff50
0, 0x8bf80
2, 2
3, 0
3, 0
3, 0
3, 0
3, 0
3, 0
3, 0
3, 0
3, 0
3, 0
3, 0
3, 0
3, 0
3, 0
1, 0x8bf80
0, 0x4ff70
0, 0x8bfa0
2, 2
3, 0
3, 0
3, 0
3, 0
3, 0
3, 0
3, 0
3, 0
3, 0
3, 0
3, 0
3, 0
3, 0
3, 0
1, 0x8bfa0
0, 0x4ff90
0, 0x8bfc0
2, 2
3, 0
3, 0
3, 0
3, 0
3, 0
3, 0
3, 0
3, 0
3, 0
3, 0
3, 0
3, 0
3, 0
3, 0
1, 0x8bfc0
0, 0x4ffb0
0, 0x8bfe0
2, 2
3, 0
3, 0
3, 0
3, 0
3, 0
3, 0
3, 0
3, 0
3, 0
3, 0
3, 0
3, 0
3, 0
3, 0
0, 0x4ffd0
0, 0x8c000
0, 0x4fff0
0, 0x8c020
0, 0x50010
0, 0x8c040
0, 0x50030
0, 0x8c060
1, 0x8bfe0
0, 0x4ffd0
0, 0x8c000
2, 2
3, 0
3, 0
3, 0
3, 0
3, 0
3, 0
3, 0
3, 0
3, 0
3, 0
3, 0
3, 0
3, 0
3, 0
1, 0x8c000
0, 0x4fff0
0, 0x8c020
2, 2
3, 0
3, 0
3, 0
3, 0
3, 0
3, 0
3, 0
3, 0
3, 0
3, 0
3, 0
3, 0
3, 0
3, 0
1, 0x8c020
0, 0x50010
0, 0x8c040
2, 2
3, 0
3, 0
3, 0
3, 0
3, 0
3, 0
3, 0
3, 0
3, 0
3, 0
3, 0
3, 0
3, 0
3, 0
1, 0x8c040
0, 0x50030
0, 0x8c060
2, 2
3, 0
3, 0
3, 0
3, 0
3, 0
3, 0
3, 0
3, 0
3, 0
3, 0
3, 0
3, 0
3, 0
3, 0
0, 0x50050
0, 0x8c080
0, 0x50070
0, 0x8c0a0
0, 0x50090
0, 0x8c0c0
0, 0x500b0
0, 0x8c0e0
1, 0x8c060
0, 0x50050
0, 0x8c080
2, 2
3, 0
3, 0
3, 0
3, 0
3, 0
3, 0
3, 0
3, 0
3, 0
3, 0
3, 0
3, 0
3, 0
3, 0
1, 0x8c080
0, 0x50070
0, 0x8c0a0
2, 2
3, 0
3, 0
3, 0
3, 0
3, 0
3, 0
3, 0
3, 0
3, 0
3, 0
3, 0
3, 0
3, 0
3, 0
1, 0x8c0a0
0, 0x50090
0, 0x8c0c0
2, 2
3, 0
3, 0
3, 0
3, 0
3, 0
3, 0
3, 0
3, 0
3, 0
3, 0
3, 0
3, 0
3, 0
3, 0
1, 0x8c0c0
0, 0x500b0
0, 0x8c0e0
2, 2
3, 0
3, 0
3, 0
3, 0
3, 0
3, 0
3, 0
3, 0
3, 0
3, 0
3, 0
3, 0
3, 0
3, 0
0, 0x500d0
0, 0x8c100
0, 0x500f0
0, 0x8c120
0, 0x50110
0, 0x8c140
0, 0x50130
0, 0x8c160
1, 0x8c0e0
0, 0x500d0
0, 0x8c100
2, 2
3, 0
3, 0
3, 0
3, 0
3, 0
3, 0
3, 0
3, 0
3, 0
3, 0
3, 0
3, 0
3, 0
3, 0
1, 0x8c100
0, 0x500f0
0, 0x8c120
2, 2
3, 0
3, 0
3, 0
3, 0
3, 0
3, 0
3, 0
3, 0
3, 0
3, 0
3, 0
3, 0
3, 0
3, 0
1, 0x8c120
0, 0x50110
0, 0x8c140
2, 2
3, 0
3, 0
3, 0
3, 0
3, 0
3, 0
3, 0
3, 0
3, 0
3, 0
3, 0
3, 0
3, 0
3, 0
1, 0x8c140
0, 0x50130
0, 0x8c160
2, 2
3, 0
3, 0
3, 0
3, 0
3, 0
3, 0
3, 0
3, 0
3, 0
3, 0
3, 0
3, 0
3, 0
3, 0
0, 0x50150
0, 0x8c180
0, 0x50170
0, 0x8c1a0
0, 0x50190
0, 0x8c1c0
0, 0x501b0
0, 0x8c1e0
1, 0x8c160
0, 0x50150
0, 0x8c180
2, 2
3, 0
3, 0
3, 0
3, 0
3, 0
3, 0
3, 0
3, 0
3, 0
3, 0
3, 0
3, 0
3, 0
3, 0
1, 0x8c180
0, 0x50170
0, 0x8c1a0
2, 2
3, 0
3, 0
3, 0
3, 0
3, 0
3, 0
3, 0
3, 0
3, 0
3, 0
3, 0
3, 0
3, 0
3, 0
1, 0x8c1a0
0, 0x50190
0, 0x8c1c0
2, 2
3, 0
3, 0
3, 0
3, 0
3, 0
3, 0
3, 0
3, 0
3, 0
3, 0
3, 0
3, 0
3, 0
3, 0
1, 0x8c1c0
0, 0x501b0
0, 0x8c1e0
2, 2
3, 0
3, 0
3, 0
3, 0
3, 0
3, 0
3, 0
3, 0
3, 0
3, 0
3, 0
3, 0
3, 0
3, 0
0, 0x501d0
0, 0x8c200
0, 0x501f0
0, 0x8c220
0, 0x50210
0, 0x8c240
0, 0x50230
0, 0x8c260
1, 0x8c1e0
0, 0x501d0
0, 0x8c200
2, 2
3, 0
3, 0
3, 0
3, 0
3, 0
3, 0
3, 0
3, 0
3, 0
3, 0
3, 0
3, 0
3, 0
3, 0
1, 0x8c200
0, 0x501f0
0, 0x8c220
2, 2
3, 0
3, 0
3, 0
3, 0
3, 0
3, 0
3, 0
3, 0
3, 0
3, 0
3, 0
3, 0
3, 0
3, 0
1, 0x8c220
0, 0x50210
0, 0x8c240
2, 2
3, 0
3, 0
3, 0
3, 0
3, 0
3, 0
3, 0
3, 0
3, 0
3, 0
3, 0
3, 0
3, 0
3, 0
1, 0x8c240
0, 0x50230
0, 0x8c260
2, 2
3, 0
3, 0
3, 0
3, 0
3, 0
3, 0
3, 0
3, 0
3, 0
3, 0
3, 0
3, 0
3, 0
3, 0
0, 0x50250
0, 0x8c280
0, 0x50270
0, 0x8c2a0
0, 0x50290
0, 0x8c2c0
0, 0x502b0
0, 0x8c2e0
1, 0x8c260
0, 0x50250
0, 0x8c280
2, 2
3, 0
3, 0
3, 0
3, 0
3, 0
3, 0
3, 0
3, 0
3, 0
3, 0
3, 0
3, 0
3, 0
3, 0
1, 0x8c280
0, 0x50270
0, 0x8c2a0
2, 2
3, 0
3, 0
3, 0
3, 0
3, 0
3, 0
3, 0
3, 0
3, 0
3, 0
3, 0
3, 0
3, 0
3, 0
1, 0x8c2a0
0, 0x50290
0, 0x8c2c0
2, 2
3, 0
3, 0
3, 0
3, 0
3, 0
3, 0
3, 0
3, 0
3, 0
3, 0
3, 0
3, 0
3, 0
3, 0
1, 0x8c2c0
0, 0x502b0
0, 0x8c2e0
2, 2
3, 0
3, 0
3, 0
3, 0
3, 0
3, 0
3, 0
3, 0
3, 0
3, 0
3, 0
3, 0
3, 0
3, 0
0, 0x502d0
0, 0x8c300
0, 0x502f0
0, 0x8c320
0, 0x50310
0, 0x8c340
0, 0x50330
0, 0x8c360
1, 0x8c2e0
0, 0x502d0
0, 0x8c300
2, 2
3, 0
3, 0
3, 0
3, 0
3, 0
3, 0
3, 0
3, 0
3, 0
3, 0
3, 0
3, 0
3, 0
3, 0
1, 0x8c300
0, 0x502f0
0, 0x8c320
2, 2
3, 0
3, 0
3, 0
3, 0
3, 0
3, 0
3, 0
3, 0
3, 0
3, 0
3, 0
3, 0
3, 0
3, 0
1, 0x8c320
0, 0x50310
0, 0x8c340
2, 2
3, 0
3, 0
3, 0
3, 0
3, 0
3, 0
3, 0
3, 0
3, 0
3, 0
3, 0
3, 0
3, 0
3, 0
1, 0x8c340
0, 0x50330
0, 0x8c360
2, 2
3, 0
3, 0
3, 0
3, 0
3, 0
3, 0
3, 0
3, 0
3, 0
3, 0
3, 0
3, 0
3, 0
3, 0
0, 0x50350
0, 0x8c380
0, 0x50370
0, 0x8c3a0
0, 0x50390
0, 0x8c3c0
0, 0x503b0
0, 0x8c3e0
1, 0x8c360
0, 0x50350
0, 0x8c380
2, 2
3, 0
3, 0
3, 0
3, 0
3, 0
3, 0
3, 0
3, 0
3, 0
3, 0
3, 0
3, 0
3, 0
3, 0
1, 0x8c380
0, 0x50370
0, 0x8c3a0
2, 2
3, 0
3, 0
3, 0
3, 0
3, 0
3, 0
3, 0
3, 0
3, 0
3, 0
3, 0
3, 0
3, 0
3, 0
1, 0x8c3a0
0, 0x50390
0, 0x8c3c0
2, 2
3, 0
3, 0
3, 0
3, 0
3, 0
3, 0
3, 0
3, 0
3, 0
3, 0
3, 0
3, 0
3, 0
3, 0
1, 0x8c3c0
0, 0x503b0
0, 0x8c3e0
2, 2
3, 0
3, 0
3, 0
3, 0
3, 0
3, 0
3, 0
3, 0
3, 0
3, 0
3, 0
3, 0
3, 0
3, 0
0, 0x503d0
0, 0x8c400
0, 0x503f0
0, 0x8c420
0, 0x50410
0, 0x8c440
0, 0x50430
0, 0x8c460
1, 0x8c3e0
0, 0x503d0
0, 0x8c400
2, 2
3, 0
3, 0
3, 0
3, 0
3, 0
3, 0
3, 0
3, 0
3, 0
3, 0
3, 0
3, 0
3, 0
3, 0
1, 0x8c400
0, 0x503f0
0, 0x8c420
2, 2
3, 0
3, 0
3, 0
3, 0
3, 0
3, 0
3, 0
3, 0
3, 0
3, 0
3, 0
3, 0
3, 0
3, 0
1, 0x8c420
0, 0x50410
0, 0x8c440
2, 2
3, 0
3, 0
3, 0
3, 0
3, 0
3, 0
3, 0
3, 0
3, 0
3, 0
3, 0
3, 0
3, 0
3, 0
1, 0x8c440
0, 0x50430
0, 0x8c460
2, 2
3, 0
3, 0
3, 0
3, 0
3, 0
3, 0
3, 0
3, 0
3, 0
3, 0
3, 0
3, 0
3, 0
3, 0
0, 0x50450
0, 0x8c480
0, 0x50470
0, 0x8c4a0
0, 0x50490
0, 0x8c4c0
0, 0x504b0
0, 0x8c4e0
1, 0x8c460
0, 0x50450
0, 0x8c480
2, 2
3, 0
3, 0
3, 0
3, 0
3, 0
3, 0
3, 0
3, 0
3, 0
3, 0
3, 0
3, 0
3, 0
3, 0
1, 0x8c480
0, 0x50470
0, 0x8c4a0
2, 2
3, 0
3, 0
3, 0
3, 0
3, 0
3, 0
3, 0
3, 0
3, 0
3, 0
3, 0
3, 0
3, 0
3, 0
1, 0x8c4a0
0, 0x50490
0, 0x8c4c0
2, 2
3, 0
3, 0
3, 0
3, 0
3, 0
3, 0
3, 0
3, 0
3, 0
3, 0
3, 0
3, 0
3, 0
3, 0
1, 0x8c4c0
0, 0x504b0
0, 0x8c4e0
2, 2
3, 0
3, 0
3, 0
3, 0
3, 0
3, 0
3, 0
3, 0
3, 0
3, 0
3, 0
3, 0
3, 0
3, 0
0, 0x504d0
0, 0x8c500
0, 0x504f0
0, 0x8c520
0, 0x50510
0, 0x8c540
0, 0x50530
0, 0x8c560
1, 0x8c4e0
0, 0x504d0
0, 0x8c500
2, 2
3, 0
3, 0
3, 0
3, 0
3, 0
3, 0
3, 0
3, 0
3, 0
3, 0
3, 0
3, 0
3, 0
3, 0
1, 0x8c500
0, 0x504f0
0, 0x8c520
2, 2
3, 0
3, 0
3, 0
3, 0
3, 0
3, 0
3, 0
3, 0
3, 0
3, 0
3, 0
3, 0
3, 0
3, 0
1, 0x8c520
0, 0x50510
0, 0x8c540
2, 2
3, 0
3, 0
3, 0
3, 0
3, 0
3, 0
3, 0
3, 0
3, 0
3, 0
3, 0
3, 0
3, 0
3, 0
1, 0x8c540
0, 0x50530
0, 0x8c560
2, 2
3, 0
3, 0
3, 0
3, 0
3, 0
3, 0
3, 0
3, 0
3, 0
3, 0
3, 0
3, 0
3, 0
3, 0
0, 0x50550
0, 0x8c580
0, 0x50570
0, 0x8c5a0
0, 0x50590
0, 0x8c5c0
0, 0x505b0
0, 0x8c5e0
1, 0x8c560
0, 0x50550
0, 0x8c580
2, 2
3, 0
3, 0
3, 0
3, 0
3, 0
3, 0
3, 0
3, 0
3, 0
3, 0
3, 0
3, 0
3, 0
3, 0
1, 0x8c580
0, 0x50570
0, 0x8c5a0
2, 2
3, 0
3, 0
3, 0
3, 0
3, 0
3, 0
3, 0
3, 0
3, 0
3, 0
3, 0
3, 0
3, 0
3, 0
1, 0x8c5a0
0, 0x50590
0, 0x8c5c0
2, 2
3, 0
3, 0
3, 0
3, 0
3, 0
3, 0
3, 0
3, 0
3, 0
3, 0
3, 0
3, 0
3, 0
3, 0
1, 0x8c5c0
0, 0x505b0
0, 0x8c5e0
2, 2
3, 0
3, 0
3, 0
3, 0
3, 0
3, 0
3, 0
3, 0
3, 0
3, 0
3, 0
3, 0
3, 0
3, 0
0, 0x505d0
0, 0x8c600
0, 0x505f0
0, 0x8c620
0, 0x50610
0, 0x8c640
0, 0x50630
0, 0x8c660
1, 0x8c5e0
0, 0x505d0
0, 0x8c600
2, 2
3, 0
3, 0
3, 0
3, 0
3, 0
3, 0
3, 0
3, 0
3, 0
3, 0
3, 0
3, 0
3, 0
3, 0
1, 0x8c600
0, 0x505f0
0, 0x8c620
2, 2
3, 0
3, 0
3, 0
3, 0
3, 0
3, 0
3, 0
3, 0
3, 0
3, 0
3, 0
3, 0
3, 0
3, 0
1, 0x8c620
0, 0x50610
0, 0x8c640
2, 2
3, 0
3, 0
3, 0
3, 0
3, 0
3, 0
3, 0
3, 0
3, 0
3, 0
3, 0
3, 0
3, 0
3, 0
1, 0x8c640
0, 0x50630
0, 0x8c660
2, 2
3, 0
3, 0
3, 0
3, 0
3, 0
3, 0
3, 0
3, 0
3, 0
3, 0
3, 0
3, 0
3, 0
3, 0
0, 0x50650
0, 0x8c680
0, 0x50670
0, 0x8c6a0
0, 0x50690
0, 0x8c6c0
0, 0x506b0
0, 0x8c6e0
1, 0x8c660
0, 0x50650
0, 0x8c680
2, 2
3, 0
3, 0
3, 0
3, 0
3, 0
3, 0
3, 0
3, 0
3, 0
3, 0
3, 0
3, 0
3, 0
3, 0
1, 0x8c680
0, 0x50670
0, 0x8c6a0
2, 2
3, 0
3, 0
3, 0
3, 0
3, 0
3, 0
3, 0
3, 0
3, 0
3, 0
3, 0
3, 0
3, 0
3, 0
1, 0x8c6a0
0, 0x50690
0, 0x8c6c0
2, 2
3, 0
3, 0
3, 0
3, 0
3, 0
3, 0
3, 0
3, 0
3, 0
3, 0
3, 0
3, 0
3, 0
3, 0
1, 0x8c6c0
0, 0x506b0
0, 0x8c6e0
2, 2
3, 0
3, 0
3, 0
3, 0
3, 0
3, 0
3, 0
3, 0
3, 0
3, 0
3, 0
3, 0
3, 0
3, 0
0, 0x506d0
0, 0x8c700
0, 0x506f0
0, 0x8c720
0, 0x50710
0, 0x8c740
0, 0x50730
0, 0x8c760
1, 0x8c6e0
0, 0x506d0
0, 0x8c700
2, 2
3, 0
3, 0
3, 0
3, 0
3, 0
3, 0
3, 0
3, 0
3, 0
3, 0
3, 0
3, 0
3, 0
3, 0
1, 0x8c700
0, 0x506f0
0, 0x8c720
2, 2
3, 0
3, 0
3, 0
3, 0
3, 0
3, 0
3, 0
3, 0
3, 0
3, 0
3, 0
3, 0
3, 0
3, 0
1, 0x8c720
0, 0x50710
0, 0x8c740
2, 2
3, 0
3, 0
3, 0
3, 0
3, 0
3, 0
3, 0
3, 0
3, 0
3, 0
3, 0
3, 0
3, 0
3, 0
1, 0x8c740
0, 0x50730
0, 0x8c760
2, 2
3, 0
3, 0
3, 0
3, 0
3, 0
3, 0
3, 0
3, 0
3, 0
3, 0
3, 0
3, 0
3, 0
3, 0
0, 0x50750
0, 0x8c780
0, 0x50770
0, 0x8c7a0
0, 0x50790
0, 0x8c7c0
0, 0x507b0
0, 0x8c7e0
1, 0x8c760
0, 0x50750
0, 0x8c780
2, 2
3, 0
3, 0
3, 0
3, 0
3, 0
3, 0
3, 0
3, 0
3, 0
3, 0
3, 0
3, 0
3, 0
3, 0
1, 0x8c780
0, 0x50770
0, 0x8c7a0
2, 2
3, 0
3, 0
3, 0
3, 0
3, 0
3, 0
3, 0
3, 0
3, 0
3, 0
3, 0
3, 0
3, 0
3, 0
1, 0x8c7a0
0, 0x50790
0, 0x8c7c0
2, 2
3, 0
3, 0
3, 0
3, 0
3, 0
3, 0
3, 0
3, 0
3, 0
3, 0
3, 0
3, 0
3, 0
3, 0
1, 0x8c7c0
0, 0x507b0
0, 0x8c7e0
2, 2
3, 0
3, 0
3, 0
3, 0
3, 0
3, 0
3, 0
3, 0
3, 0
3, 0
3, 0
3, 0
3, 0
3, 0
0, 0x507d0
0, 0x8c800
0, 0x507f0
0, 0x8c820
0, 0x50810
0, 0x8c840
0, 0x50830
0, 0x8c860
1, 0x8c7e0
0, 0x507d0
0, 0x8c800
2, 2
3, 0
3, 0
3, 0
3, 0
3, 0
3, 0
3, 0
3, 0
3, 0
3, 0
3, 0
3, 0
3, 0
3, 0
1, 0x8c800
0, 0x507f0
0, 0x8c820
2, 2
3, 0
3, 0
3, 0
3, 0
3, 0
3, 0
3, 0
3, 0
3, 0
3, 0
3, 0
3, 0
3, 0
3, 0
1, 0x8c820
0, 0x50810
0, 0x8c840
2, 2
3, 0
3, 0
3, 0
3, 0
3, 0
3, 0
3, 0
3, 0
3, 0
3, 0
3, 0
3, 0
3, 0
3, 0
1, 0x8c840
0, 0x50830
0, 0x8c860
2, 2
3, 0
3, 0
3, 0
3, 0
3, 0
3, 0
3, 0
3, 0
3, 0
3, 0
3, 0
3, 0
3, 0
3, 0
0, 0x50850
0, 0x8c880
0, 0x50870
0, 0x8c8a0
0, 0x50890
0, 0x8c8c0
0, 0x508b0
0, 0x8c8e0
1, 0x8c860
0, 0x50850
0, 0x8c880
2, 2
3, 0
3, 0
3, 0
3, 0
3, 0
3, 0
3, 0
3, 0
3, 0
3, 0
3, 0
3, 0
3, 0
3, 0
1, 0x8c880
0, 0x50870
0, 0x8c8a0
2, 2
3, 0
3, 0
3, 0
3, 0
3, 0
3, 0
3, 0
3, 0
3, 0
3, 0
3, 0
3, 0
3, 0
3, 0
1, 0x8c8a0
0, 0x50890
0, 0x8c8c0
2, 2
3, 0
3, 0
3, 0
3, 0
3, 0
3, 0
3, 0
3, 0
3, 0
3, 0
3, 0
3, 0
3, 0
3, 0
1, 0x8c8c0
0, 0x508b0
0, 0x8c8e0
2, 2
3, 0
3, 0
3, 0
3, 0
3, 0
3, 0
3, 0
3, 0
3, 0
3, 0
3, 0
3, 0
3, 0
3, 0
0, 0x508d0
0, 0x8c900
0, 0x508f0
0, 0x8c920
0, 0x50910
0, 0x8c940
0, 0x50930
0, 0x8c960
1, 0x8c8e0
0, 0x508d0
0, 0x8c900
2, 2
3, 0
3, 0
3, 0
3, 0
3, 0
3, 0
3, 0
3, 0
3, 0
3, 0
3, 0
3, 0
3, 0
3, 0
1, 0x8c900
0, 0x508f0
0, 0x8c920
2, 2
3, 0
3, 0
3, 0
3, 0
3, 0
3, 0
3, 0
3, 0
3, 0
3, 0
3, 0
3, 0
3, 0
3, 0
1, 0x8c920
0, 0x50910
0, 0x8c940
2, 2
3, 0
3, 0
3, 0
3, 0
3, 0
3, 0
3, 0
3, 0
3, 0
3, 0
3, 0
3, 0
3, 0
3, 0
1, 0x8c940
0, 0x50930
0, 0x8c960
2, 2
3, 0
3, 0
3, 0
3, 0
3, 0
3, 0
3, 0
3, 0
3, 0
3, 0
3, 0
3, 0
3, 0
3, 0
0, 0x50950
0, 0x8c980
0, 0x50970
0, 0x8c9a0
0, 0x50990
0, 0x8c9c0
0, 0x509b0
0, 0x8c9e0
1, 0x8c960
0, 0x50950
0, 0x8c980
2, 2
3, 0
3, 0
3, 0
3, 0
3, 0
3, 0
3, 0
3, 0
3, 0
3, 0
3, 0
3, 0
3, 0
3, 0
1, 0x8c980
0, 0x50970
0, 0x8c9a0
2, 2
3, 0
3, 0
3, 0
3, 0
3, 0
3, 0
3, 0
3, 0
3, 0
3, 0
3, 0
3, 0
3, 0
3, 0
1, 0x8c9a0
0, 0x50990
0, 0x8c9c0
2, 2
3, 0
3, 0
3, 0
3, 0
3, 0
3, 0
3, 0
3, 0
3, 0
3, 0
3, 0
3, 0
3, 0
3, 0
1, 0x8c9c0
0, 0x509b0
0, 0x8c9e0
2, 2
3, 0
3, 0
3, 0
3, 0
3, 0
3, 0
3, 0
3, 0
3, 0
3, 0
3, 0
3, 0
3, 0
3, 0
0, 0x509d0
0, 0x8ca00
0, 0x509f0
0, 0x8ca20
0, 0x50a10
0, 0x8ca40
0, 0x50a30
0, 0x8ca60
1, 0x8c9e0
0, 0x509d0
0, 0x8ca00
2, 2
3, 0
3, 0
3, 0
3, 0
3, 0
3, 0
3, 0
3, 0
3, 0
3, 0
3, 0
3, 0
3, 0
3, 0
1, 0x8ca00
0, 0x509f0
0, 0x8ca20
2, 2
3, 0
3, 0
3, 0
3, 0
3, 0
3, 0
3, 0
3, 0
3, 0
3, 0
3, 0
3, 0
3, 0
3, 0
1, 0x8ca20
0, 0x50a10
0, 0x8ca40
2, 2
3, 0
3, 0
3, 0
3, 0
3, 0
3, 0
3, 0
3, 0
3, 0
3, 0
3, 0
3, 0
3, 0
3, 0
1, 0x8ca40
0, 0x50a30
0, 0x8ca60
2, 2
3, 0
3, 0
3, 0
3, 0
3, 0
3, 0
3, 0
3, 0
3, 0
3, 0
3, 0
3, 0
3, 0
3, 0
0, 0x50a50
0, 0x8ca80
0, 0x50a70
0, 0x8caa0
0, 0x50a90
0, 0x8cac0
0, 0x50ab0
0, 0x8cae0
1, 0x8ca60
0, 0x50a50
0, 0x8ca80
2, 2
3, 0
3, 0
3, 0
3, 0
3, 0
3, 0
3, 0
3, 0
3, 0
3, 0
3, 0
3, 0
3, 0
3, 0
1, 0x8ca80
0, 0x50a70
0, 0x8caa0
2, 2
3, 0
3, 0
3, 0
3, 0
3, 0
3, 0
3, 0
3, 0
3, 0
3, 0
3, 0
3, 0
3, 0
3, 0
1, 0x8caa0
0, 0x50a90
0, 0x8cac0
2, 2
3, 0
3, 0
3, 0
3, 0
3, 0
3, 0
3, 0
3, 0
3, 0
3, 0
3, 0
3, 0
3, 0
3, 0
1, 0x8cac0
0, 0x50ab0
0, 0x8cae0
2, 2
3, 0
3, 0
3, 0
3, 0
3, 0
3, 0
3, 0
3, 0
3, 0
3, 0
3, 0
3, 0
3, 0
3, 0
0, 0x50ad0
0, 0x8cb00
0, 0x50af0
0, 0x8cb20
0, 0x50b10
0, 0x8cb40
0, 0x50b30
0, 0x8cb60
1, 0x8cae0
0, 0x50ad0
0, 0x8cb00
2, 2
3, 0
3, 0
3, 0
3, 0
3, 0
3, 0
3, 0
3, 0
3, 0
3, 0
3, 0
3, 0
3, 0
3, 0
1, 0x8cb00
0, 0x50af0
0, 0x8cb20
2, 2
3, 0
3, 0
3, 0
3, 0
3, 0
3, 0
3, 0
3, 0
3, 0
3, 0
3, 0
3, 0
3, 0
3, 0
1, 0x8cb20
0, 0x50b10
0, 0x8cb40
2, 2
3, 0
3, 0
3, 0
3, 0
3, 0
3, 0
3, 0
3, 0
3, 0
3, 0
3, 0
3, 0
3, 0
3, 0
1, 0x8cb40
0, 0x50b30
0, 0x8cb60
2, 2
3, 0
3, 0
3, 0
3, 0
3, 0
3, 0
3, 0
3, 0
3, 0
3, 0
3, 0
3, 0
3, 0
3, 0
0, 0x50b50
0, 0x8cb80
0, 0x50b70
0, 0x8cba0
0, 0x50b90
0, 0x8cbc0
0, 0x50bb0
0, 0x8cbe0
1, 0x8cb60
0, 0x50b50
0, 0x8cb80
2, 2
3, 0
3, 0
3, 0
3, 0
3, 0
3, 0
3, 0
3, 0
3, 0
3, 0
3, 0
3, 0
3, 0
3, 0
1, 0x8cb80
0, 0x50b70
0, 0x8cba0
2, 2
3, 0
3, 0
3, 0
3, 0
3, 0
3, 0
3, 0
3, 0
3, 0
3, 0
3, 0
3, 0
3, 0
3, 0
1, 0x8cba0
0, 0x50b90
0, 0x8cbc0
2, 2
3, 0
3, 0
3, 0
3, 0
3, 0
3, 0
3, 0
3, 0
3, 0
3, 0
3, 0
3, 0
3, 0
3, 0
1, 0x8cbc0
0, 0x50bb0
0, 0x8cbe0
2, 2
3, 0
3, 0
3, 0
3, 0
3, 0
3, 0
3, 0
3, 0
3, 0
3, 0
3, 0
3, 0
3, 0
3, 0
0, 0x50bd0
0, 0x8cc00
0, 0x50bf0
0, 0x8cc20
0, 0x50c10
0, 0x8cc40
0, 0x50c30
0, 0x8cc60
1, 0x8cbe0
0, 0x50bd0
0, 0x8cc00
2, 2
3, 0
3, 0
3, 0
3, 0
3, 0
3, 0
3, 0
3, 0
3, 0
3, 0
3, 0
3, 0
3, 0
3, 0
1, 0x8cc00
0, 0x50bf0
0, 0x8cc20
2, 2
3, 0
3, 0
3, 0
3, 0
3, 0
3, 0
3, 0
3, 0
3, 0
3, 0
3, 0
3, 0
3, 0
3, 0
1, 0x8cc20
0, 0x50c10
0, 0x8cc40
2, 2
3, 0
3, 0
3, 0
3, 0
3, 0
3, 0
3, 0
3, 0
3, 0
3, 0
3, 0
3, 0
3, 0
3, 0
1, 0x8cc40
0, 0x50c30
0, 0x8cc60
2, 2
3, 0
3, 0
3, 0
3, 0
3, 0
3, 0
3, 0
3, 0
3, 0
3, 0
3, 0
3, 0
3, 0
3, 0
0, 0x50c50
0, 0x8cc80
0, 0x50c70
0, 0x8cca0
0, 0x50c90
0, 0x8ccc0
0, 0x50cb0
0, 0x8cce0
1, 0x8cc60
0, 0x50c50
0, 0x8cc80
2, 2
3, 0
3, 0
3, 0
3, 0
3, 0
3, 0
3, 0
3, 0
3, 0
3, 0
3, 0
3, 0
3, 0
3, 0
1, 0x8cc80
0, 0x50c70
0, 0x8cca0
2, 2
3, 0
3, 0
3, 0
3, 0
3, 0
3, 0
3, 0
3, 0
3, 0
3, 0
3, 0
3, 0
3, 0
3, 0
1, 0x8cca0
0, 0x50c90
0, 0x8ccc0
2, 2
3, 0
3, 0
3, 0
3, 0
3, 0
3, 0
3, 0
3, 0
3, 0
3, 0
3, 0
3, 0
3, 0
3, 0
1, 0x8ccc0
0, 0x50cb0
0, 0x8cce0
2, 2
3, 0
3, 0
3, 0
3, 0
3, 0
3, 0
3, 0
3, 0
3, 0
3, 0
3, 0
3, 0
3, 0
3, 0
0, 0x50cd0
0, 0x8cd00
0, 0x50cf0
0, 0x8cd20
0, 0x50d10
0, 0x8cd40
0, 0x50d30
0, 0x8cd60
1, 0x8cce0
0, 0x50cd0
0, 0x8cd00
2, 2
3, 0
3, 0
3, 0
3, 0
3, 0
3, 0
3, 0
3, 0
3, 0
3, 0
3, 0
3, 0
3, 0
3, 0
1, 0x8cd00
0, 0x50cf0
0, 0x8cd20
2, 2
3, 0
3, 0
3, 0
3, 0
3, 0
3, 0
3, 0
3, 0
3, 0
3, 0
3, 0
3, 0
3, 0
3, 0
1, 0x8cd20
0, 0x50d10
0, 0x8cd40
2, 2
3, 0
3, 0
3, 0
3, 0
3, 0
3, 0
3, 0
3, 0
3, 0
3, 0
3, 0
3, 0
3, 0
3, 0
1, 0x8cd40
0, 0x50d30
0, 0x8cd60
2, 2
3, 0
3, 0
3, 0
3, 0
3, 0
3, 0
3, 0
3, 0
3, 0
3, 0
3, 0
3, 0
3, 0
3, 0
0, 0x50d50
0, 0x8cd80
0, 0x50d70
0, 0x8cda0
0, 0x50d90
0, 0x8cdc0
0, 0x50db0
0, 0x8cde0
1, 0x8cd60
0, 0x50d50
0, 0x8cd80
2, 2
3, 0
3, 0
3, 0
3, 0
3, 0
3, 0
3, 0
3, 0
3, 0
3, 0
3, 0
3, 0
3, 0
3, 0
1, 0x8cd80
0, 0x50d70
0, 0x8cda0
2, 2
3, 0
3, 0
3, 0
3, 0
3, 0
3, 0
3, 0
3, 0
3, 0
3, 0
3, 0
3, 0
3, 0
3, 0
1, 0x8cda0
0, 0x50d90
0, 0x8cdc0
2, 2
3, 0
3, 0
3, 0
3, 0
3, 0
3, 0
3, 0
3, 0
3, 0
3, 0
3, 0
3, 0
3, 0
3, 0
1, 0x8cdc0
0, 0x50db0
0, 0x8cde0
2, 2
3, 0
3, 0
3, 0
3, 0
3, 0
3, 0
3, 0
3, 0
3, 0
3, 0
3, 0
3, 0
3, 0
3, 0
0, 0x50dd0
0, 0x8ce00
0, 0x50df0
0, 0x8ce20
0, 0x50e10
0, 0x8ce40
0, 0x50e30
0, 0x8ce60
1, 0x8cde0
0, 0x50dd0
0, 0x8ce00
2, 2
3, 0
3, 0
3, 0
3, 0
3, 0
3, 0
3, 0
3, 0
3, 0
3, 0
3, 0
3, 0
3, 0
3, 0
1, 0x8ce00
0, 0x50df0
0, 0x8ce20
2, 2
3, 0
3, 0
3, 0
3, 0
3, 0
3, 0
3, 0
3, 0
3, 0
3, 0
3, 0
3, 0
3, 0
3, 0
1, 0x8ce20
0, 0x50e10
0, 0x8ce40
2, 2
3, 0
3, 0
3, 0
3, 0
3, 0
3, 0
3, 0
3, 0
3, 0
3, 0
3, 0
3, 0
3, 0
3, 0
1, 0x8ce40
0, 0x50e30
0, 0x8ce60
2, 2
3, 0
3, 0
3, 0
3, 0
3, 0
3, 0
3, 0
3, 0
3, 0
3, 0
3, 0
3, 0
3, 0
3, 0
0, 0x50e50
0, 0x8ce80
0, 0x50e70
0, 0x8cea0
0, 0x50e90
0, 0x8cec0
0, 0x50eb0
0, 0x8cee0
1, 0x8ce60
0, 0x50e50
0, 0x8ce80
2, 2
3, 0
3, 0
3, 0
3, 0
3, 0
3, 0
3, 0
3, 0
3, 0
3, 0
3, 0
3, 0
3, 0
3, 0
1, 0x8ce80
0, 0x50e70
0, 0x8cea0
2, 2
3, 0
3, 0
3, 0
3, 0
3, 0
3, 0
3, 0
3, 0
3, 0
3, 0
3, 0
3, 0
3, 0
3, 0
1, 0x8cea0
0, 0x50e90
0, 0x8cec0
2, 2
3, 0
3, 0
3, 0
3, 0
3, 0
3, 0
3, 0
3, 0
3, 0
3, 0
3, 0
3, 0
3, 0
3, 0
1, 0x8cec0
0, 0x50eb0
0, 0x8cee0
2, 2
3, 0
3, 0
3, 0
3, 0
3, 0
3, 0
3, 0
3, 0
3, 0
3, 0
3, 0
3, 0
3, 0
3, 0
0, 0x50ed0
0, 0x8cf00
0, 0x50ef0
0, 0x8cf20
0, 0x50f10
0, 0x8cf40
0, 0x50f30
0, 0x8cf60
1, 0x8cee0
0, 0x50ed0
0, 0x8cf00
2, 2
3, 0
3, 0
3, 0
3, 0
3, 0
3, 0
3, 0
3, 0
3, 0
3, 0
3, 0
3, 0
3, 0
3, 0
1, 0x8cf00
0, 0x50ef0
0, 0x8cf20
2, 2
3, 0
3, 0
3, 0
3, 0
3, 0
3, 0
3, 0
3, 0
3, 0
3, 0
3, 0
3, 0
3, 0
3, 0
1, 0x8cf20
0, 0x50f10
0, 0x8cf40
2, 2
3, 0
3, 0
3, 0
3, 0
3, 0
3, 0
3, 0
3, 0
3, 0
3, 0
3, 0
3, 0
3, 0
3, 0
1, 0x8cf40
0, 0x50f30
0, 0x8cf60
2, 2
3, 0
3, 0
3, 0
3, 0
3, 0
3, 0
3, 0
3, 0
3, 0
3, 0
3, 0
3, 0
3, 0
3, 0
0, 0x50f50
0, 0x8cf80
0, 0x50f70
0, 0x8cfa0
0, 0x50f90
0, 0x8cfc0
0, 0x50fb0
0, 0x8cfe0
1, 0x8cf60
0, 0x50f50
0, 0x8cf80
2, 2
3, 0
3, 0
3, 0
3, 0
3, 0
3, 0
3, 0
3, 0
3, 0
3, 0
3, 0
3, 0
3, 0
3, 0
1, 0x8cf80
0, 0x50f70
0, 0x8cfa0
2, 2
3, 0
3, 0
3, 0
3, 0
3, 0
3, 0
3, 0
3, 0
3, 0
3, 0
3, 0
3, 0
3, 0
3, 0
1, 0x8cfa0
0, 0x50f90
0, 0x8cfc0
2, 2
3, 0
3, 0
3, 0
3, 0
3, 0
3, 0
3, 0
3, 0
3, 0
3, 0
3, 0
3, 0
3, 0
3, 0
1, 0x8cfc0
0, 0x50fb0
0, 0x8cfe0
2, 2
3, 0
3, 0
3, 0
3, 0
3, 0
3, 0
3, 0
3, 0
3, 0
3, 0
3, 0
3, 0
3, 0
3, 0
0, 0x50fd0
0, 0x8d000
0, 0x50ff0
0, 0x8d020
0, 0x51010
0, 0x8d040
0, 0x51030
0, 0x8d060
1, 0x8cfe0
0, 0x50fd0
0, 0x8d000
2, 2
3, 0
3, 0
3, 0
3, 0
3, 0
3, 0
3, 0
3, 0
3, 0
3, 0
3, 0
3, 0
3, 0
3, 0
1, 0x8d000
0, 0x50ff0
0, 0x8d020
2, 2
3, 0
3, 0
3, 0
3, 0
3, 0
3, 0
3, 0
3, 0
3, 0
3, 0
3, 0
3, 0
3, 0
3, 0
1, 0x8d020
0, 0x51010
0, 0x8d040
2, 2
3, 0
3, 0
3, 0
3, 0
3, 0
3, 0
3, 0
3, 0
3, 0
3, 0
3, 0
3, 0
3, 0
3, 0
1, 0x8d040
0, 0x51030
0, 0x8d060
2, 2
3, 0
3, 0
3, 0
3, 0
3, 0
3, 0
3, 0
3, 0
3, 0
3, 0
3, 0
3, 0
3, 0
3, 0
0, 0x51050
0, 0x8d080
0, 0x51070
0, 0x8d0a0
0, 0x51090
0, 0x8d0c0
0, 0x510b0
0, 0x8d0e0
1, 0x8d060
0, 0x51050
0, 0x8d080
2, 2
3, 0
3, 0
3, 0
3, 0
3, 0
3, 0
3, 0
3, 0
3, 0
3, 0
3, 0
3, 0
3, 0
3, 0
1, 0x8d080
0, 0x51070
0, 0x8d0a0
2, 2
3, 0
3, 0
3, 0
3, 0
3, 0
3, 0
3, 0
3, 0
3, 0
3, 0
3, 0
3, 0
3, 0
3, 0
1, 0x8d0a0
0, 0x51090
0, 0x8d0c0
2, 2
3, 0
3, 0
3, 0
3, 0
3, 0
3, 0
3, 0
3, 0
3, 0
3, 0
3, 0
3, 0
3, 0
3, 0
1, 0x8d0c0
0, 0x510b0
0, 0x8d0e0
2, 2
3, 0
3, 0
3, 0
3, 0
3, 0
3, 0
3, 0
3, 0
3, 0
3, 0
3, 0
3, 0
3, 0
3, 0
0, 0x510d0
0, 0x8d100
0, 0x510f0
0, 0x8d120
0, 0x51110
0, 0x8d140
0, 0x51130
0, 0x8d160
1, 0x8d0e0
0, 0x510d0
0, 0x8d100
2, 2
3, 0
3, 0
3, 0
3, 0
3, 0
3, 0
3, 0
3, 0
3, 0
3, 0
3, 0
3, 0
3, 0
3, 0
1, 0x8d100
0, 0x510f0
0, 0x8d120
2, 2
3, 0
3, 0
3, 0
3, 0
3, 0
3, 0
3, 0
3, 0
3, 0
3, 0
3, 0
3, 0
3, 0
3, 0
1, 0x8d120
0, 0x51110
0, 0x8d140
2, 2
3, 0
3, 0
3, 0
3, 0
3, 0
3, 0
3, 0
3, 0
3, 0
3, 0
3, 0
3, 0
3, 0
3, 0
1, 0x8d140
0, 0x51130
0, 0x8d160
2, 2
3, 0
3, 0
3, 0
3, 0
3, 0
3, 0
3, 0
3, 0
3, 0
3, 0
3, 0
3, 0
3, 0
3, 0
0, 0x51150
0, 0x8d180
0, 0x51170
0, 0x8d1a0
0, 0x51190
0, 0x8d1c0
0, 0x511b0
0, 0x8d1e0
1, 0x8d160
0, 0x51150
0, 0x8d180
2, 2
3, 0
3, 0
3, 0
3, 0
3, 0
3, 0
3, 0
3, 0
3, 0
3, 0
3, 0
3, 0
3, 0
3, 0
1, 0x8d180
0, 0x51170
0, 0x8d1a0
2, 2
3, 0
3, 0
3, 0
3, 0
3, 0
3, 0
3, 0
3, 0
3, 0
3, 0
3, 0
3, 0
3, 0
3, 0
1, 0x8d1a0
0, 0x51190
0, 0x8d1c0
2, 2
3, 0
3, 0
3, 0
3, 0
3, 0
3, 0
3, 0
3, 0
3, 0
3, 0
3, 0
3, 0
3, 0
3, 0
1, 0x8d1c0
0, 0x511b0
0, 0x8d1e0
2, 2
3, 0
3, 0
3, 0
3, 0
3, 0
3, 0
3, 0
3, 0
3, 0
3, 0
3, 0
3, 0
3, 0
3, 0
0, 0x511d0
0, 0x8d200
0, 0x511f0
0, 0x8d220
0, 0x51210
0, 0x8d240
0, 0x51230
0, 0x8d260
1, 0x8d1e0
0, 0x511d0
0, 0x8d200
2, 2
3, 0
3, 0
3, 0
3, 0
3, 0
3, 0
3, 0
3, 0
3, 0
3, 0
3, 0
3, 0
3, 0
3, 0
1, 0x8d200
0, 0x511f0
0, 0x8d220
2, 2
3, 0
3, 0
3, 0
3, 0
3, 0
3, 0
3, 0
3, 0
3, 0
3, 0
3, 0
3, 0
3, 0
3, 0
1, 0x8d220
0, 0x51210
0, 0x8d240
2, 2
3, 0
3, 0
3, 0
3, 0
3, 0
3, 0
3, 0
3, 0
3, 0
3, 0
3, 0
3, 0
3, 0
3, 0
1, 0x8d240
0, 0x51230
0, 0x8d260
2, 2
3, 0
3, 0
3, 0
3, 0
3, 0
3, 0
3, 0
3, 0
3, 0
3, 0
3, 0
3, 0
3, 0
3, 0
0, 0x51250
0, 0x8d280
0, 0x51270
0, 0x8d2a0
0, 0x51290
0, 0x8d2c0
0, 0x512b0
0, 0x8d2e0
1, 0x8d260
0, 0x51250
0, 0x8d280
2, 2
3, 0
3, 0
3, 0
3, 0
3, 0
3, 0
3, 0
3, 0
3, 0
3, 0
3, 0
3, 0
3, 0
3, 0
1, 0x8d280
0, 0x51270
0, 0x8d2a0
2, 2
3, 0
3, 0
3, 0
3, 0
3, 0
3, 0
3, 0
3, 0
3, 0
3, 0
3, 0
3, 0
3, 0
3, 0
1, 0x8d2a0
0, 0x51290
0, 0x8d2c0
2, 2
3, 0
3, 0
3, 0
3, 0
3, 0
3, 0
3, 0
3, 0
3, 0
3, 0
3, 0
3, 0
3, 0
3, 0
1, 0x8d2c0
0, 0x512b0
0, 0x8d2e0
2, 2
3, 0
3, 0
3, 0
3, 0
3, 0
3, 0
3, 0
3, 0
3, 0
3, 0
3, 0
3, 0
3, 0
3, 0
0, 0x512d0
0, 0x8d300
0, 0x512f0
0, 0x8d320
0, 0x51310
0, 0x8d340
0, 0x51330
0, 0x8d360
1, 0x8d2e0
0, 0x512d0
0, 0x8d300
2, 2
3, 0
3, 0
3, 0
3, 0
3, 0
3, 0
3, 0
3, 0
3, 0
3, 0
3, 0
3, 0
3, 0
3, 0
1, 0x8d300
0, 0x512f0
0, 0x8d320
2, 2
3, 0
3, 0
3, 0
3, 0
3, 0
3, 0
3, 0
3, 0
3, 0
3, 0
3, 0
3, 0
3, 0
3, 0
1, 0x8d320
0, 0x51310
0, 0x8d340
2, 2
3, 0
3, 0
3, 0
3, 0
3, 0
3, 0
3, 0
3, 0
3, 0
3, 0
3, 0
3, 0
3, 0
3, 0
1, 0x8d340
0, 0x51330
0, 0x8d360
2, 2
3, 0
3, 0
3, 0
3, 0
3, 0
3, 0
3, 0
3, 0
3, 0
3, 0
3, 0
3, 0
3, 0
3, 0
0, 0x51350
0, 0x8d380
0, 0x51370
0, 0x8d3a0
0, 0x51390
0, 0x8d3c0
0, 0x513b0
0, 0x8d3e0
1, 0x8d360
0, 0x51350
0, 0x8d380
2, 2
3, 0
3, 0
3, 0
3, 0
3, 0
3, 0
3, 0
3, 0
3, 0
3, 0
3, 0
3, 0
3, 0
3, 0
1, 0x8d380
0, 0x51370
0, 0x8d3a0
2, 2
3, 0
3, 0
3, 0
3, 0
3, 0
3, 0
3, 0
3, 0
3, 0
3, 0
3, 0
3, 0
3, 0
3, 0
1, 0x8d3a0
0, 0x51390
0, 0x8d3c0
2, 2
3, 0
3, 0
3, 0
3, 0
3, 0
3, 0
3, 0
3, 0
3, 0
3, 0
3, 0
3, 0
3, 0
3, 0
1, 0x8d3c0
0, 0x513b0
0, 0x8d3e0
2, 2
3, 0
3, 0
3, 0
3, 0
3, 0
3, 0
3, 0
3, 0
3, 0
3, 0
3, 0
3, 0
3, 0
3, 0
0, 0x513d0
0, 0x8d400
0, 0x513f0
0, 0x8d420
0, 0x51410
0, 0x8d440
0, 0x51430
0, 0x8d460
1, 0x8d3e0
0, 0x513d0
0, 0x8d400
2, 2
3, 0
3, 0
3, 0
3, 0
3, 0
3, 0
3, 0
3, 0
3, 0
3, 0
3, 0
3, 0
3, 0
3, 0
1, 0x8d400
0, 0x513f0
0, 0x8d420
2, 2
3, 0
3, 0
3, 0
3, 0
3, 0
3, 0
3, 0
3, 0
3, 0
3, 0
3, 0
3, 0
3, 0
3, 0
1, 0x8d420
0, 0x51410
0, 0x8d440
2, 2
3, 0
3, 0
3, 0
3, 0
3, 0
3, 0
3, 0
3, 0
3, 0
3, 0
3, 0
3, 0
3, 0
3, 0
1, 0x8d440
0, 0x51430
0, 0x8d460
2, 2
3, 0
3, 0
3, 0
3, 0
3, 0
3, 0
3, 0
3, 0
3, 0
3, 0
3, 0
3, 0
3, 0
3, 0
0, 0x51450
0, 0x8d480
0, 0x51470
0, 0x8d4a0
0, 0x51490
0, 0x8d4c0
0, 0x514b0
0, 0x8d4e0
1, 0x8d460
0, 0x51450
0, 0x8d480
2, 2
3, 0
3, 0
3, 0
3, 0
3, 0
3, 0
3, 0
3, 0
3, 0
3, 0
3, 0
3, 0
3, 0
3, 0
1, 0x8d480
0, 0x51470
0, 0x8d4a0
2, 2
3, 0
3, 0
3, 0
3, 0
3, 0
3, 0
3, 0
3, 0
3, 0
3, 0
3, 0
3, 0
3, 0
3, 0
1, 0x8d4a0
0, 0x51490
0, 0x8d4c0
2, 2
3, 0
3, 0
3, 0
3, 0
3, 0
3, 0
3, 0
3, 0
3, 0
3, 0
3, 0
3, 0
3, 0
3, 0
1, 0x8d4c0
0, 0x514b0
0, 0x8d4e0
2, 2
3, 0
3, 0
3, 0
3, 0
3, 0
3, 0
3, 0
3, 0
3, 0
3, 0
3, 0
3, 0
3, 0
3, 0
0, 0x514d0
0, 0x8d500
0, 0x514f0
0, 0x8d520
0, 0x51510
0, 0x8d540
0, 0x51530
0, 0x8d560
1, 0x8d4e0
0, 0x514d0
0, 0x8d500
2, 2
3, 0
3, 0
3, 0
3, 0
3, 0
3, 0
3, 0
3, 0
3, 0
3, 0
3, 0
3, 0
3, 0
3, 0
1, 0x8d500
0, 0x514f0
0, 0x8d520
2, 2
3, 0
3, 0
3, 0
3, 0
3, 0
3, 0
3, 0
3, 0
3, 0
3, 0
3, 0
3, 0
3, 0
3, 0
1, 0x8d520
0, 0x51510
0, 0x8d540
2, 2
3, 0
3, 0
3, 0
3, 0
3, 0
3, 0
3, 0
3, 0
3, 0
3, 0
3, 0
3, 0
3, 0
3, 0
1, 0x8d540
0, 0x51530
0, 0x8d560
2, 2
3, 0
3, 0
3, 0
3, 0
3, 0
3, 0
3, 0
3, 0
3, 0
3, 0
3, 0
3, 0
3, 0
3, 0
0, 0x51550
0, 0x8d580
0, 0x51570
0, 0x8d5a0
0, 0x51590
0, 0x8d5c0
0, 0x515b0
0, 0x8d5e0
1, 0x8d560
0, 0x51550
0, 0x8d580
2, 2
3, 0
3, 0
3, 0
3, 0
3, 0
3, 0
3, 0
3, 0
3, 0
3, 0
3, 0
3, 0
3, 0
3, 0
1, 0x8d580
0, 0x51570
0, 0x8d5a0
2, 2
3, 0
3, 0
3, 0
3, 0
3, 0
3, 0
3, 0
3, 0
3, 0
3, 0
3, 0
3, 0
3, 0
3, 0
1, 0x8d5a0
0, 0x51590
0, 0x8d5c0
2, 2
3, 0
3, 0
3, 0
3, 0
3, 0
3, 0
3, 0
3, 0
3, 0
3, 0
3, 0
3, 0
3, 0
3, 0
1, 0x8d5c0
0, 0x515b0
0, 0x8d5e0
2, 2
3, 0
3, 0
3, 0
3, 0
3, 0
3, 0
3, 0
3, 0
3, 0
3, 0
3, 0
3, 0
3, 0
3, 0
0, 0x515d0
0, 0x8d600
0, 0x515f0
0, 0x8d620
0, 0x51610
0, 0x8d640
0, 0x51630
0, 0x8d660
1, 0x8d5e0
0, 0x515d0
0, 0x8d600
2, 2
3, 0
3, 0
3, 0
3, 0
3, 0
3, 0
3, 0
3, 0
3, 0
3, 0
3, 0
3, 0
3, 0
3, 0
1, 0x8d600
0, 0x515f0
0, 0x8d620
2, 2
3, 0
3, 0
3, 0
3, 0
3, 0
3, 0
3, 0
3, 0
3, 0
3, 0
3, 0
3, 0
3, 0
3, 0
1, 0x8d620
0, 0x51610
0, 0x8d640
2, 2
3, 0
3, 0
3, 0
3, 0
3, 0
3, 0
3, 0
3, 0
3, 0
3, 0
3, 0
3, 0
3, 0
3, 0
1, 0x8d640
0, 0x51630
0, 0x8d660
2, 2
3, 0
3, 0
3, 0
3, 0
3, 0
3, 0
3, 0
3, 0
3, 0
3, 0
3, 0
3, 0
3, 0
3, 0
0, 0x51650
0, 0x8d680
0, 0x51670
0, 0x8d6a0
0, 0x51690
0, 0x8d6c0
0, 0x516b0
0, 0x8d6e0
1, 0x8d660
0, 0x51650
0, 0x8d680
2, 2
3, 0
3, 0
3, 0
3, 0
3, 0
3, 0
3, 0
3, 0
3, 0
3, 0
3, 0
3, 0
3, 0
3, 0
1, 0x8d680
0, 0x51670
0, 0x8d6a0
2, 2
3, 0
3, 0
3, 0
3, 0
3, 0
3, 0
3, 0
3, 0
3, 0
3, 0
3, 0
3, 0
3, 0
3, 0
1, 0x8d6a0
0, 0x51690
0, 0x8d6c0
2, 2
3, 0
3, 0
3, 0
3, 0
3, 0
3, 0
3, 0
3, 0
3, 0
3, 0
3, 0
3, 0
3, 0
3, 0
1, 0x8d6c0
0, 0x516b0
0, 0x8d6e0
2, 2
3, 0
3, 0
3, 0
3, 0
3, 0
3, 0
3, 0
3, 0
3, 0
3, 0
3, 0
3, 0
3, 0
3, 0
0, 0x516d0
0, 0x8d700
0, 0x516f0
0, 0x8d720
0, 0x51710
0, 0x8d740
0, 0x51730
0, 0x8d760
1, 0x8d6e0
0, 0x516d0
0, 0x8d700
2, 2
3, 0
3, 0
3, 0
3, 0
3, 0
3, 0
3, 0
3, 0
3, 0
3, 0
3, 0
3, 0
3, 0
3, 0
1, 0x8d700
0, 0x516f0
0, 0x8d720
2, 2
3, 0
3, 0
3, 0
3, 0
3, 0
3, 0
3, 0
3, 0
3, 0
3, 0
3, 0
3, 0
3, 0
3, 0
1, 0x8d720
0, 0x51710
0, 0x8d740
2, 2
3, 0
3, 0
3, 0
3, 0
3, 0
3, 0
3, 0
3, 0
3, 0
3, 0
3, 0
3, 0
3, 0
3, 0
1, 0x8d740
0, 0x51730
0, 0x8d760
2, 2
3, 0
3, 0
3, 0
3, 0
3, 0
3, 0
3, 0
3, 0
3, 0
3, 0
3, 0
3, 0
3, 0
3, 0
0, 0x51750
0, 0x8d780
0, 0x51770
0, 0x8d7a0
0, 0x51790
0, 0x8d7c0
0, 0x517b0
0, 0x8d7e0
1, 0x8d760
0, 0x51750
0, 0x8d780
2, 2
3, 0
3, 0
3, 0
3, 0
3, 0
3, 0
3, 0
3, 0
3, 0
3, 0
3, 0
3, 0
3, 0
3, 0
1, 0x8d780
0, 0x51770
0, 0x8d7a0
2, 2
3, 0
3, 0
3, 0
3, 0
3, 0
3, 0
3, 0
3, 0
3, 0
3, 0
3, 0
3, 0
3, 0
3, 0
1, 0x8d7a0
0, 0x51790
0, 0x8d7c0
2, 2
3, 0
3, 0
3, 0
3, 0
3, 0
3, 0
3, 0
3, 0
3, 0
3, 0
3, 0
3, 0
3, 0
3, 0
1, 0x8d7c0
0, 0x517b0
0, 0x8d7e0
2, 2
3, 0
3, 0
3, 0
3, 0
3, 0
3, 0
3, 0
3, 0
3, 0
3, 0
3, 0
3, 0
3, 0
3, 0
0, 0x517d0
0, 0x8d800
0, 0x517f0
0, 0x8d820
0, 0x51810
0, 0x8d840
0, 0x51830
0, 0x8d860
1, 0x8d7e0
0, 0x517d0
0, 0x8d800
2, 2
3, 0
3, 0
3, 0
3, 0
3, 0
3, 0
3, 0
3, 0
3, 0
3, 0
3, 0
3, 0
3, 0
3, 0
1, 0x8d800
0, 0x517f0
0, 0x8d820
2, 2
3, 0
3, 0
3, 0
3, 0
3, 0
3, 0
3, 0
3, 0
3, 0
3, 0
3, 0
3, 0
3, 0
3, 0
1, 0x8d820
0, 0x51810
0, 0x8d840
2, 2
3, 0
3, 0
3, 0
3, 0
3, 0
3, 0
3, 0
3, 0
3, 0
3, 0
3, 0
3, 0
3, 0
3, 0
1, 0x8d840
0, 0x51830
0, 0x8d860
2, 2
3, 0
3, 0
3, 0
3, 0
3, 0
3, 0
3, 0
3, 0
3, 0
3, 0
3, 0
3, 0
3, 0
3, 0
0, 0x51850
0, 0x8d880
0, 0x51870
0, 0x8d8a0
0, 0x51890
0, 0x8d8c0
0, 0x518b0
0, 0x8d8e0
1, 0x8d860
0, 0x51850
0, 0x8d880
2, 2
3, 0
3, 0
3, 0
3, 0
3, 0
3, 0
3, 0
3, 0
3, 0
3, 0
3, 0
3, 0
3, 0
3, 0
1, 0x8d880
0, 0x51870
0, 0x8d8a0
2, 2
3, 0
3, 0
3, 0
3, 0
3, 0
3, 0
3, 0
3, 0
3, 0
3, 0
3, 0
3, 0
3, 0
3, 0
1, 0x8d8a0
0, 0x51890
0, 0x8d8c0
2, 2
3, 0
3, 0
3, 0
3, 0
3, 0
3, 0
3, 0
3, 0
3, 0
3, 0
3, 0
3, 0
3, 0
3, 0
1, 0x8d8c0
0, 0x518b0
0, 0x8d8e0
2, 2
3, 0
3, 0
3, 0
3, 0
3, 0
3, 0
3, 0
3, 0
3, 0
3, 0
3, 0
3, 0
3, 0
3, 0
0, 0x518d0
0, 0x8d900
0, 0x518f0
0, 0x8d920
0, 0x51910
0, 0x8d940
0, 0x51930
0, 0x8d960
1, 0x8d8e0
0, 0x518d0
0, 0x8d900
2, 2
3, 0
3, 0
3, 0
3, 0
3, 0
3, 0
3, 0
3, 0
3, 0
3, 0
3, 0
3, 0
3, 0
3, 0
1, 0x8d900
0, 0x518f0
0, 0x8d920
2, 2
3, 0
3, 0
3, 0
3, 0
3, 0
3, 0
3, 0
3, 0
3, 0
3, 0
3, 0
3, 0
3, 0
3, 0
1, 0x8d920
0, 0x51910
0, 0x8d940
2, 2
3, 0
3, 0
3, 0
3, 0
3, 0
3, 0
3, 0
3, 0
3, 0
3, 0
3, 0
3, 0
3, 0
3, 0
1, 0x8d940
0, 0x51930
0, 0x8d960
2, 2
3, 0
3, 0
3, 0
3, 0
3, 0
3, 0
3, 0
3, 0
3, 0
3, 0
3, 0
3, 0
3, 0
3, 0
0, 0x51950
0, 0x8d980
0, 0x51970
0, 0x8d9a0
0, 0x51990
0, 0x8d9c0
0, 0x519b0
0, 0x8d9e0
1, 0x8d960
0, 0x51950
0, 0x8d980
2, 2
3, 0
3, 0
3, 0
3, 0
3, 0
3, 0
3, 0
3, 0
3, 0
3, 0
3, 0
3, 0
3, 0
3, 0
1, 0x8d980
0, 0x51970
0, 0x8d9a0
2, 2
3, 0
3, 0
3, 0
3, 0
3, 0
3, 0
3, 0
3, 0
3, 0
3, 0
3, 0
3, 0
3, 0
3, 0
1, 0x8d9a0
0, 0x51990
0, 0x8d9c0
2, 2
3, 0
3, 0
3, 0
3, 0
3, 0
3, 0
3, 0
3, 0
3, 0
3, 0
3, 0
3, 0
3, 0
3, 0
1, 0x8d9c0
0, 0x519b0
0, 0x8d9e0
2, 2
3, 0
3, 0
3, 0
3, 0
3, 0
3, 0
3, 0
3, 0
3, 0
3, 0
3, 0
3, 0
3, 0
3, 0
0, 0x519d0
0, 0x8da00
0, 0x519f0
0, 0x8da20
0, 0x51a10
0, 0x8da40
0, 0x51a30
0, 0x8da60
1, 0x8d9e0
0, 0x519d0
0, 0x8da00
2, 2
3, 0
3, 0
3, 0
3, 0
3, 0
3, 0
3, 0
3, 0
3, 0
3, 0
3, 0
3, 0
3, 0
3, 0
1, 0x8da00
0, 0x519f0
0, 0x8da20
2, 2
3, 0
3, 0
3, 0
3, 0
3, 0
3, 0
3, 0
3, 0
3, 0
3, 0
3, 0
3, 0
3, 0
3, 0
1, 0x8da20
0, 0x51a10
0, 0x8da40
2, 2
3, 0
3, 0
3, 0
3, 0
3, 0
3, 0
3, 0
3, 0
3, 0
3, 0
3, 0
3, 0
3, 0
3, 0
1, 0x8da40
0, 0x51a30
0, 0x8da60
2, 2
3, 0
3, 0
3, 0
3, 0
3, 0
3, 0
3, 0
3, 0
3, 0
3, 0
3, 0
3, 0
3, 0
3, 0
0, 0x51a50
0, 0x8da80
0, 0x51a70
0, 0x8daa0
0, 0x51a90
0, 0x8dac0
0, 0x51ab0
0, 0x8dae0
1, 0x8da60
0, 0x51a50
0, 0x8da80
2, 2
3, 0
3, 0
3, 0
3, 0
3, 0
3, 0
3, 0
3, 0
3, 0
3, 0
3, 0
3, 0
3, 0
3, 0
1, 0x8da80
0, 0x51a70
0, 0x8daa0
2, 2
3, 0
3, 0
3, 0
3, 0
3, 0
3, 0
3, 0
3, 0
3, 0
3, 0
3, 0
3, 0
3, 0
3, 0
1, 0x8daa0
0, 0x51a90
0, 0x8dac0
2, 2
3, 0
3, 0
3, 0
3, 0
3, 0
3, 0
3, 0
3, 0
3, 0
3, 0
3, 0
3, 0
3, 0
3, 0
1, 0x8dac0
0, 0x51ab0
0, 0x8dae0
2, 2
3, 0
3, 0
3, 0
3, 0
3, 0
3, 0
3, 0
3, 0
3, 0
3, 0
3, 0
3, 0
3, 0
3, 0
0, 0x51ad0
0, 0x8db00
0, 0x51af0
0, 0x8db20
0, 0x51b10
0, 0x8db40
0, 0x51b30
0, 0x8db60
1, 0x8dae0
0, 0x51ad0
0, 0x8db00
2, 2
3, 0
3, 0
3, 0
3, 0
3, 0
3, 0
3, 0
3, 0
3, 0
3, 0
3, 0
3, 0
3, 0
3, 0
1, 0x8db00
0, 0x51af0
0, 0x8db20
2, 2
3, 0
3, 0
3, 0
3, 0
3, 0
3, 0
3, 0
3, 0
3, 0
3, 0
3, 0
3, 0
3, 0
3, 0
1, 0x8db20
0, 0x51b10
0, 0x8db40
2, 2
3, 0
3, 0
3, 0
3, 0
3, 0
3, 0
3, 0
3, 0
3, 0
3, 0
3, 0
3, 0
3, 0
3, 0
1, 0x8db40
0, 0x51b30
0, 0x8db60
2, 2
3, 0
3, 0
3, 0
3, 0
3, 0
3, 0
3, 0
3, 0
3, 0
3, 0
3, 0
3, 0
3, 0
3, 0
0, 0x51b50
0, 0x8db80
0, 0x51b70
0, 0x8dba0
0, 0x51b90
0, 0x8dbc0
0, 0x51bb0
0, 0x8dbe0
1, 0x8db60
0, 0x51b50
0, 0x8db80
2, 2
3, 0
3, 0
3, 0
3, 0
3, 0
3, 0
3, 0
3, 0
3, 0
3, 0
3, 0
3, 0
3, 0
3, 0
1, 0x8db80
0, 0x51b70
0, 0x8dba0
2, 2
3, 0
3, 0
3, 0
3, 0
3, 0
3, 0
3, 0
3, 0
3, 0
3, 0
3, 0
3, 0
3, 0
3, 0
1, 0x8dba0
0, 0x51b90
0, 0x8dbc0
2, 2
3, 0
3, 0
3, 0
3, 0
3, 0
3, 0
3, 0
3, 0
3, 0
3, 0
3, 0
3, 0
3, 0
3, 0
1, 0x8dbc0
0, 0x51bb0
0, 0x8dbe0
2, 2
3, 0
3, 0
3, 0
3, 0
3, 0
3, 0
3, 0
3, 0
3, 0
3, 0
3, 0
3, 0
3, 0
3, 0
0, 0x51bd0
0, 0x8dc00
0, 0x51bf0
0, 0x8dc20
0, 0x51c10
0, 0x8dc40
0, 0x51c30
0, 0x8dc60
1, 0x8dbe0
0, 0x51bd0
0, 0x8dc00
2, 2
3, 0
3, 0
3, 0
3, 0
3, 0
3, 0
3, 0
3, 0
3, 0
3, 0
3, 0
3, 0
3, 0
3, 0
1, 0x8dc00
0, 0x51bf0
0, 0x8dc20
2, 2
3, 0
3, 0
3, 0
3, 0
3, 0
3, 0
3, 0
3, 0
3, 0
3, 0
3, 0
3, 0
3, 0
3, 0
1, 0x8dc20
0, 0x51c10
0, 0x8dc40
2, 2
3, 0
3, 0
3, 0
3, 0
3, 0
3, 0
3, 0
3, 0
3, 0
3, 0
3, 0
3, 0
3, 0
3, 0
1, 0x8dc40
0, 0x51c30
0, 0x8dc60
2, 2
3, 0
3, 0
3, 0
3, 0
3, 0
3, 0
3, 0
3, 0
3, 0
3, 0
3, 0
3, 0
3, 0
3, 0
0, 0x51c50
0, 0x8dc80
0, 0x51c70
0, 0x8dca0
0, 0x51c90
0, 0x8dcc0
0, 0x51cb0
0, 0x8dce0
1, 0x8dc60
0, 0x51c50
0, 0x8dc80
2, 2
3, 0
3, 0
3, 0
3, 0
3, 0
3, 0
3, 0
3, 0
3, 0
3, 0
3, 0
3, 0
3, 0
3, 0
1, 0x8dc80
0, 0x51c70
0, 0x8dca0
2, 2
3, 0
3, 0
3, 0
3, 0
3, 0
3, 0
3, 0
3, 0
3, 0
3, 0
3, 0
3, 0
3, 0
3, 0
1, 0x8dca0
0, 0x51c90
0, 0x8dcc0
2, 2
3, 0
3, 0
3, 0
3, 0
3, 0
3, 0
3, 0
3, 0
3, 0
3, 0
3, 0
3, 0
3, 0
3, 0
1, 0x8dcc0
0, 0x51cb0
0, 0x8dce0
2, 2
3, 0
3, 0
3, 0
3, 0
3, 0
3, 0
3, 0
3, 0
3, 0
3, 0
3, 0
3, 0
3, 0
3, 0
0, 0x51cd0
0, 0x8dd00
0, 0x51cf0
0, 0x8dd20
0, 0x51d10
0, 0x8dd40
0, 0x51d30
0, 0x8dd60
1, 0x8dce0
0, 0x51cd0
0, 0x8dd00
2, 2
3, 0
3, 0
3, 0
3, 0
3, 0
3, 0
3, 0
3, 0
3, 0
3, 0
3, 0
3, 0
3, 0
3, 0
1, 0x8dd00
0, 0x51cf0
0, 0x8dd20
2, 2
3, 0
3, 0
3, 0
3, 0
3, 0
3, 0
3, 0
3, 0
3, 0
3, 0
3, 0
3, 0
3, 0
3, 0
1, 0x8dd20
0, 0x51d10
0, 0x8dd40
2, 2
3, 0
3, 0
3, 0
3, 0
3, 0
3, 0
3, 0
3, 0
3, 0
3, 0
3, 0
3, 0
3, 0
3, 0
1, 0x8dd40
0, 0x51d30
0, 0x8dd60
2, 2
3, 0
3, 0
3, 0
3, 0
3, 0
3, 0
3, 0
3, 0
3, 0
3, 0
3, 0
3, 0
3, 0
3, 0
0, 0x51d50
0, 0x8dd80
0, 0x51d70
0, 0x8dda0
0, 0x51d90
0, 0x8ddc0
0, 0x51db0
0, 0x8dde0
1, 0x8dd60
0, 0x51d50
0, 0x8dd80
2, 2
3, 0
3, 0
3, 0
3, 0
3, 0
3, 0
3, 0
3, 0
3, 0
3, 0
3, 0
3, 0
3, 0
3, 0
1, 0x8dd80
0, 0x51d70
0, 0x8dda0
2, 2
3, 0
3, 0
3, 0
3, 0
3, 0
3, 0
3, 0
3, 0
3, 0
3, 0
3, 0
3, 0
3, 0
3, 0
1, 0x8dda0
0, 0x51d90
0, 0x8ddc0
2, 2
3, 0
3, 0
3, 0
3, 0
3, 0
3, 0
3, 0
3, 0
3, 0
3, 0
3, 0
3, 0
3, 0
3, 0
1, 0x8ddc0
0, 0x51db0
0, 0x8dde0
2, 2
3, 0
3, 0
3, 0
3, 0
3, 0
3, 0
3, 0
3, 0
3, 0
3, 0
3, 0
3, 0
3, 0
3, 0
0, 0x51dd0
0, 0x8de00
0, 0x51df0
0, 0x8de20
0, 0x51e10
0, 0x8de40
0, 0x51e30
0, 0x8de60
1, 0x8dde0
0, 0x51dd0
0, 0x8de00
2, 2
3, 0
3, 0
3, 0
3, 0
3, 0
3, 0
3, 0
3, 0
3, 0
3, 0
3, 0
3, 0
3, 0
3, 0
1, 0x8de00
0, 0x51df0
0, 0x8de20
2, 2
3, 0
3, 0
3, 0
3, 0
3, 0
3, 0
3, 0
3, 0
3, 0
3, 0
3, 0
3, 0
3, 0
3, 0
1, 0x8de20
0, 0x51e10
0, 0x8de40
2, 2
3, 0
3, 0
3, 0
3, 0
3, 0
3, 0
3, 0
3, 0
3, 0
3, 0
3, 0
3, 0
3, 0
3, 0
1, 0x8de40
0, 0x51e30
0, 0x8de60
2, 2
3, 0
3, 0
3, 0
3, 0
3, 0
3, 0
3, 0
3, 0
3, 0
3, 0
3, 0
3, 0
3, 0
3, 0
0, 0x51e50
0, 0x8de80
0, 0x51e70
0, 0x8dea0
0, 0x51e90
0, 0x8dec0
0, 0x51eb0
0, 0x8dee0
1, 0x8de60
0, 0x51e50
0, 0x8de80
2, 2
3, 0
3, 0
3, 0
3, 0
3, 0
3, 0
3, 0
3, 0
3, 0
3, 0
3, 0
3, 0
3, 0
3, 0
1, 0x8de80
0, 0x51e70
0, 0x8dea0
2, 2
3, 0
3, 0
3, 0
3, 0
3, 0
3, 0
3, 0
3, 0
3, 0
3, 0
3, 0
3, 0
3, 0
3, 0
1, 0x8dea0
0, 0x51e90
0, 0x8dec0
2, 2
3, 0
3, 0
3, 0
3, 0
3, 0
3, 0
3, 0
3, 0
3, 0
3, 0
3, 0
3, 0
3, 0
3, 0
1, 0x8dec0
0, 0x51eb0
0, 0x8dee0
2, 2
3, 0
3, 0
3, 0
3, 0
3, 0
3, 0
3, 0
3, 0
3, 0
3, 0
3, 0
3, 0
3, 0
3, 0
0, 0x51ed0
0, 0x8df00
0, 0x51ef0
0, 0x8df20
0, 0x51f10
0, 0x8df40
0, 0x51f30
0, 0x8df60
1, 0x8dee0
0, 0x51ed0
0, 0x8df00
2, 2
3, 0
3, 0
3, 0
3, 0
3, 0
3, 0
3, 0
3, 0
3, 0
3, 0
3, 0
3, 0
3, 0
3, 0
1, 0x8df00
0, 0x51ef0
0, 0x8df20
2, 2
3, 0
3, 0
3, 0
3, 0
3, 0
3, 0
3, 0
3, 0
3, 0
3, 0
3, 0
3, 0
3, 0
3, 0
1, 0x8df20
0, 0x51f10
0, 0x8df40
2, 2
3, 0
3, 0
3, 0
3, 0
3, 0
3, 0
3, 0
3, 0
3, 0
3, 0
3, 0
3, 0
3, 0
3, 0
1, 0x8df40
0, 0x51f30
0, 0x8df60
2, 2
3, 0
3, 0
3, 0
3, 0
3, 0
3, 0
3, 0
3, 0
3, 0
3, 0
3, 0
3, 0
3, 0
3, 0
0, 0x51f50
0, 0x8df80
0, 0x51f70
0, 0x8dfa0
0, 0x51f90
0, 0x8dfc0
0, 0x51fb0
0, 0x8dfe0
1, 0x8df60
0, 0x51f50
0, 0x8df80
2, 2
3, 0
3, 0
3, 0
3, 0
3, 0
3, 0
3, 0
3, 0
3, 0
3, 0
3, 0
3, 0
3, 0
3, 0
1, 0x8df80
0, 0x51f70
0, 0x8dfa0
2, 2
3, 0
3, 0
3, 0
3, 0
3, 0
3, 0
3, 0
3, 0
3, 0
3, 0
3, 0
3, 0
3, 0
3, 0
1, 0x8dfa0
0, 0x51f90
0, 0x8dfc0
2, 2
3, 0
3, 0
3, 0
3, 0
3, 0
3, 0
3, 0
3, 0
3, 0
3, 0
3, 0
3, 0
3, 0
3, 0
1, 0x8dfc0
0, 0x51fb0
0, 0x8dfe0
2, 2
3, 0
3, 0
3, 0
3, 0
3, 0
3, 0
3, 0
3, 0
3, 0
3, 0
3, 0
3, 0
3, 0
3, 0
0, 0x51fd0
0, 0x8e000
0, 0x51ff0
0, 0x8e020
0, 0x52010
0, 0x8e040
0, 0x52030
0, 0x8e060
1, 0x8dfe0
0, 0x51fd0
0, 0x8e000
2, 2
3, 0
3, 0
3, 0
3, 0
3, 0
3, 0
3, 0
3, 0
3, 0
3, 0
3, 0
3, 0
3, 0
3, 0
1, 0x8e000
0, 0x51ff0
0, 0x8e020
2, 2
3, 0
3, 0
3, 0
3, 0
3, 0
3, 0
3, 0
3, 0
3, 0
3, 0
3, 0
3, 0
3, 0
3, 0
1, 0x8e020
0, 0x52010
0, 0x8e040
2, 2
3, 0
3, 0
3, 0
3, 0
3, 0
3, 0
3, 0
3, 0
3, 0
3, 0
3, 0
3, 0
3, 0
3, 0
1, 0x8e040
0, 0x52030
0, 0x8e060
2, 2
3, 0
3, 0
3, 0
3, 0
3, 0
3, 0
3, 0
3, 0
3, 0
3, 0
3, 0
3, 0
3, 0
3, 0
0, 0x52050
0, 0x8e080
0, 0x52070
0, 0x8e0a0
0, 0x52090
0, 0x8e0c0
0, 0x520b0
0, 0x8e0e0
1, 0x8e060
0, 0x52050
0, 0x8e080
2, 2
3, 0
3, 0
3, 0
3, 0
3, 0
3, 0
3, 0
3, 0
3, 0
3, 0
3, 0
3, 0
3, 0
3, 0
1, 0x8e080
0, 0x52070
0, 0x8e0a0
2, 2
3, 0
3, 0
3, 0
3, 0
3, 0
3, 0
3, 0
3, 0
3, 0
3, 0
3, 0
3, 0
3, 0
3, 0
1, 0x8e0a0
0, 0x52090
0, 0x8e0c0
2, 2
3, 0
3, 0
3, 0
3, 0
3, 0
3, 0
3, 0
3, 0
3, 0
3, 0
3, 0
3, 0
3, 0
3, 0
1, 0x8e0c0
0, 0x520b0
0, 0x8e0e0
2, 2
3, 0
3, 0
3, 0
3, 0
3, 0
3, 0
3, 0
3, 0
3, 0
3, 0
3, 0
3, 0
3, 0
3, 0
0, 0x520d0
0, 0x8e100
0, 0x520f0
0, 0x8e120
0, 0x52110
0, 0x8e140
0, 0x52130
0, 0x8e160
1, 0x8e0e0
0, 0x520d0
0, 0x8e100
2, 2
3, 0
3, 0
3, 0
3, 0
3, 0
3, 0
3, 0
3, 0
3, 0
3, 0
3, 0
3, 0
3, 0
3, 0
1, 0x8e100
0, 0x520f0
0, 0x8e120
2, 2
3, 0
3, 0
3, 0
3, 0
3, 0
3, 0
3, 0
3, 0
3, 0
3, 0
3, 0
3, 0
3, 0
3, 0
1, 0x8e120
0, 0x52110
0, 0x8e140
2, 2
3, 0
3, 0
3, 0
3, 0
3, 0
3, 0
3, 0
3, 0
3, 0
3, 0
3, 0
3, 0
3, 0
3, 0
1, 0x8e140
0, 0x52130
0, 0x8e160
2, 2
3, 0
3, 0
3, 0
3, 0
3, 0
3, 0
3, 0
3, 0
3, 0
3, 0
3, 0
3, 0
3, 0
3, 0
0, 0x52150
0, 0x8e180
0, 0x52170
0, 0x8e1a0
0, 0x52190
0, 0x8e1c0
0, 0x521b0
0, 0x8e1e0
1, 0x8e160
0, 0x52150
0, 0x8e180
2, 2
3, 0
3, 0
3, 0
3, 0
3, 0
3, 0
3, 0
3, 0
3, 0
3, 0
3, 0
3, 0
3, 0
3, 0
1, 0x8e180
0, 0x52170
0, 0x8e1a0
2, 2
3, 0
3, 0
3, 0
3, 0
3, 0
3, 0
3, 0
3, 0
3, 0
3, 0
3, 0
3, 0
3, 0
3, 0
1, 0x8e1a0
0, 0x52190
0, 0x8e1c0
2, 2
3, 0
3, 0
3, 0
3, 0
3, 0
3, 0
3, 0
3, 0
3, 0
3, 0
3, 0
3, 0
3, 0
3, 0
1, 0x8e1c0
0, 0x521b0
0, 0x8e1e0
2, 2
3, 0
3, 0
3, 0
3, 0
3, 0
3, 0
3, 0
3, 0
3, 0
3, 0
3, 0
3, 0
3, 0
3, 0
0, 0x521d0
0, 0x8e200
0, 0x521f0
0, 0x8e220
0, 0x52210
0, 0x8e240
0, 0x52230
0, 0x8e260
1, 0x8e1e0
0, 0x521d0
0, 0x8e200
2, 2
3, 0
3, 0
3, 0
3, 0
3, 0
3, 0
3, 0
3, 0
3, 0
3, 0
3, 0
3, 0
3, 0
3, 0
1, 0x8e200
0, 0x521f0
0, 0x8e220
2, 2
3, 0
3, 0
3, 0
3, 0
3, 0
3, 0
3, 0
3, 0
3, 0
3, 0
3, 0
3, 0
3, 0
3, 0
1, 0x8e220
0, 0x52210
0, 0x8e240
2, 2
3, 0
3, 0
3, 0
3, 0
3, 0
3, 0
3, 0
3, 0
3, 0
3, 0
3, 0
3, 0
3, 0
3, 0
1, 0x8e240
0, 0x52230
0, 0x8e260
2, 2
3, 0
3, 0
3, 0
3, 0
3, 0
3, 0
3, 0
3, 0
3, 0
3, 0
3, 0
3, 0
3, 0
3, 0
0, 0x52250
0, 0x8e280
0, 0x52270
0, 0x8e2a0
0, 0x52290
0, 0x8e2c0
0, 0x522b0
0, 0x8e2e0
1, 0x8e260
0, 0x52250
0, 0x8e280
2, 2
3, 0
3, 0
3, 0
3, 0
3, 0
3, 0
3, 0
3, 0
3, 0
3, 0
3, 0
3, 0
3, 0
3, 0
1, 0x8e280
0, 0x52270
0, 0x8e2a0
2, 2
3, 0
3, 0
3, 0
3, 0
3, 0
3, 0
3, 0
3, 0
3, 0
3, 0
3, 0
3, 0
3, 0
3, 0
1, 0x8e2a0
0, 0x52290
0, 0x8e2c0
2, 2
3, 0
3, 0
3, 0
3, 0
3, 0
3, 0
3, 0
3, 0
3, 0
3, 0
3, 0
3, 0
3, 0
3, 0
1, 0x8e2c0
0, 0x522b0
0, 0x8e2e0
2, 2
3, 0
3, 0
3, 0
3, 0
3, 0
3, 0
3, 0
3, 0
3, 0
3, 0
3, 0
3, 0
3, 0
3, 0
0, 0x522d0
0, 0x8e300
0, 0x522f0
0, 0x8e320
0, 0x52310
0, 0x8e340
0, 0x52330
0, 0x8e360
1, 0x8e2e0
0, 0x522d0
0, 0x8e300
2, 2
3, 0
3, 0
3, 0
3, 0
3, 0
3, 0
3, 0
3, 0
3, 0
3, 0
3, 0
3, 0
3, 0
3, 0
1, 0x8e300
0, 0x522f0
0, 0x8e320
2, 2
3, 0
3, 0
3, 0
3, 0
3, 0
3, 0
3, 0
3, 0
3, 0
3, 0
3, 0
3, 0
3, 0
3, 0
1, 0x8e320
0, 0x52310
0, 0x8e340
2, 2
3, 0
3, 0
3, 0
3, 0
3, 0
3, 0
3, 0
3, 0
3, 0
3, 0
3, 0
3, 0
3, 0
3, 0
1, 0x8e340
0, 0x52330
0, 0x8e360
2, 2
3, 0
3, 0
3, 0
3, 0
3, 0
3, 0
3, 0
3, 0
3, 0
3, 0
3, 0
3, 0
3, 0
3, 0
0, 0x52350
0, 0x8e380
0, 0x52370
0, 0x8e3a0
0, 0x52390
0, 0x8e3c0
0, 0x523b0
0, 0x8e3e0
1, 0x8e360
0, 0x52350
0, 0x8e380
2, 2
3, 0
3, 0
3, 0
3, 0
3, 0
3, 0
3, 0
3, 0
3, 0
3, 0
3, 0
3, 0
3, 0
3, 0
1, 0x8e380
0, 0x52370
0, 0x8e3a0
2, 2
3, 0
3, 0
3, 0
3, 0
3, 0
3, 0
3, 0
3, 0
3, 0
3, 0
3, 0
3, 0
3, 0
3, 0
1, 0x8e3a0
0, 0x52390
0, 0x8e3c0
2, 2
3, 0
3, 0
3, 0
3, 0
3, 0
3, 0
3, 0
3, 0
3, 0
3, 0
3, 0
3, 0
3, 0
3, 0
1, 0x8e3c0
0, 0x523b0
0, 0x8e3e0
2, 2
3, 0
3, 0
3, 0
3, 0
3, 0
3, 0
3, 0
3, 0
3, 0
3, 0
3, 0
3, 0
3, 0
3, 0
0, 0x523d0
0, 0x8e400
0, 0x523f0
0, 0x8e420
0, 0x52410
0, 0x8e440
0, 0x52430
0, 0x8e460
1, 0x8e3e0
0, 0x523d0
0, 0x8e400
2, 2
3, 0
3, 0
3, 0
3, 0
3, 0
3, 0
3, 0
3, 0
3, 0
3, 0
3, 0
3, 0
3, 0
3, 0
1, 0x8e400
0, 0x523f0
0, 0x8e420
2, 2
3, 0
3, 0
3, 0
3, 0
3, 0
3, 0
3, 0
3, 0
3, 0
3, 0
3, 0
3, 0
3, 0
3, 0
1, 0x8e420
0, 0x52410
0, 0x8e440
2, 2
3, 0
3, 0
3, 0
3, 0
3, 0
3, 0
3, 0
3, 0
3, 0
3, 0
3, 0
3, 0
3, 0
3, 0
1, 0x8e440
0, 0x52430
0, 0x8e460
2, 2
3, 0
3, 0
3, 0
3, 0
3, 0
3, 0
3, 0
3, 0
3, 0
3, 0
3, 0
3, 0
3, 0
3, 0
0, 0x52450
0, 0x8e480
0, 0x52470
0, 0x8e4a0
0, 0x52490
0, 0x8e4c0
0, 0x524b0
0, 0x8e4e0
1, 0x8e460
0, 0x52450
0, 0x8e480
2, 2
3, 0
3, 0
3, 0
3, 0
3, 0
3, 0
3, 0
3, 0
3, 0
3, 0
3, 0
3, 0
3, 0
3, 0
1, 0x8e480
0, 0x52470
0, 0x8e4a0
2, 2
3, 0
3, 0
3, 0
3, 0
3, 0
3, 0
3, 0
3, 0
3, 0
3, 0
3, 0
3, 0
3, 0
3, 0
1, 0x8e4a0
0, 0x52490
0, 0x8e4c0
2, 2
3, 0
3, 0
3, 0
3, 0
3, 0
3, 0
3, 0
3, 0
3, 0
3, 0
3, 0
3, 0
3, 0
3, 0
1, 0x8e4c0
0, 0x524b0
0, 0x8e4e0
2, 2
3, 0
3, 0
3, 0
3, 0
3, 0
3, 0
3, 0
3, 0
3, 0
3, 0
3, 0
3, 0
3, 0
3, 0
0, 0x524d0
0, 0x8e500
0, 0x524f0
0, 0x8e520
0, 0x52510
0, 0x8e540
0, 0x52530
0, 0x8e560
1, 0x8e4e0
0, 0x524d0
0, 0x8e500
2, 2
3, 0
3, 0
3, 0
3, 0
3, 0
3, 0
3, 0
3, 0
3, 0
3, 0
3, 0
3, 0
3, 0
3, 0
1, 0x8e500
0, 0x524f0
0, 0x8e520
2, 2
3, 0
3, 0
3, 0
3, 0
3, 0
3, 0
3, 0
3, 0
3, 0
3, 0
3, 0
3, 0
3, 0
3, 0
1, 0x8e520
0, 0x52510
0, 0x8e540
2, 2
3, 0
3, 0
3, 0
3, 0
3, 0
3, 0
3, 0
3, 0
3, 0
3, 0
3, 0
3, 0
3, 0
3, 0
1, 0x8e540
0, 0x52530
0, 0x8e560
2, 2
3, 0
3, 0
3, 0
3, 0
3, 0
3, 0
3, 0
3, 0
3, 0
3, 0
3, 0
3, 0
3, 0
3, 0
0, 0x52550
0, 0x8e580
0, 0x52570
0, 0x8e5a0
0, 0x52590
0, 0x8e5c0
0, 0x525b0
0, 0x8e5e0
1, 0x8e560
0, 0x52550
0, 0x8e580
2, 2
3, 0
3, 0
3, 0
3, 0
3, 0
3, 0
3, 0
3, 0
3, 0
3, 0
3, 0
3, 0
3, 0
3, 0
1, 0x8e580
0, 0x52570
0, 0x8e5a0
2, 2
3, 0
3, 0
3, 0
3, 0
3, 0
3, 0
3, 0
3, 0
3, 0
3, 0
3, 0
3, 0
3, 0
3, 0
1, 0x8e5a0
0, 0x52590
0, 0x8e5c0
2, 2
3, 0
3, 0
3, 0
3, 0
3, 0
3, 0
3, 0
3, 0
3, 0
3, 0
3, 0
3, 0
3, 0
3, 0
1, 0x8e5c0
0, 0x525b0
0, 0x8e5e0
2, 2
3, 0
3, 0
3, 0
3, 0
3, 0
3, 0
3, 0
3, 0
3, 0
3, 0
3, 0
3, 0
3, 0
3, 0
0, 0x525d0
0, 0x8e600
0, 0x525f0
0, 0x8e620
0, 0x52610
0, 0x8e640
0, 0x52630
0, 0x8e660
1, 0x8e5e0
0, 0x525d0
0, 0x8e600
2, 2
3, 0
3, 0
3, 0
3, 0
3, 0
3, 0
3, 0
3, 0
3, 0
3, 0
3, 0
3, 0
3, 0
3, 0
1, 0x8e600
0, 0x525f0
0, 0x8e620
2, 2
3, 0
3, 0
3, 0
3, 0
3, 0
3, 0
3, 0
3, 0
3, 0
3, 0
3, 0
3, 0
3, 0
3, 0
1, 0x8e620
0, 0x52610
0, 0x8e640
2, 2
3, 0
3, 0
3, 0
3, 0
3, 0
3, 0
3, 0
3, 0
3, 0
3, 0
3, 0
3, 0
3, 0
3, 0
1, 0x8e640
0, 0x52630
0, 0x8e660
2, 2
3, 0
3, 0
3, 0
3, 0
3, 0
3, 0
3, 0
3, 0
3, 0
3, 0
3, 0
3, 0
3, 0
3, 0
0, 0x52650
0, 0x8e680
0, 0x52670
0, 0x8e6a0
0, 0x52690
0, 0x8e6c0
0, 0x526b0
0, 0x8e6e0
1, 0x8e660
0, 0x52650
0, 0x8e680
2, 2
3, 0
3, 0
3, 0
3, 0
3, 0
3, 0
3, 0
3, 0
3, 0
3, 0
3, 0
3, 0
3, 0
3, 0
1, 0x8e680
0, 0x52670
0, 0x8e6a0
2, 2
3, 0
3, 0
3, 0
3, 0
3, 0
3, 0
3, 0
3, 0
3, 0
3, 0
3, 0
3, 0
3, 0
3, 0
1, 0x8e6a0
0, 0x52690
0, 0x8e6c0
2, 2
3, 0
3, 0
3, 0
3, 0
3, 0
3, 0
3, 0
3, 0
3, 0
3, 0
3, 0
3, 0
3, 0
3, 0
1, 0x8e6c0
0, 0x526b0
0, 0x8e6e0
2, 2
3, 0
3, 0
3, 0
3, 0
3, 0
3, 0
3, 0
3, 0
3, 0
3, 0
3, 0
3, 0
3, 0
3, 0
0, 0x526d0
0, 0x8e700
0, 0x526f0
0, 0x8e720
0, 0x52710
0, 0x8e740
0, 0x52730
0, 0x8e760
1, 0x8e6e0
0, 0x526d0
0, 0x8e700
2, 2
3, 0
3, 0
3, 0
3, 0
3, 0
3, 0
3, 0
3, 0
3, 0
3, 0
3, 0
3, 0
3, 0
3, 0
1, 0x8e700
0, 0x526f0
0, 0x8e720
2, 2
3, 0
3, 0
3, 0
3, 0
3, 0
3, 0
3, 0
3, 0
3, 0
3, 0
3, 0
3, 0
3, 0
3, 0
1, 0x8e720
0, 0x52710
0, 0x8e740
2, 2
3, 0
3, 0
3, 0
3, 0
3, 0
3, 0
3, 0
3, 0
3, 0
3, 0
3, 0
3, 0
3, 0
3, 0
1, 0x8e740
0, 0x52730
0, 0x8e760
2, 2
3, 0
3, 0
3, 0
3, 0
3, 0
3, 0
3, 0
3, 0
3, 0
3, 0
3, 0
3, 0
3, 0
3, 0
0, 0x52750
0, 0x8e780
0, 0x52770
0, 0x8e7a0
0, 0x52790
0, 0x8e7c0
0, 0x527b0
0, 0x8e7e0
1, 0x8e760
0, 0x52750
0, 0x8e780
2, 2
3, 0
3, 0
3, 0
3, 0
3, 0
3, 0
3, 0
3, 0
3, 0
3, 0
3, 0
3, 0
3, 0
3, 0
1, 0x8e780
0, 0x52770
0, 0x8e7a0
2, 2
3, 0
3, 0
3, 0
3, 0
3, 0
3, 0
3, 0
3, 0
3, 0
3, 0
3, 0
3, 0
3, 0
3, 0
1, 0x8e7a0
0, 0x52790
0, 0x8e7c0
2, 2
3, 0
3, 0
3, 0
3, 0
3, 0
3, 0
3, 0
3, 0
3, 0
3, 0
3, 0
3, 0
3, 0
3, 0
1, 0x8e7c0
0, 0x527b0
0, 0x8e7e0
2, 2
3, 0
3, 0
3, 0
3, 0
3, 0
3, 0
3, 0
3, 0
3, 0
3, 0
3, 0
3, 0
3, 0
3, 0
0, 0x527d0
0, 0x8e800
0, 0x527f0
0, 0x8e820
0, 0x52810
0, 0x8e840
0, 0x52830
0, 0x8e860
1, 0x8e7e0
0, 0x527d0
0, 0x8e800
2, 2
3, 0
3, 0
3, 0
3, 0
3, 0
3, 0
3, 0
3, 0
3, 0
3, 0
3, 0
3, 0
3, 0
3, 0
1, 0x8e800
0, 0x527f0
0, 0x8e820
2, 2
3, 0
3, 0
3, 0
3, 0
3, 0
3, 0
3, 0
3, 0
3, 0
3, 0
3, 0
3, 0
3, 0
3, 0
1, 0x8e820
0, 0x52810
0, 0x8e840
2, 2
3, 0
3, 0
3, 0
3, 0
3, 0
3, 0
3, 0
3, 0
3, 0
3, 0
3, 0
3, 0
3, 0
3, 0
1, 0x8e840
0, 0x52830
0, 0x8e860
2, 2
3, 0
3, 0
3, 0
3, 0
3, 0
3, 0
3, 0
3, 0
3, 0
3, 0
3, 0
3, 0
3, 0
3, 0
0, 0x52850
0, 0x8e880
0, 0x52870
0, 0x8e8a0
0, 0x52890
0, 0x8e8c0
0, 0x528b0
0, 0x8e8e0
1, 0x8e860
0, 0x52850
0, 0x8e880
2, 2
3, 0
3, 0
3, 0
3, 0
3, 0
3, 0
3, 0
3, 0
3, 0
3, 0
3, 0
3, 0
3, 0
3, 0
1, 0x8e880
0, 0x52870
0, 0x8e8a0
2, 2
3, 0
3, 0
3, 0
3, 0
3, 0
3, 0
3, 0
3, 0
3, 0
3, 0
3, 0
3, 0
3, 0
3, 0
1, 0x8e8a0
0, 0x52890
0, 0x8e8c0
2, 2
3, 0
3, 0
3, 0
3, 0
3, 0
3, 0
3, 0
3, 0
3, 0
3, 0
3, 0
3, 0
3, 0
3, 0
1, 0x8e8c0
0, 0x528b0
0, 0x8e8e0
2, 2
3, 0
3, 0
3, 0
3, 0
3, 0
3, 0
3, 0
3, 0
3, 0
3, 0
3, 0
3, 0
3, 0
3, 0
0, 0x528d0
0, 0x8e900
0, 0x528f0
0, 0x8e920
0, 0x52910
0, 0x8e940
0, 0x52930
0, 0x8e960
1, 0x8e8e0
0, 0x528d0
0, 0x8e900
2, 2
3, 0
3, 0
3, 0
3, 0
3, 0
3, 0
3, 0
3, 0
3, 0
3, 0
3, 0
3, 0
3, 0
3, 0
1, 0x8e900
0, 0x528f0
0, 0x8e920
2, 2
3, 0
3, 0
3, 0
3, 0
3, 0
3, 0
3, 0
3, 0
3, 0
3, 0
3, 0
3, 0
3, 0
3, 0
1, 0x8e920
0, 0x52910
0, 0x8e940
2, 2
3, 0
3, 0
3, 0
3, 0
3, 0
3, 0
3, 0
3, 0
3, 0
3, 0
3, 0
3, 0
3, 0
3, 0
1, 0x8e940
0, 0x52930
0, 0x8e960
2, 2
3, 0
3, 0
3, 0
3, 0
3, 0
3, 0
3, 0
3, 0
3, 0
3, 0
3, 0
3, 0
3, 0
3, 0
0, 0x52950
0, 0x8e980
0, 0x52970
0, 0x8e9a0
0, 0x52990
0, 0x8e9c0
0, 0x529b0
0, 0x8e9e0
1, 0x8e960
0, 0x52950
0, 0x8e980
2, 2
3, 0
3, 0
3, 0
3, 0
3, 0
3, 0
3, 0
3, 0
3, 0
3, 0
3, 0
3, 0
3, 0
3, 0
1, 0x8e980
0, 0x52970
0, 0x8e9a0
2, 2
3, 0
3, 0
3, 0
3, 0
3, 0
3, 0
3, 0
3, 0
3, 0
3, 0
3, 0
3, 0
3, 0
3, 0
1, 0x8e9a0
0, 0x52990
0, 0x8e9c0
2, 2
3, 0
3, 0
3, 0
3, 0
3, 0
3, 0
3, 0
3, 0
3, 0
3, 0
3, 0
3, 0
3, 0
3, 0
1, 0x8e9c0
0, 0x529b0
0, 0x8e9e0
2, 2
3, 0
3, 0
3, 0
3, 0
3, 0
3, 0
3, 0
3, 0
3, 0
3, 0
3, 0
3, 0
3, 0
3, 0
0, 0x529d0
0, 0x8ea00
0, 0x529f0
0, 0x8ea20
0, 0x52a10
0, 0x8ea40
0, 0x52a30
0, 0x8ea60
1, 0x8e9e0
0, 0x529d0
0, 0x8ea00
2, 2
3, 0
3, 0
3, 0
3, 0
3, 0
3, 0
3, 0
3, 0
3, 0
3, 0
3, 0
3, 0
3, 0
3, 0
1, 0x8ea00
0, 0x529f0
0, 0x8ea20
2, 2
3, 0
3, 0
3, 0
3, 0
3, 0
3, 0
3, 0
3, 0
3, 0
3, 0
3, 0
3, 0
3, 0
3, 0
1, 0x8ea20
0, 0x52a10
0, 0x8ea40
2, 2
3, 0
3, 0
3, 0
3, 0
3, 0
3, 0
3, 0
3, 0
3, 0
3, 0
3, 0
3, 0
3, 0
3, 0
1, 0x8ea40
0, 0x52a30
0, 0x8ea60
2, 2
3, 0
3, 0
3, 0
3, 0
3, 0
3, 0
3, 0
3, 0
3, 0
3, 0
3, 0
3, 0
3, 0
3, 0
0, 0x52a50
0, 0x8ea80
0, 0x52a70
0, 0x8eaa0
0, 0x52a90
0, 0x8eac0
0, 0x52ab0
0, 0x8eae0
1, 0x8ea60
0, 0x52a50
0, 0x8ea80
2, 2
3, 0
3, 0
3, 0
3, 0
3, 0
3, 0
3, 0
3, 0
3, 0
3, 0
3, 0
3, 0
3, 0
3, 0
1, 0x8ea80
0, 0x52a70
0, 0x8eaa0
2, 2
3, 0
3, 0
3, 0
3, 0
3, 0
3, 0
3, 0
3, 0
3, 0
3, 0
3, 0
3, 0
3, 0
3, 0
1, 0x8eaa0
0, 0x52a90
0, 0x8eac0
2, 2
3, 0
3, 0
3, 0
3, 0
3, 0
3, 0
3, 0
3, 0
3, 0
3, 0
3, 0
3, 0
3, 0
3, 0
1, 0x8eac0
0, 0x52ab0
0, 0x8eae0
2, 2
3, 0
3, 0
3, 0
3, 0
3, 0
3, 0
3, 0
3, 0
3, 0
3, 0
3, 0
3, 0
3, 0
3, 0
0, 0x52ad0
0, 0x8eb00
0, 0x52af0
0, 0x8eb20
0, 0x52b10
0, 0x8eb40
0, 0x52b30
0, 0x8eb60
1, 0x8eae0
0, 0x52ad0
0, 0x8eb00
2, 2
3, 0
3, 0
3, 0
3, 0
3, 0
3, 0
3, 0
3, 0
3, 0
3, 0
3, 0
3, 0
3, 0
3, 0
1, 0x8eb00
0, 0x52af0
0, 0x8eb20
2, 2
3, 0
3, 0
3, 0
3, 0
3, 0
3, 0
3, 0
3, 0
3, 0
3, 0
3, 0
3, 0
3, 0
3, 0
1, 0x8eb20
0, 0x52b10
0, 0x8eb40
2, 2
3, 0
3, 0
3, 0
3, 0
3, 0
3, 0
3, 0
3, 0
3, 0
3, 0
3, 0
3, 0
3, 0
3, 0
1, 0x8eb40
0, 0x52b30
0, 0x8eb60
2, 2
3, 0
3, 0
3, 0
3, 0
3, 0
3, 0
3, 0
3, 0
3, 0
3, 0
3, 0
3, 0
3, 0
3, 0
0, 0x52b50
0, 0x8eb80
0, 0x52b70
0, 0x8eba0
0, 0x52b90
0, 0x8ebc0
0, 0x52bb0
0, 0x8ebe0
1, 0x8eb60
0, 0x52b50
0, 0x8eb80
2, 2
3, 0
3, 0
3, 0
3, 0
3, 0
3, 0
3, 0
3, 0
3, 0
3, 0
3, 0
3, 0
3, 0
3, 0
1, 0x8eb80
0, 0x52b70
0, 0x8eba0
2, 2
3, 0
3, 0
3, 0
3, 0
3, 0
3, 0
3, 0
3, 0
3, 0
3, 0
3, 0
3, 0
3, 0
3, 0
1, 0x8eba0
0, 0x52b90
0, 0x8ebc0
2, 2
3, 0
3, 0
3, 0
3, 0
3, 0
3, 0
3, 0
3, 0
3, 0
3, 0
3, 0
3, 0
3, 0
3, 0
1, 0x8ebc0
0, 0x52bb0
0, 0x8ebe0
2, 2
3, 0
3, 0
3, 0
3, 0
3, 0
3, 0
3, 0
3, 0
3, 0
3, 0
3, 0
3, 0
3, 0
3, 0
0, 0x52bd0
0, 0x8ec00
0, 0x52bf0
0, 0x8ec20
0, 0x52c10
0, 0x8ec40
0, 0x52c30
0, 0x8ec60
1, 0x8ebe0
0, 0x52bd0
0, 0x8ec00
2, 2
3, 0
3, 0
3, 0
3, 0
3, 0
3, 0
3, 0
3, 0
3, 0
3, 0
3, 0
3, 0
3, 0
3, 0
1, 0x8ec00
0, 0x52bf0
0, 0x8ec20
2, 2
3, 0
3, 0
3, 0
3, 0
3, 0
3, 0
3, 0
3, 0
3, 0
3, 0
3, 0
3, 0
3, 0
3, 0
1, 0x8ec20
0, 0x52c10
0, 0x8ec40
2, 2
3, 0
3, 0
3, 0
3, 0
3, 0
3, 0
3, 0
3, 0
3, 0
3, 0
3, 0
3, 0
3, 0
3, 0
1, 0x8ec40
0, 0x52c30
0, 0x8ec60
2, 2
3, 0
3, 0
3, 0
3, 0
3, 0
3, 0
3, 0
3, 0
3, 0
3, 0
3, 0
3, 0
3, 0
3, 0
0, 0x52c50
0, 0x8ec80
0, 0x52c70
0, 0x8eca0
0, 0x52c90
0, 0x8ecc0
0, 0x52cb0
0, 0x8ece0
1, 0x8ec60
0, 0x52c50
0, 0x8ec80
2, 2
3, 0
3, 0
3, 0
3, 0
3, 0
3, 0
3, 0
3, 0
3, 0
3, 0
3, 0
3, 0
3, 0
3, 0
1, 0x8ec80
0, 0x52c70
0, 0x8eca0
2, 2
3, 0
3, 0
3, 0
3, 0
3, 0
3, 0
3, 0
3, 0
3, 0
3, 0
3, 0
3, 0
3, 0
3, 0
1, 0x8eca0
0, 0x52c90
0, 0x8ecc0
2, 2
3, 0
3, 0
3, 0
3, 0
3, 0
3, 0
3, 0
3, 0
3, 0
3, 0
3, 0
3, 0
3, 0
3, 0
1, 0x8ecc0
0, 0x52cb0
0, 0x8ece0
2, 2
3, 0
3, 0
3, 0
3, 0
3, 0
3, 0
3, 0
3, 0
3, 0
3, 0
3, 0
3, 0
3, 0
3, 0
0, 0x52cd0
0, 0x8ed00
0, 0x52cf0
0, 0x8ed20
0, 0x52d10
0, 0x8ed40
0, 0x52d30
0, 0x8ed60
1, 0x8ece0
0, 0x52cd0
0, 0x8ed00
2, 2
3, 0
3, 0
3, 0
3, 0
3, 0
3, 0
3, 0
3, 0
3, 0
3, 0
3, 0
3, 0
3, 0
3, 0
1, 0x8ed00
0, 0x52cf0
0, 0x8ed20
2, 2
3, 0
3, 0
3, 0
3, 0
3, 0
3, 0
3, 0
3, 0
3, 0
3, 0
3, 0
3, 0
3, 0
3, 0
1, 0x8ed20
0, 0x52d10
0, 0x8ed40
2, 2
3, 0
3, 0
3, 0
3, 0
3, 0
3, 0
3, 0
3, 0
3, 0
3, 0
3, 0
3, 0
3, 0
3, 0
1, 0x8ed40
0, 0x52d30
0, 0x8ed60
2, 2
3, 0
3, 0
3, 0
3, 0
3, 0
3, 0
3, 0
3, 0
3, 0
3, 0
3, 0
3, 0
3, 0
3, 0
0, 0x52d50
0, 0x8ed80
0, 0x52d70
0, 0x8eda0
0, 0x52d90
0, 0x8edc0
0, 0x52db0
0, 0x8ede0
1, 0x8ed60
0, 0x52d50
0, 0x8ed80
2, 2
3, 0
3, 0
3, 0
3, 0
3, 0
3, 0
3, 0
3, 0
3, 0
3, 0
3, 0
3, 0
3, 0
3, 0
1, 0x8ed80
0, 0x52d70
0, 0x8eda0
2, 2
3, 0
3, 0
3, 0
3, 0
3, 0
3, 0
3, 0
3, 0
3, 0
3, 0
3, 0
3, 0
3, 0
3, 0
1, 0x8eda0
0, 0x52d90
0, 0x8edc0
2, 2
3, 0
3, 0
3, 0
3, 0
3, 0
3, 0
3, 0
3, 0
3, 0
3, 0
3, 0
3, 0
3, 0
3, 0
1, 0x8edc0
0, 0x52db0
0, 0x8ede0
2, 2
3, 0
3, 0
3, 0
3, 0
3, 0
3, 0
3, 0
3, 0
3, 0
3, 0
3, 0
3, 0
3, 0
3, 0
0, 0x52dd0
0, 0x8ee00
0, 0x52df0
0, 0x8ee20
0, 0x52e10
0, 0x8ee40
0, 0x52e30
0, 0x8ee60
1, 0x8ede0
0, 0x52dd0
0, 0x8ee00
2, 2
3, 0
3, 0
3, 0
3, 0
3, 0
3, 0
3, 0
3, 0
3, 0
3, 0
3, 0
3, 0
3, 0
3, 0
1, 0x8ee00
0, 0x52df0
0, 0x8ee20
2, 2
3, 0
3, 0
3, 0
3, 0
3, 0
3, 0
3, 0
3, 0
3, 0
3, 0
3, 0
3, 0
3, 0
3, 0
1, 0x8ee20
0, 0x52e10
0, 0x8ee40
2, 2
3, 0
3, 0
3, 0
3, 0
3, 0
3, 0
3, 0
3, 0
3, 0
3, 0
3, 0
3, 0
3, 0
3, 0
1, 0x8ee40
0, 0x52e30
0, 0x8ee60
2, 2
3, 0
3, 0
3, 0
3, 0
3, 0
3, 0
3, 0
3, 0
3, 0
3, 0
3, 0
3, 0
3, 0
3, 0
0, 0x52e50
0, 0x8ee80
0, 0x52e70
0, 0x8eea0
0, 0x52e90
0, 0x8eec0
0, 0x52eb0
0, 0x8eee0
1, 0x8ee60
0, 0x52e50
0, 0x8ee80
2, 2
3, 0
3, 0
3, 0
3, 0
3, 0
3, 0
3, 0
3, 0
3, 0
3, 0
3, 0
3, 0
3, 0
3, 0
1, 0x8ee80
0, 0x52e70
0, 0x8eea0
2, 2
3, 0
3, 0
3, 0
3, 0
3, 0
3, 0
3, 0
3, 0
3, 0
3, 0
3, 0
3, 0
3, 0
3, 0
1, 0x8eea0
0, 0x52e90
0, 0x8eec0
2, 2
3, 0
3, 0
3, 0
3, 0
3, 0
3, 0
3, 0
3, 0
3, 0
3, 0
3, 0
3, 0
3, 0
3, 0
1, 0x8eec0
0, 0x52eb0
0, 0x8eee0
2, 2
3, 0
3, 0
3, 0
3, 0
3, 0
3, 0
3, 0
3, 0
3, 0
3, 0
3, 0
3, 0
3, 0
3, 0
0, 0x52ed0
0, 0x8ef00
0, 0x52ef0
0, 0x8ef20
0, 0x52f10
0, 0x8ef40
0, 0x52f30
0, 0x8ef60
1, 0x8eee0
0, 0x52ed0
0, 0x8ef00
2, 2
3, 0
3, 0
3, 0
3, 0
3, 0
3, 0
3, 0
3, 0
3, 0
3, 0
3, 0
3, 0
3, 0
3, 0
1, 0x8ef00
0, 0x52ef0
0, 0x8ef20
2, 2
3, 0
3, 0
3, 0
3, 0
3, 0
3, 0
3, 0
3, 0
3, 0
3, 0
3, 0
3, 0
3, 0
3, 0
1, 0x8ef20
0, 0x52f10
0, 0x8ef40
2, 2
3, 0
3, 0
3, 0
3, 0
3, 0
3, 0
3, 0
3, 0
3, 0
3, 0
3, 0
3, 0
3, 0
3, 0
1, 0x8ef40
0, 0x52f30
0, 0x8ef60
2, 2
3, 0
3, 0
3, 0
3, 0
3, 0
3, 0
3, 0
3, 0
3, 0
3, 0
3, 0
3, 0
3, 0
3, 0
0, 0x52f50
0, 0x8ef80
0, 0x52f70
0, 0x8efa0
0, 0x52f90
0, 0x8efc0
0, 0x52fb0
0, 0x8efe0
1, 0x8ef60
0, 0x52f50
0, 0x8ef80
2, 2
3, 0
3, 0
3, 0
3, 0
3, 0
3, 0
3, 0
3, 0
3, 0
3, 0
3, 0
3, 0
3, 0
3, 0
1, 0x8ef80
0, 0x52f70
0, 0x8efa0
2, 2
3, 0
3, 0
3, 0
3, 0
3, 0
3, 0
3, 0
3, 0
3, 0
3, 0
3, 0
3, 0
3, 0
3, 0
1, 0x8efa0
0, 0x52f90
0, 0x8efc0
2, 2
3, 0
3, 0
3, 0
3, 0
3, 0
3, 0
3, 0
3, 0
3, 0
3, 0
3, 0
3, 0
3, 0
3, 0
1, 0x8efc0
0, 0x52fb0
0, 0x8efe0
2, 2
3, 0
3, 0
3, 0
3, 0
3, 0
3, 0
3, 0
3, 0
3, 0
3, 0
3, 0
3, 0
3, 0
3, 0
0, 0x52fd0
0, 0x8f000
0, 0x52ff0
0, 0x8f020
0, 0x53010
0, 0x8f040
0, 0x53030
0, 0x8f060
1, 0x8efe0
0, 0x52fd0
0, 0x8f000
2, 2
3, 0
3, 0
3, 0
3, 0
3, 0
3, 0
3, 0
3, 0
3, 0
3, 0
3, 0
3, 0
3, 0
3, 0
1, 0x8f000
0, 0x52ff0
0, 0x8f020
2, 2
3, 0
3, 0
3, 0
3, 0
3, 0
3, 0
3, 0
3, 0
3, 0
3, 0
3, 0
3, 0
3, 0
3, 0
1, 0x8f020
0, 0x53010
0, 0x8f040
2, 2
3, 0
3, 0
3, 0
3, 0
3, 0
3, 0
3, 0
3, 0
3, 0
3, 0
3, 0
3, 0
3, 0
3, 0
1, 0x8f040
0, 0x53030
0, 0x8f060
2, 2
3, 0
3, 0
3, 0
3, 0
3, 0
3, 0
3, 0
3, 0
3, 0
3, 0
3, 0
3, 0
3, 0
3, 0
0, 0x53050
0, 0x8f080
0, 0x53070
0, 0x8f0a0
0, 0x53090
0, 0x8f0c0
0, 0x530b0
0, 0x8f0e0
1, 0x8f060
0, 0x53050
0, 0x8f080
2, 2
3, 0
3, 0
3, 0
3, 0
3, 0
3, 0
3, 0
3, 0
3, 0
3, 0
3, 0
3, 0
3, 0
3, 0
1, 0x8f080
0, 0x53070
0, 0x8f0a0
2, 2
3, 0
3, 0
3, 0
3, 0
3, 0
3, 0
3, 0
3, 0
3, 0
3, 0
3, 0
3, 0
3, 0
3, 0
1, 0x8f0a0
0, 0x53090
0, 0x8f0c0
2, 2
3, 0
3, 0
3, 0
3, 0
3, 0
3, 0
3, 0
3, 0
3, 0
3, 0
3, 0
3, 0
3, 0
3, 0
1, 0x8f0c0
0, 0x530b0
0, 0x8f0e0
2, 2
3, 0
3, 0
3, 0
3, 0
3, 0
3, 0
3, 0
3, 0
3, 0
3, 0
3, 0
3, 0
3, 0
3, 0
0, 0x530d0
0, 0x8f100
0, 0x530f0
0, 0x8f120
0, 0x53110
0, 0x8f140
0, 0x53130
0, 0x8f160
1, 0x8f0e0
0, 0x530d0
0, 0x8f100
2, 2
3, 0
3, 0
3, 0
3, 0
3, 0
3, 0
3, 0
3, 0
3, 0
3, 0
3, 0
3, 0
3, 0
3, 0
1, 0x8f100
0, 0x530f0
0, 0x8f120
2, 2
3, 0
3, 0
3, 0
3, 0
3, 0
3, 0
3, 0
3, 0
3, 0
3, 0
3, 0
3, 0
3, 0
3, 0
1, 0x8f120
0, 0x53110
0, 0x8f140
2, 2
3, 0
3, 0
3, 0
3, 0
3, 0
3, 0
3, 0
3, 0
3, 0
3, 0
3, 0
3, 0
3, 0
3, 0
1, 0x8f140
0, 0x53130
0, 0x8f160
2, 2
3, 0
3, 0
3, 0
3, 0
3, 0
3, 0
3, 0
3, 0
3, 0
3, 0
3, 0
3, 0
3, 0
3, 0
0, 0x53150
0, 0x8f180
0, 0x53170
0, 0x8f1a0
0, 0x53190
0, 0x8f1c0
0, 0x531b0
0, 0x8f1e0
1, 0x8f160
0, 0x53150
0, 0x8f180
2, 2
3, 0
3, 0
3, 0
3, 0
3, 0
3, 0
3, 0
3, 0
3, 0
3, 0
3, 0
3, 0
3, 0
3, 0
1, 0x8f180
0, 0x53170
0, 0x8f1a0
2, 2
3, 0
3, 0
3, 0
3, 0
3, 0
3, 0
3, 0
3, 0
3, 0
3, 0
3, 0
3, 0
3, 0
3, 0
1, 0x8f1a0
0, 0x53190
0, 0x8f1c0
2, 2
3, 0
3, 0
3, 0
3, 0
3, 0
3, 0
3, 0
3, 0
3, 0
3, 0
3, 0
3, 0
3, 0
3, 0
1, 0x8f1c0
0, 0x531b0
0, 0x8f1e0
2, 2
3, 0
3, 0
3, 0
3, 0
3, 0
3, 0
3, 0
3, 0
3, 0
3, 0
3, 0
3, 0
3, 0
3, 0
0, 0x531d0
0, 0x8f200
0, 0x531f0
0, 0x8f220
0, 0x53210
0, 0x8f240
0, 0x53230
0, 0x8f260
1, 0x8f1e0
0, 0x531d0
0, 0x8f200
2, 2
3, 0
3, 0
3, 0
3, 0
3, 0
3, 0
3, 0
3, 0
3, 0
3, 0
3, 0
3, 0
3, 0
3, 0
1, 0x8f200
0, 0x531f0
0, 0x8f220
2, 2
3, 0
3, 0
3, 0
3, 0
3, 0
3, 0
3, 0
3, 0
3, 0
3, 0
3, 0
3, 0
3, 0
3, 0
1, 0x8f220
0, 0x53210
0, 0x8f240
2, 2
3, 0
3, 0
3, 0
3, 0
3, 0
3, 0
3, 0
3, 0
3, 0
3, 0
3, 0
3, 0
3, 0
3, 0
1, 0x8f240
0, 0x53230
0, 0x8f260
2, 2
3, 0
3, 0
3, 0
3, 0
3, 0
3, 0
3, 0
3, 0
3, 0
3, 0
3, 0
3, 0
3, 0
3, 0
0, 0x53250
0, 0x8f280
0, 0x53270
0, 0x8f2a0
0, 0x53290
0, 0x8f2c0
0, 0x532b0
0, 0x8f2e0
1, 0x8f260
0, 0x53250
0, 0x8f280
2, 2
3, 0
3, 0
3, 0
3, 0
3, 0
3, 0
3, 0
3, 0
3, 0
3, 0
3, 0
3, 0
3, 0
3, 0
1, 0x8f280
0, 0x53270
0, 0x8f2a0
2, 2
3, 0
3, 0
3, 0
3, 0
3, 0
3, 0
3, 0
3, 0
3, 0
3, 0
3, 0
3, 0
3, 0
3, 0
1, 0x8f2a0
0, 0x53290
0, 0x8f2c0
2, 2
3, 0
3, 0
3, 0
3, 0
3, 0
3, 0
3, 0
3, 0
3, 0
3, 0
3, 0
3, 0
3, 0
3, 0
1, 0x8f2c0
0, 0x532b0
0, 0x8f2e0
2, 2
3, 0
3, 0
3, 0
3, 0
3, 0
3, 0
3, 0
3, 0
3, 0
3, 0
3, 0
3, 0
3, 0
3, 0
0, 0x532d0
0, 0x8f300
0, 0x532f0
0, 0x8f320
0, 0x53310
0, 0x8f340
0, 0x53330
0, 0x8f360
1, 0x8f2e0
0, 0x532d0
0, 0x8f300
2, 2
3, 0
3, 0
3, 0
3, 0
3, 0
3, 0
3, 0
3, 0
3, 0
3, 0
3, 0
3, 0
3, 0
3, 0
1, 0x8f300
0, 0x532f0
0, 0x8f320
2, 2
3, 0
3, 0
3, 0
3, 0
3, 0
3, 0
3, 0
3, 0
3, 0
3, 0
3, 0
3, 0
3, 0
3, 0
1, 0x8f320
0, 0x53310
0, 0x8f340
2, 2
3, 0
3, 0
3, 0
3, 0
3, 0
3, 0
3, 0
3, 0
3, 0
3, 0
3, 0
3, 0
3, 0
3, 0
1, 0x8f340
0, 0x53330
0, 0x8f360
2, 2
3, 0
3, 0
3, 0
3, 0
3, 0
3, 0
3, 0
3, 0
3, 0
3, 0
3, 0
3, 0
3, 0
3, 0
0, 0x53350
0, 0x8f380
0, 0x53370
0, 0x8f3a0
0, 0x53390
0, 0x8f3c0
0, 0x533b0
0, 0x8f3e0
1, 0x8f360
0, 0x53350
0, 0x8f380
2, 2
3, 0
3, 0
3, 0
3, 0
3, 0
3, 0
3, 0
3, 0
3, 0
3, 0
3, 0
3, 0
3, 0
3, 0
1, 0x8f380
0, 0x53370
0, 0x8f3a0
2, 2
3, 0
3, 0
3, 0
3, 0
3, 0
3, 0
3, 0
3, 0
3, 0
3, 0
3, 0
3, 0
3, 0
3, 0
1, 0x8f3a0
0, 0x53390
0, 0x8f3c0
2, 2
3, 0
3, 0
3, 0
3, 0
3, 0
3, 0
3, 0
3, 0
3, 0
3, 0
3, 0
3, 0
3, 0
3, 0
1, 0x8f3c0
0, 0x533b0
0, 0x8f3e0
2, 2
3, 0
3, 0
3, 0
3, 0
3, 0
3, 0
3, 0
3, 0
3, 0
3, 0
3, 0
3, 0
3, 0
3, 0
0, 0x533d0
0, 0x8f400
0, 0x533f0
0, 0x8f420
0, 0x53410
0, 0x8f440
0, 0x53430
0, 0x8f460
1, 0x8f3e0
0, 0x533d0
0, 0x8f400
2, 2
3, 0
3, 0
3, 0
3, 0
3, 0
3, 0
3, 0
3, 0
3, 0
3, 0
3, 0
3, 0
3, 0
3, 0
1, 0x8f400
0, 0x533f0
0, 0x8f420
2, 2
3, 0
3, 0
3, 0
3, 0
3, 0
3, 0
3, 0
3, 0
3, 0
3, 0
3, 0
3, 0
3, 0
3, 0
1, 0x8f420
0, 0x53410
0, 0x8f440
2, 2
3, 0
3, 0
3, 0
3, 0
3, 0
3, 0
3, 0
3, 0
3, 0
3, 0
3, 0
3, 0
3, 0
3, 0
1, 0x8f440
0, 0x53430
0, 0x8f460
2, 2
3, 0
3, 0
3, 0
3, 0
3, 0
3, 0
3, 0
3, 0
3, 0
3, 0
3, 0
3, 0
3, 0
3, 0
0, 0x53450
0, 0x8f480
0, 0x53470
0, 0x8f4a0
0, 0x53490
0, 0x8f4c0
0, 0x534b0
0, 0x8f4e0
1, 0x8f460
0, 0x53450
0, 0x8f480
2, 2
3, 0
3, 0
3, 0
3, 0
3, 0
3, 0
3, 0
3, 0
3, 0
3, 0
3, 0
3, 0
3, 0
3, 0
1, 0x8f480
0, 0x53470
0, 0x8f4a0
2, 2
3, 0
3, 0
3, 0
3, 0
3, 0
3, 0
3, 0
3, 0
3, 0
3, 0
3, 0
3, 0
3, 0
3, 0
1, 0x8f4a0
0, 0x53490
0, 0x8f4c0
2, 2
3, 0
3, 0
3, 0
3, 0
3, 0
3, 0
3, 0
3, 0
3, 0
3, 0
3, 0
3, 0
3, 0
3, 0
1, 0x8f4c0
0, 0x534b0
0, 0x8f4e0
2, 2
3, 0
3, 0
3, 0
3, 0
3, 0
3, 0
3, 0
3, 0
3, 0
3, 0
3, 0
3, 0
3, 0
3, 0
0, 0x534d0
0, 0x8f500
0, 0x534f0
0, 0x8f520
0, 0x53510
0, 0x8f540
0, 0x53530
0, 0x8f560
1, 0x8f4e0
0, 0x534d0
0, 0x8f500
2, 2
3, 0
3, 0
3, 0
3, 0
3, 0
3, 0
3, 0
3, 0
3, 0
3, 0
3, 0
3, 0
3, 0
3, 0
1, 0x8f500
0, 0x534f0
0, 0x8f520
2, 2
3, 0
3, 0
3, 0
3, 0
3, 0
3, 0
3, 0
3, 0
3, 0
3, 0
3, 0
3, 0
3, 0
3, 0
1, 0x8f520
0, 0x53510
0, 0x8f540
2, 2
3, 0
3, 0
3, 0
3, 0
3, 0
3, 0
3, 0
3, 0
3, 0
3, 0
3, 0
3, 0
3, 0
3, 0
1, 0x8f540
0, 0x53530
0, 0x8f560
2, 2
3, 0
3, 0
3, 0
3, 0
3, 0
3, 0
3, 0
3, 0
3, 0
3, 0
3, 0
3, 0
3, 0
3, 0
0, 0x53550
0, 0x8f580
0, 0x53570
0, 0x8f5a0
0, 0x53590
0, 0x8f5c0
0, 0x535b0
0, 0x8f5e0
1, 0x8f560
0, 0x53550
0, 0x8f580
2, 2
3, 0
3, 0
3, 0
3, 0
3, 0
3, 0
3, 0
3, 0
3, 0
3, 0
3, 0
3, 0
3, 0
3, 0
1, 0x8f580
0, 0x53570
0, 0x8f5a0
2, 2
3, 0
3, 0
3, 0
3, 0
3, 0
3, 0
3, 0
3, 0
3, 0
3, 0
3, 0
3, 0
3, 0
3, 0
1, 0x8f5a0
0, 0x53590
0, 0x8f5c0
2, 2
3, 0
3, 0
3, 0
3, 0
3, 0
3, 0
3, 0
3, 0
3, 0
3, 0
3, 0
3, 0
3, 0
3, 0
1, 0x8f5c0
0, 0x535b0
0, 0x8f5e0
2, 2
3, 0
3, 0
3, 0
3, 0
3, 0
3, 0
3, 0
3, 0
3, 0
3, 0
3, 0
3, 0
3, 0
3, 0
0, 0x535d0
0, 0x8f600
0, 0x535f0
0, 0x8f620
0, 0x53610
0, 0x8f640
0, 0x53630
0, 0x8f660
1, 0x8f5e0
0, 0x535d0
0, 0x8f600
2, 2
3, 0
3, 0
3, 0
3, 0
3, 0
3, 0
3, 0
3, 0
3, 0
3, 0
3, 0
3, 0
3, 0
3, 0
1, 0x8f600
0, 0x535f0
0, 0x8f620
2, 2
3, 0
3, 0
3, 0
3, 0
3, 0
3, 0
3, 0
3, 0
3, 0
3, 0
3, 0
3, 0
3, 0
3, 0
1, 0x8f620
0, 0x53610
0, 0x8f640
2, 2
3, 0
3, 0
3, 0
3, 0
3, 0
3, 0
3, 0
3, 0
3, 0
3, 0
3, 0
3, 0
3, 0
3, 0
1, 0x8f640
0, 0x53630
0, 0x8f660
2, 2
3, 0
3, 0
3, 0
3, 0
3, 0
3, 0
3, 0
3, 0
3, 0
3, 0
3, 0
3, 0
3, 0
3, 0
0, 0x53650
0, 0x8f680
0, 0x53670
0, 0x8f6a0
0, 0x53690
0, 0x8f6c0
0, 0x536b0
0, 0x8f6e0
1, 0x8f660
0, 0x53650
0, 0x8f680
2, 2
3, 0
3, 0
3, 0
3, 0
3, 0
3, 0
3, 0
3, 0
3, 0
3, 0
3, 0
3, 0
3, 0
3, 0
1, 0x8f680
0, 0x53670
0, 0x8f6a0
2, 2
3, 0
3, 0
3, 0
3, 0
3, 0
3, 0
3, 0
3, 0
3, 0
3, 0
3, 0
3, 0
3, 0
3, 0
1, 0x8f6a0
0, 0x53690
0, 0x8f6c0
2, 2
3, 0
3, 0
3, 0
3, 0
3, 0
3, 0
3, 0
3, 0
3, 0
3, 0
3, 0
3, 0
3, 0
3, 0
1, 0x8f6c0
0, 0x536b0
0, 0x8f6e0
2, 2
3, 0
3, 0
3, 0
3, 0
3, 0
3, 0
3, 0
3, 0
3, 0
3, 0
3, 0
3, 0
3, 0
3, 0
0, 0x536d0
0, 0x8f700
0, 0x536f0
0, 0x8f720
0, 0x53710
0, 0x8f740
0, 0x53730
0, 0x8f760
1, 0x8f6e0
0, 0x536d0
0, 0x8f700
2, 2
3, 0
3, 0
3, 0
3, 0
3, 0
3, 0
3, 0
3, 0
3, 0
3, 0
3, 0
3, 0
3, 0
3, 0
1, 0x8f700
0, 0x536f0
0, 0x8f720
2, 2
3, 0
3, 0
3, 0
3, 0
3, 0
3, 0
3, 0
3, 0
3, 0
3, 0
3, 0
3, 0
3, 0
3, 0
1, 0x8f720
0, 0x53710
0, 0x8f740
2, 2
3, 0
3, 0
3, 0
3, 0
3, 0
3, 0
3, 0
3, 0
3, 0
3, 0
3, 0
3, 0
3, 0
3, 0
1, 0x8f740
0, 0x53730
0, 0x8f760
2, 2
3, 0
3, 0
3, 0
3, 0
3, 0
3, 0
3, 0
3, 0
3, 0
3, 0
3, 0
3, 0
3, 0
3, 0
0, 0x53750
0, 0x8f780
0, 0x53770
0, 0x8f7a0
0, 0x53790
0, 0x8f7c0
0, 0x537b0
0, 0x8f7e0
1, 0x8f760
0, 0x53750
0, 0x8f780
2, 2
3, 0
3, 0
3, 0
3, 0
3, 0
3, 0
3, 0
3, 0
3, 0
3, 0
3, 0
3, 0
3, 0
3, 0
1, 0x8f780
0, 0x53770
0, 0x8f7a0
2, 2
3, 0
3, 0
3, 0
3, 0
3, 0
3, 0
3, 0
3, 0
3, 0
3, 0
3, 0
3, 0
3, 0
3, 0
1, 0x8f7a0
0, 0x53790
0, 0x8f7c0
2, 2
3, 0
3, 0
3, 0
3, 0
3, 0
3, 0
3, 0
3, 0
3, 0
3, 0
3, 0
3, 0
3, 0
3, 0
1, 0x8f7c0
0, 0x537b0
0, 0x8f7e0
2, 2
3, 0
3, 0
3, 0
3, 0
3, 0
3, 0
3, 0
3, 0
3, 0
3, 0
3, 0
3, 0
3, 0
3, 0
0, 0x537d0
0, 0x8f800
0, 0x537f0
0, 0x8f820
0, 0x53810
0, 0x8f840
0, 0x53830
0, 0x8f860
1, 0x8f7e0
0, 0x537d0
0, 0x8f800
2, 2
3, 0
3, 0
3, 0
3, 0
3, 0
3, 0
3, 0
3, 0
3, 0
3, 0
3, 0
3, 0
3, 0
3, 0
1, 0x8f800
0, 0x537f0
0, 0x8f820
2, 2
3, 0
3, 0
3, 0
3, 0
3, 0
3, 0
3, 0
3, 0
3, 0
3, 0
3, 0
3, 0
3, 0
3, 0
1, 0x8f820
0, 0x53810
0, 0x8f840
2, 2
3, 0
3, 0
3, 0
3, 0
3, 0
3, 0
3, 0
3, 0
3, 0
3, 0
3, 0
3, 0
3, 0
3, 0
1, 0x8f840
0, 0x53830
0, 0x8f860
2, 2
3, 0
3, 0
3, 0
3, 0
3, 0
3, 0
3, 0
3, 0
3, 0
3, 0
3, 0
3, 0
3, 0
3, 0
0, 0x53850
0, 0x8f880
0, 0x53870
0, 0x8f8a0
0, 0x53890
0, 0x8f8c0
0, 0x538b0
0, 0x8f8e0
1, 0x8f860
0, 0x53850
0, 0x8f880
2, 2
3, 0
3, 0
3, 0
3, 0
3, 0
3, 0
3, 0
3, 0
3, 0
3, 0
3, 0
3, 0
3, 0
3, 0
1, 0x8f880
0, 0x53870
0, 0x8f8a0
2, 2
3, 0
3, 0
3, 0
3, 0
3, 0
3, 0
3, 0
3, 0
3, 0
3, 0
3, 0
3, 0
3, 0
3, 0
1, 0x8f8a0
0, 0x53890
0, 0x8f8c0
2, 2
3, 0
3, 0
3, 0
3, 0
3, 0
3, 0
3, 0
3, 0
3, 0
3, 0
3, 0
3, 0
3, 0
3, 0
1, 0x8f8c0
0, 0x538b0
0, 0x8f8e0
2, 2
3, 0
3, 0
3, 0
3, 0
3, 0
3, 0
3, 0
3, 0
3, 0
3, 0
3, 0
3, 0
3, 0
3, 0
0, 0x538d0
0, 0x8f900
0, 0x538f0
0, 0x8f920
0, 0x53910
0, 0x8f940
0, 0x53930
0, 0x8f960
1, 0x8f8e0
0, 0x538d0
0, 0x8f900
2, 2
3, 0
3, 0
3, 0
3, 0
3, 0
3, 0
3, 0
3, 0
3, 0
3, 0
3, 0
3, 0
3, 0
3, 0
1, 0x8f900
0, 0x538f0
0, 0x8f920
2, 2
3, 0
3, 0
3, 0
3, 0
3, 0
3, 0
3, 0
3, 0
3, 0
3, 0
3, 0
3, 0
3, 0
3, 0
1, 0x8f920
0, 0x53910
0, 0x8f940
2, 2
3, 0
3, 0
3, 0
3, 0
3, 0
3, 0
3, 0
3, 0
3, 0
3, 0
3, 0
3, 0
3, 0
3, 0
1, 0x8f940
0, 0x53930
0, 0x8f960
2, 2
3, 0
3, 0
3, 0
3, 0
3, 0
3, 0
3, 0
3, 0
3, 0
3, 0
3, 0
3, 0
3, 0
3, 0
0, 0x53950
0, 0x8f980
0, 0x53970
0, 0x8f9a0
0, 0x53990
0, 0x8f9c0
0, 0x539b0
0, 0x8f9e0
1, 0x8f960
0, 0x53950
0, 0x8f980
2, 2
3, 0
3, 0
3, 0
3, 0
3, 0
3, 0
3, 0
3, 0
3, 0
3, 0
3, 0
3, 0
3, 0
3, 0
1, 0x8f980
0, 0x53970
0, 0x8f9a0
2, 2
3, 0
3, 0
3, 0
3, 0
3, 0
3, 0
3, 0
3, 0
3, 0
3, 0
3, 0
3, 0
3, 0
3, 0
1, 0x8f9a0
0, 0x53990
0, 0x8f9c0
2, 2
3, 0
3, 0
3, 0
3, 0
3, 0
3, 0
3, 0
3, 0
3, 0
3, 0
3, 0
3, 0
3, 0
3, 0
1, 0x8f9c0
0, 0x539b0
0, 0x8f9e0
2, 2
3, 0
3, 0
3, 0
3, 0
3, 0
3, 0
3, 0
3, 0
3, 0
3, 0
3, 0
3, 0
3, 0
3, 0
0, 0x539d0
0, 0x8fa00
0, 0x539f0
0, 0x8fa20
0, 0x53a10
0, 0x8fa40
0, 0x53a30
0, 0x8fa60
1, 0x8f9e0
0, 0x539d0
0, 0x8fa00
2, 2
3, 0
3, 0
3, 0
3, 0
3, 0
3, 0
3, 0
3, 0
3, 0
3, 0
3, 0
3, 0
3, 0
3, 0
1, 0x8fa00
0, 0x539f0
0, 0x8fa20
2, 2
3, 0
3, 0
3, 0
3, 0
3, 0
3, 0
3, 0
3, 0
3, 0
3, 0
3, 0
3, 0
3, 0
3, 0
1, 0x8fa20
0, 0x53a10
0, 0x8fa40
2, 2
3, 0
3, 0
3, 0
3, 0
3, 0
3, 0
3, 0
3, 0
3, 0
3, 0
3, 0
3, 0
3, 0
3, 0
1, 0x8fa40
0, 0x53a30
0, 0x8fa60
2, 2
3, 0
3, 0
3, 0
3, 0
3, 0
3, 0
3, 0
3, 0
3, 0
3, 0
3, 0
3, 0
3, 0
3, 0
0, 0x53a50
0, 0x8fa80
0, 0x53a70
0, 0x8faa0
0, 0x53a90
0, 0x8fac0
0, 0x53ab0
0, 0x8fae0
1, 0x8fa60
0, 0x53a50
0, 0x8fa80
2, 2
3, 0
3, 0
3, 0
3, 0
3, 0
3, 0
3, 0
3, 0
3, 0
3, 0
3, 0
3, 0
3, 0
3, 0
1, 0x8fa80
0, 0x53a70
0, 0x8faa0
2, 2
3, 0
3, 0
3, 0
3, 0
3, 0
3, 0
3, 0
3, 0
3, 0
3, 0
3, 0
3, 0
3, 0
3, 0
1, 0x8faa0
0, 0x53a90
0, 0x8fac0
2, 2
3, 0
3, 0
3, 0
3, 0
3, 0
3, 0
3, 0
3, 0
3, 0
3, 0
3, 0
3, 0
3, 0
3, 0
1, 0x8fac0
0, 0x53ab0
0, 0x8fae0
2, 2
3, 0
3, 0
3, 0
3, 0
3, 0
3, 0
3, 0
3, 0
3, 0
3, 0
3, 0
3, 0
3, 0
3, 0
0, 0x53ad0
0, 0x8fb00
0, 0x53af0
0, 0x8fb20
0, 0x53b10
0, 0x8fb40
0, 0x53b30
0, 0x8fb60
1, 0x8fae0
0, 0x53ad0
0, 0x8fb00
2, 2
3, 0
3, 0
3, 0
3, 0
3, 0
3, 0
3, 0
3, 0
3, 0
3, 0
3, 0
3, 0
3, 0
3, 0
1, 0x8fb00
0, 0x53af0
0, 0x8fb20
2, 2
3, 0
3, 0
3, 0
3, 0
3, 0
3, 0
3, 0
3, 0
3, 0
3, 0
3, 0
3, 0
3, 0
3, 0
1, 0x8fb20
0, 0x53b10
0, 0x8fb40
2, 2
3, 0
3, 0
3, 0
3, 0
3, 0
3, 0
3, 0
3, 0
3, 0
3, 0
3, 0
3, 0
3, 0
3, 0
1, 0x8fb40
0, 0x53b30
0, 0x8fb60
2, 2
3, 0
3, 0
3, 0
3, 0
3, 0
3, 0
3, 0
3, 0
3, 0
3, 0
3, 0
3, 0
3, 0
3, 0
0, 0x53b50
0, 0x8fb80
0, 0x53b70
0, 0x8fba0
0, 0x53b90
0, 0x8fbc0
0, 0x53bb0
0, 0x8fbe0
1, 0x8fb60
0, 0x53b50
0, 0x8fb80
2, 2
3, 0
3, 0
3, 0
3, 0
3, 0
3, 0
3, 0
3, 0
3, 0
3, 0
3, 0
3, 0
3, 0
3, 0
1, 0x8fb80
0, 0x53b70
0, 0x8fba0
2, 2
3, 0
3, 0
3, 0
3, 0
3, 0
3, 0
3, 0
3, 0
3, 0
3, 0
3, 0
3, 0
3, 0
3, 0
1, 0x8fba0
0, 0x53b90
0, 0x8fbc0
2, 2
3, 0
3, 0
3, 0
3, 0
3, 0
3, 0
3, 0
3, 0
3, 0
3, 0
3, 0
3, 0
3, 0
3, 0
1, 0x8fbc0
0, 0x53bb0
0, 0x8fbe0
2, 2
3, 0
3, 0
3, 0
3, 0
3, 0
3, 0
3, 0
3, 0
3, 0
3, 0
3, 0
3, 0
3, 0
3, 0
0, 0x53bd0
0, 0x8fc00
0, 0x53bf0
0, 0x8fc20
0, 0x53c10
0, 0x8fc40
0, 0x53c30
0, 0x8fc60
1, 0x8fbe0
0, 0x53bd0
0, 0x8fc00
2, 2
3, 0
3, 0
3, 0
3, 0
3, 0
3, 0
3, 0
3, 0
3, 0
3, 0
3, 0
3, 0
3, 0
3, 0
1, 0x8fc00
0, 0x53bf0
0, 0x8fc20
2, 2
3, 0
3, 0
3, 0
3, 0
3, 0
3, 0
3, 0
3, 0
3, 0
3, 0
3, 0
3, 0
3, 0
3, 0
1, 0x8fc20
0, 0x53c10
0, 0x8fc40
2, 2
3, 0
3, 0
3, 0
3, 0
3, 0
3, 0
3, 0
3, 0
3, 0
3, 0
3, 0
3, 0
3, 0
3, 0
1, 0x8fc40
0, 0x53c30
0, 0x8fc60
2, 2
3, 0
3, 0
3, 0
3, 0
3, 0
3, 0
3, 0
3, 0
3, 0
3, 0
3, 0
3, 0
3, 0
3, 0
0, 0x53c50
0, 0x8fc80
0, 0x53c70
0, 0x8fca0
0, 0x53c90
0, 0x8fcc0
0, 0x53cb0
0, 0x8fce0
1, 0x8fc60
0, 0x53c50
0, 0x8fc80
2, 2
3, 0
3, 0
3, 0
3, 0
3, 0
3, 0
3, 0
3, 0
3, 0
3, 0
3, 0
3, 0
3, 0
3, 0
1, 0x8fc80
0, 0x53c70
0, 0x8fca0
2, 2
3, 0
3, 0
3, 0
3, 0
3, 0
3, 0
3, 0
3, 0
3, 0
3, 0
3, 0
3, 0
3, 0
3, 0
1, 0x8fca0
0, 0x53c90
0, 0x8fcc0
2, 2
3, 0
3, 0
3, 0
3, 0
3, 0
3, 0
3, 0
3, 0
3, 0
3, 0
3, 0
3, 0
3, 0
3, 0
1, 0x8fcc0
0, 0x53cb0
0, 0x8fce0
2, 2
3, 0
3, 0
3, 0
3, 0
3, 0
3, 0
3, 0
3, 0
3, 0
3, 0
3, 0
3, 0
3, 0
3, 0
0, 0x53cd0
0, 0x8fd00
0, 0x53cf0
0, 0x8fd20
0, 0x53d10
0, 0x8fd40
0, 0x53d30
0, 0x8fd60
1, 0x8fce0
0, 0x53cd0
0, 0x8fd00
2, 2
3, 0
3, 0
3, 0
3, 0
3, 0
3, 0
3, 0
3, 0
3, 0
3, 0
3, 0
3, 0
3, 0
3, 0
1, 0x8fd00
0, 0x53cf0
0, 0x8fd20
2, 2
3, 0
3, 0
3, 0
3, 0
3, 0
3, 0
3, 0
3, 0
3, 0
3, 0
3, 0
3, 0
3, 0
3, 0
1, 0x8fd20
0, 0x53d10
0, 0x8fd40
2, 2
3, 0
3, 0
3, 0
3, 0
3, 0
3, 0
3, 0
3, 0
3, 0
3, 0
3, 0
3, 0
3, 0
3, 0
1, 0x8fd40
0, 0x53d30
0, 0x8fd60
2, 2
3, 0
3, 0
3, 0
3, 0
3, 0
3, 0
3, 0
3, 0
3, 0
3, 0
3, 0
3, 0
3, 0
3, 0
0, 0x53d50
0, 0x8fd80
0, 0x53d70
0, 0x8fda0
0, 0x53d90
0, 0x8fdc0
0, 0x53db0
0, 0x8fde0
1, 0x8fd60
0, 0x53d50
0, 0x8fd80
2, 2
3, 0
3, 0
3, 0
3, 0
3, 0
3, 0
3, 0
3, 0
3, 0
3, 0
3, 0
3, 0
3, 0
3, 0
1, 0x8fd80
0, 0x53d70
0, 0x8fda0
2, 2
3, 0
3, 0
3, 0
3, 0
3, 0
3, 0
3, 0
3, 0
3, 0
3, 0
3, 0
3, 0
3, 0
3, 0
1, 0x8fda0
0, 0x53d90
0, 0x8fdc0
2, 2
3, 0
3, 0
3, 0
3, 0
3, 0
3, 0
3, 0
3, 0
3, 0
3, 0
3, 0
3, 0
3, 0
3, 0
1, 0x8fdc0
0, 0x53db0
0, 0x8fde0
2, 2
3, 0
3, 0
3, 0
3, 0
3, 0
3, 0
3, 0
3, 0
3, 0
3, 0
3, 0
3, 0
3, 0
3, 0
0, 0x53dd0
0, 0x8fe00
0, 0x53df0
0, 0x8fe20
0, 0x53e10
0, 0x8fe40
0, 0x53e30
0, 0x8fe60
1, 0x8fde0
0, 0x53dd0
0, 0x8fe00
2, 2
3, 0
3, 0
3, 0
3, 0
3, 0
3, 0
3, 0
3, 0
3, 0
3, 0
3, 0
3, 0
3, 0
3, 0
1, 0x8fe00
0, 0x53df0
0, 0x8fe20
2, 2
3, 0
3, 0
3, 0
3, 0
3, 0
3, 0
3, 0
3, 0
3, 0
3, 0
3, 0
3, 0
3, 0
3, 0
1, 0x8fe20
0, 0x53e10
0, 0x8fe40
2, 2
3, 0
3, 0
3, 0
3, 0
3, 0
3, 0
3, 0
3, 0
3, 0
3, 0
3, 0
3, 0
3, 0
3, 0
1, 0x8fe40
0, 0x53e30
0, 0x8fe60
2, 2
3, 0
3, 0
3, 0
3, 0
3, 0
3, 0
3, 0
3, 0
3, 0
3, 0
3, 0
3, 0
3, 0
3, 0
0, 0x53e50
0, 0x8fe80
0, 0x53e70
0, 0x8fea0
0, 0x53e90
0, 0x8fec0
0, 0x53eb0
0, 0x8fee0
1, 0x8fe60
0, 0x53e50
0, 0x8fe80
2, 2
3, 0
3, 0
3, 0
3, 0
3, 0
3, 0
3, 0
3, 0
3, 0
3, 0
3, 0
3, 0
3, 0
3, 0
1, 0x8fe80
0, 0x53e70
0, 0x8fea0
2, 2
3, 0
3, 0
3, 0
3, 0
3, 0
3, 0
3, 0
3, 0
3, 0
3, 0
3, 0
3, 0
3, 0
3, 0
1, 0x8fea0
0, 0x53e90
0, 0x8fec0
2, 2
3, 0
3, 0
3, 0
3, 0
3, 0
3, 0
3, 0
3, 0
3, 0
3, 0
3, 0
3, 0
3, 0
3, 0
1, 0x8fec0
0, 0x53eb0
0, 0x8fee0
2, 2
3, 0
3, 0
3, 0
3, 0
3, 0
3, 0
3, 0
3, 0
3, 0
3, 0
3, 0
3, 0
3, 0
3, 0
0, 0x53ed0
0, 0x8ff00
0, 0x53ef0
0, 0x8ff20
0, 0x53f10
0, 0x8ff40
0, 0x53f30
0, 0x8ff60
1, 0x8fee0
0, 0x53ed0
0, 0x8ff00
2, 2
3, 0
3, 0
3, 0
3, 0
3, 0
3, 0
3, 0
3, 0
3, 0
3, 0
3, 0
3, 0
3, 0
3, 0
1, 0x8ff00
0, 0x53ef0
0, 0x8ff20
2, 2
3, 0
3, 0
3, 0
3, 0
3, 0
3, 0
3, 0
3, 0
3, 0
3, 0
3, 0
3, 0
3, 0
3, 0
1, 0x8ff20
0, 0x53f10
0, 0x8ff40
2, 2
3, 0
3, 0
3, 0
3, 0
3, 0
3, 0
3, 0
3, 0
3, 0
3, 0
3, 0
3, 0
3, 0
3, 0
1, 0x8ff40
0, 0x53f30
0, 0x8ff60
2, 2
3, 0
3, 0
3, 0
3, 0
3, 0
3, 0
3, 0
3, 0
3, 0
3, 0
3, 0
3, 0
3, 0
3, 0
0, 0x53f50
0, 0x8ff80
0, 0x53f70
0, 0x8ffa0
0, 0x53f90
0, 0x8ffc0
0, 0x53fb0
0, 0x8ffe0
1, 0x8ff60
0, 0x53f50
0, 0x8ff80
2, 2
3, 0
3, 0
3, 0
3, 0
3, 0
3, 0
3, 0
3, 0
3, 0
3, 0
3, 0
3, 0
3, 0
3, 0
1, 0x8ff80
0, 0x53f70
0, 0x8ffa0
2, 2
3, 0
3, 0
3, 0
3, 0
3, 0
3, 0
3, 0
3, 0
3, 0
3, 0
3, 0
3, 0
3, 0
3, 0
1, 0x8ffa0
0, 0x53f90
0, 0x8ffc0
2, 2
3, 0
3, 0
3, 0
3, 0
3, 0
3, 0
3, 0
3, 0
3, 0
3, 0
3, 0
3, 0
3, 0
3, 0
1, 0x8ffc0
0, 0x53fb0
0, 0x8ffe0
2, 2
3, 0
3, 0
3, 0
3, 0
3, 0
3, 0
3, 0
3, 0
3, 0
3, 0
3, 0
3, 0
3, 0
3, 0
0, 0x53fd0
0, 0x90000
0, 0x53ff0
0, 0x90020
0, 0x54010
0, 0x90040
0, 0x54030
0, 0x90060
1, 0x8ffe0
0, 0x53fd0
0, 0x90000
2, 2
3, 0
3, 0
3, 0
3, 0
3, 0
3, 0
3, 0
3, 0
3, 0
3, 0
3, 0
3, 0
3, 0
3, 0
1, 0x90000
0, 0x53ff0
0, 0x90020
2, 2
3, 0
3, 0
3, 0
3, 0
3, 0
3, 0
3, 0
3, 0
3, 0
3, 0
3, 0
3, 0
3, 0
3, 0
1, 0x90020
0, 0x54010
0, 0x90040
2, 2
3, 0
3, 0
3, 0
3, 0
3, 0
3, 0
3, 0
3, 0
3, 0
3, 0
3, 0
3, 0
3, 0
3, 0
1, 0x90040
0, 0x54030
0, 0x90060
2, 2
3, 0
3, 0
3, 0
3, 0
3, 0
3, 0
3, 0
3, 0
3, 0
3, 0
3, 0
3, 0
3, 0
3, 0
0, 0x54050
0, 0x90080
0, 0x54070
0, 0x900a0
0, 0x54090
0, 0x900c0
0, 0x540b0
0, 0x900e0
1, 0x90060
0, 0x54050
0, 0x90080
2, 2
3, 0
3, 0
3, 0
3, 0
3, 0
3, 0
3, 0
3, 0
3, 0
3, 0
3, 0
3, 0
3, 0
3, 0
1, 0x90080
0, 0x54070
0, 0x900a0
2, 2
3, 0
3, 0
3, 0
3, 0
3, 0
3, 0
3, 0
3, 0
3, 0
3, 0
3, 0
3, 0
3, 0
3, 0
1, 0x900a0
0, 0x54090
0, 0x900c0
2, 2
3, 0
3, 0
3, 0
3, 0
3, 0
3, 0
3, 0
3, 0
3, 0
3, 0
3, 0
3, 0
3, 0
3, 0
1, 0x900c0
0, 0x540b0
0, 0x900e0
2, 2
3, 0
3, 0
3, 0
3, 0
3, 0
3, 0
3, 0
3, 0
3, 0
3, 0
3, 0
3, 0
3, 0
3, 0
0, 0x540d0
0, 0x90100
0, 0x540f0
0, 0x90120
0, 0x54110
0, 0x90140
0, 0x54130
0, 0x90160
1, 0x900e0
0, 0x540d0
0, 0x90100
2, 2
3, 0
3, 0
3, 0
3, 0
3, 0
3, 0
3, 0
3, 0
3, 0
3, 0
3, 0
3, 0
3, 0
3, 0
1, 0x90100
0, 0x540f0
0, 0x90120
2, 2
3, 0
3, 0
3, 0
3, 0
3, 0
3, 0
3, 0
3, 0
3, 0
3, 0
3, 0
3, 0
3, 0
3, 0
1, 0x90120
0, 0x54110
0, 0x90140
2, 2
3, 0
3, 0
3, 0
3, 0
3, 0
3, 0
3, 0
3, 0
3, 0
3, 0
3, 0
3, 0
3, 0
3, 0
1, 0x90140
0, 0x54130
0, 0x90160
2, 2
3, 0
3, 0
3, 0
3, 0
3, 0
3, 0
3, 0
3, 0
3, 0
3, 0
3, 0
3, 0
3, 0
3, 0
0, 0x54150
0, 0x90180
0, 0x54170
0, 0x901a0
0, 0x54190
0, 0x901c0
0, 0x541b0
0, 0x901e0
1, 0x90160
0, 0x54150
0, 0x90180
2, 2
3, 0
3, 0
3, 0
3, 0
3, 0
3, 0
3, 0
3, 0
3, 0
3, 0
3, 0
3, 0
3, 0
3, 0
1, 0x90180
0, 0x54170
0, 0x901a0
2, 2
3, 0
3, 0
3, 0
3, 0
3, 0
3, 0
3, 0
3, 0
3, 0
3, 0
3, 0
3, 0
3, 0
3, 0
1, 0x901a0
0, 0x54190
0, 0x901c0
2, 2
3, 0
3, 0
3, 0
3, 0
3, 0
3, 0
3, 0
3, 0
3, 0
3, 0
3, 0
3, 0
3, 0
3, 0
1, 0x901c0
0, 0x541b0
0, 0x901e0
2, 2
3, 0
3, 0
3, 0
3, 0
3, 0
3, 0
3, 0
3, 0
3, 0
3, 0
3, 0
3, 0
3, 0
3, 0
0, 0x541d0
0, 0x90200
0, 0x541f0
0, 0x90220
0, 0x54210
0, 0x90240
0, 0x54230
0, 0x90260
1, 0x901e0
0, 0x541d0
0, 0x90200
2, 2
3, 0
3, 0
3, 0
3, 0
3, 0
3, 0
3, 0
3, 0
3, 0
3, 0
3, 0
3, 0
3, 0
3, 0
1, 0x90200
0, 0x541f0
0, 0x90220
2, 2
3, 0
3, 0
3, 0
3, 0
3, 0
3, 0
3, 0
3, 0
3, 0
3, 0
3, 0
3, 0
3, 0
3, 0
1, 0x90220
0, 0x54210
0, 0x90240
2, 2
3, 0
3, 0
3, 0
3, 0
3, 0
3, 0
3, 0
3, 0
3, 0
3, 0
3, 0
3, 0
3, 0
3, 0
1, 0x90240
0, 0x54230
0, 0x90260
2, 2
3, 0
3, 0
3, 0
3, 0
3, 0
3, 0
3, 0
3, 0
3, 0
3, 0
3, 0
3, 0
3, 0
3, 0
0, 0x54250
0, 0x90280
0, 0x54270
0, 0x902a0
0, 0x54290
0, 0x902c0
0, 0x542b0
0, 0x902e0
1, 0x90260
0, 0x54250
0, 0x90280
2, 2
3, 0
3, 0
3, 0
3, 0
3, 0
3, 0
3, 0
3, 0
3, 0
3, 0
3, 0
3, 0
3, 0
3, 0
1, 0x90280
0, 0x54270
0, 0x902a0
2, 2
3, 0
3, 0
3, 0
3, 0
3, 0
3, 0
3, 0
3, 0
3, 0
3, 0
3, 0
3, 0
3, 0
3, 0
1, 0x902a0
0, 0x54290
0, 0x902c0
2, 2
3, 0
3, 0
3, 0
3, 0
3, 0
3, 0
3, 0
3, 0
3, 0
3, 0
3, 0
3, 0
3, 0
3, 0
1, 0x902c0
0, 0x542b0
0, 0x902e0
2, 2
3, 0
3, 0
3, 0
3, 0
3, 0
3, 0
3, 0
3, 0
3, 0
3, 0
3, 0
3, 0
3, 0
3, 0
0, 0x542d0
0, 0x90300
0, 0x542f0
0, 0x90320
0, 0x54310
0, 0x90340
0, 0x54330
0, 0x90360
1, 0x902e0
0, 0x542d0
0, 0x90300
2, 2
3, 0
3, 0
3, 0
3, 0
3, 0
3, 0
3, 0
3, 0
3, 0
3, 0
3, 0
3, 0
3, 0
3, 0
1, 0x90300
0, 0x542f0
0, 0x90320
2, 2
3, 0
3, 0
3, 0
3, 0
3, 0
3, 0
3, 0
3, 0
3, 0
3, 0
3, 0
3, 0
3, 0
3, 0
1, 0x90320
0, 0x54310
0, 0x90340
2, 2
3, 0
3, 0
3, 0
3, 0
3, 0
3, 0
3, 0
3, 0
3, 0
3, 0
3, 0
3, 0
3, 0
3, 0
1, 0x90340
0, 0x54330
0, 0x90360
2, 2
3, 0
3, 0
3, 0
3, 0
3, 0
3, 0
3, 0
3, 0
3, 0
3, 0
3, 0
3, 0
3, 0
3, 0
0, 0x54350
0, 0x90380
0, 0x54370
0, 0x903a0
0, 0x54390
0, 0x903c0
0, 0x543b0
0, 0x903e0
1, 0x90360
0, 0x54350
0, 0x90380
2, 2
3, 0
3, 0
3, 0
3, 0
3, 0
3, 0
3, 0
3, 0
3, 0
3, 0
3, 0
3, 0
3, 0
3, 0
1, 0x90380
0, 0x54370
0, 0x903a0
2, 2
3, 0
3, 0
3, 0
3, 0
3, 0
3, 0
3, 0
3, 0
3, 0
3, 0
3, 0
3, 0
3, 0
3, 0
1, 0x903a0
0, 0x54390
0, 0x903c0
2, 2
3, 0
3, 0
3, 0
3, 0
3, 0
3, 0
3, 0
3, 0
3, 0
3, 0
3, 0
3, 0
3, 0
3, 0
1, 0x903c0
0, 0x543b0
0, 0x903e0
2, 2
3, 0
3, 0
3, 0
3, 0
3, 0
3, 0
3, 0
3, 0
3, 0
3, 0
3, 0
3, 0
3, 0
3, 0
0, 0x543d0
0, 0x90400
0, 0x543f0
0, 0x90420
0, 0x54410
0, 0x90440
0, 0x54430
0, 0x90460
1, 0x903e0
0, 0x543d0
0, 0x90400
2, 2
3, 0
3, 0
3, 0
3, 0
3, 0
3, 0
3, 0
3, 0
3, 0
3, 0
3, 0
3, 0
3, 0
3, 0
1, 0x90400
0, 0x543f0
0, 0x90420
2, 2
3, 0
3, 0
3, 0
3, 0
3, 0
3, 0
3, 0
3, 0
3, 0
3, 0
3, 0
3, 0
3, 0
3, 0
1, 0x90420
0, 0x54410
0, 0x90440
2, 2
3, 0
3, 0
3, 0
3, 0
3, 0
3, 0
3, 0
3, 0
3, 0
3, 0
3, 0
3, 0
3, 0
3, 0
1, 0x90440
0, 0x54430
0, 0x90460
2, 2
3, 0
3, 0
3, 0
3, 0
3, 0
3, 0
3, 0
3, 0
3, 0
3, 0
3, 0
3, 0
3, 0
3, 0
0, 0x54450
0, 0x90480
0, 0x54470
0, 0x904a0
0, 0x54490
0, 0x904c0
0, 0x544b0
0, 0x904e0
1, 0x90460
0, 0x54450
0, 0x90480
2, 2
3, 0
3, 0
3, 0
3, 0
3, 0
3, 0
3, 0
3, 0
3, 0
3, 0
3, 0
3, 0
3, 0
3, 0
1, 0x90480
0, 0x54470
0, 0x904a0
2, 2
3, 0
3, 0
3, 0
3, 0
3, 0
3, 0
3, 0
3, 0
3, 0
3, 0
3, 0
3, 0
3, 0
3, 0
1, 0x904a0
0, 0x54490
0, 0x904c0
2, 2
3, 0
3, 0
3, 0
3, 0
3, 0
3, 0
3, 0
3, 0
3, 0
3, 0
3, 0
3, 0
3, 0
3, 0
1, 0x904c0
0, 0x544b0
0, 0x904e0
2, 2
3, 0
3, 0
3, 0
3, 0
3, 0
3, 0
3, 0
3, 0
3, 0
3, 0
3, 0
3, 0
3, 0
3, 0
0, 0x544d0
0, 0x90500
0, 0x544f0
0, 0x90520
0, 0x54510
0, 0x90540
0, 0x54530
0, 0x90560
1, 0x904e0
0, 0x544d0
0, 0x90500
2, 2
3, 0
3, 0
3, 0
3, 0
3, 0
3, 0
3, 0
3, 0
3, 0
3, 0
3, 0
3, 0
3, 0
3, 0
1, 0x90500
0, 0x544f0
0, 0x90520
2, 2
3, 0
3, 0
3, 0
3, 0
3, 0
3, 0
3, 0
3, 0
3, 0
3, 0
3, 0
3, 0
3, 0
3, 0
1, 0x90520
0, 0x54510
0, 0x90540
2, 2
3, 0
3, 0
3, 0
3, 0
3, 0
3, 0
3, 0
3, 0
3, 0
3, 0
3, 0
3, 0
3, 0
3, 0
1, 0x90540
0, 0x54530
0, 0x90560
2, 2
3, 0
3, 0
3, 0
3, 0
3, 0
3, 0
3, 0
3, 0
3, 0
3, 0
3, 0
3, 0
3, 0
3, 0
0, 0x54550
0, 0x90580
0, 0x54570
0, 0x905a0
0, 0x54590
0, 0x905c0
0, 0x545b0
0, 0x905e0
1, 0x90560
0, 0x54550
0, 0x90580
2, 2
3, 0
3, 0
3, 0
3, 0
3, 0
3, 0
3, 0
3, 0
3, 0
3, 0
3, 0
3, 0
3, 0
3, 0
1, 0x90580
0, 0x54570
0, 0x905a0
2, 2
3, 0
3, 0
3, 0
3, 0
3, 0
3, 0
3, 0
3, 0
3, 0
3, 0
3, 0
3, 0
3, 0
3, 0
1, 0x905a0
0, 0x54590
0, 0x905c0
2, 2
3, 0
3, 0
3, 0
3, 0
3, 0
3, 0
3, 0
3, 0
3, 0
3, 0
3, 0
3, 0
3, 0
3, 0
1, 0x905c0
0, 0x545b0
0, 0x905e0
2, 2
3, 0
3, 0
3, 0
3, 0
3, 0
3, 0
3, 0
3, 0
3, 0
3, 0
3, 0
3, 0
3, 0
3, 0
0, 0x545d0
0, 0x90600
0, 0x545f0
0, 0x90620
0, 0x54610
0, 0x90640
0, 0x54630
0, 0x90660
1, 0x905e0
0, 0x545d0
0, 0x90600
2, 2
3, 0
3, 0
3, 0
3, 0
3, 0
3, 0
3, 0
3, 0
3, 0
3, 0
3, 0
3, 0
3, 0
3, 0
1, 0x90600
0, 0x545f0
0, 0x90620
2, 2
3, 0
3, 0
3, 0
3, 0
3, 0
3, 0
3, 0
3, 0
3, 0
3, 0
3, 0
3, 0
3, 0
3, 0
1, 0x90620
0, 0x54610
0, 0x90640
2, 2
3, 0
3, 0
3, 0
3, 0
3, 0
3, 0
3, 0
3, 0
3, 0
3, 0
3, 0
3, 0
3, 0
3, 0
1, 0x90640
0, 0x54630
0, 0x90660
2, 2
3, 0
3, 0
3, 0
3, 0
3, 0
3, 0
3, 0
3, 0
3, 0
3, 0
3, 0
3, 0
3, 0
3, 0
0, 0x54650
0, 0x90680
0, 0x54670
0, 0x906a0
0, 0x54690
0, 0x906c0
0, 0x546b0
0, 0x906e0
1, 0x90660
0, 0x54650
0, 0x90680
2, 2
3, 0
3, 0
3, 0
3, 0
3, 0
3, 0
3, 0
3, 0
3, 0
3, 0
3, 0
3, 0
3, 0
3, 0
1, 0x90680
0, 0x54670
0, 0x906a0
2, 2
3, 0
3, 0
3, 0
3, 0
3, 0
3, 0
3, 0
3, 0
3, 0
3, 0
3, 0
3, 0
3, 0
3, 0
1, 0x906a0
0, 0x54690
0, 0x906c0
2, 2
3, 0
3, 0
3, 0
3, 0
3, 0
3, 0
3, 0
3, 0
3, 0
3, 0
3, 0
3, 0
3, 0
3, 0
1, 0x906c0
0, 0x546b0
0, 0x906e0
2, 2
3, 0
3, 0
3, 0
3, 0
3, 0
3, 0
3, 0
3, 0
3, 0
3, 0
3, 0
3, 0
3, 0
3, 0
0, 0x546d0
0, 0x90700
0, 0x546f0
0, 0x90720
0, 0x54710
0, 0x90740
0, 0x54730
0, 0x90760
1, 0x906e0
0, 0x546d0
0, 0x90700
2, 2
3, 0
3, 0
3, 0
3, 0
3, 0
3, 0
3, 0
3, 0
3, 0
3, 0
3, 0
3, 0
3, 0
3, 0
1, 0x90700
0, 0x546f0
0, 0x90720
2, 2
3, 0
3, 0
3, 0
3, 0
3, 0
3, 0
3, 0
3, 0
3, 0
3, 0
3, 0
3, 0
3, 0
3, 0
1, 0x90720
0, 0x54710
0, 0x90740
2, 2
3, 0
3, 0
3, 0
3, 0
3, 0
3, 0
3, 0
3, 0
3, 0
3, 0
3, 0
3, 0
3, 0
3, 0
1, 0x90740
0, 0x54730
0, 0x90760
2, 2
3, 0
3, 0
3, 0
3, 0
3, 0
3, 0
3, 0
3, 0
3, 0
3, 0
3, 0
3, 0
3, 0
3, 0
0, 0x54750
0, 0x90780
0, 0x54770
0, 0x907a0
0, 0x54790
0, 0x907c0
0, 0x547b0
0, 0x907e0
1, 0x90760
0, 0x54750
0, 0x90780
2, 2
3, 0
3, 0
3, 0
3, 0
3, 0
3, 0
3, 0
3, 0
3, 0
3, 0
3, 0
3, 0
3, 0
3, 0
1, 0x90780
0, 0x54770
0, 0x907a0
2, 2
3, 0
3, 0
3, 0
3, 0
3, 0
3, 0
3, 0
3, 0
3, 0
3, 0
3, 0
3, 0
3, 0
3, 0
1, 0x907a0
0, 0x54790
0, 0x907c0
2, 2
3, 0
3, 0
3, 0
3, 0
3, 0
3, 0
3, 0
3, 0
3, 0
3, 0
3, 0
3, 0
3, 0
3, 0
1, 0x907c0
0, 0x547b0
0, 0x907e0
2, 2
3, 0
3, 0
3, 0
3, 0
3, 0
3, 0
3, 0
3, 0
3, 0
3, 0
3, 0
3, 0
3, 0
3, 0
0, 0x547d0
0, 0x90800
0, 0x547f0
0, 0x90820
0, 0x54810
0, 0x90840
0, 0x54830
0, 0x90860
1, 0x907e0
0, 0x547d0
0, 0x90800
2, 2
3, 0
3, 0
3, 0
3, 0
3, 0
3, 0
3, 0
3, 0
3, 0
3, 0
3, 0
3, 0
3, 0
3, 0
1, 0x90800
0, 0x547f0
0, 0x90820
2, 2
3, 0
3, 0
3, 0
3, 0
3, 0
3, 0
3, 0
3, 0
3, 0
3, 0
3, 0
3, 0
3, 0
3, 0
1, 0x90820
0, 0x54810
0, 0x90840
2, 2
3, 0
3, 0
3, 0
3, 0
3, 0
3, 0
3, 0
3, 0
3, 0
3, 0
3, 0
3, 0
3, 0
3, 0
1, 0x90840
0, 0x54830
0, 0x90860
2, 2
3, 0
3, 0
3, 0
3, 0
3, 0
3, 0
3, 0
3, 0
3, 0
3, 0
3, 0
3, 0
3, 0
3, 0
0, 0x54850
0, 0x90880
0, 0x54870
0, 0x908a0
0, 0x54890
0, 0x908c0
0, 0x548b0
0, 0x908e0
1, 0x90860
0, 0x54850
0, 0x90880
2, 2
3, 0
3, 0
3, 0
3, 0
3, 0
3, 0
3, 0
3, 0
3, 0
3, 0
3, 0
3, 0
3, 0
3, 0
1, 0x90880
0, 0x54870
0, 0x908a0
2, 2
3, 0
3, 0
3, 0
3, 0
3, 0
3, 0
3, 0
3, 0
3, 0
3, 0
3, 0
3, 0
3, 0
3, 0
1, 0x908a0
0, 0x54890
0, 0x908c0
2, 2
3, 0
3, 0
3, 0
3, 0
3, 0
3, 0
3, 0
3, 0
3, 0
3, 0
3, 0
3, 0
3, 0
3, 0
1, 0x908c0
0, 0x548b0
0, 0x908e0
2, 2
3, 0
3, 0
3, 0
3, 0
3, 0
3, 0
3, 0
3, 0
3, 0
3, 0
3, 0
3, 0
3, 0
3, 0
0, 0x548d0
0, 0x90900
0, 0x548f0
0, 0x90920
0, 0x54910
0, 0x90940
0, 0x54930
0, 0x90960
1, 0x908e0
0, 0x548d0
0, 0x90900
2, 2
3, 0
3, 0
3, 0
3, 0
3, 0
3, 0
3, 0
3, 0
3, 0
3, 0
3, 0
3, 0
3, 0
3, 0
1, 0x90900
0, 0x548f0
0, 0x90920
2, 2
3, 0
3, 0
3, 0
3, 0
3, 0
3, 0
3, 0
3, 0
3, 0
3, 0
3, 0
3, 0
3, 0
3, 0
1, 0x90920
0, 0x54910
0, 0x90940
2, 2
3, 0
3, 0
3, 0
3, 0
3, 0
3, 0
3, 0
3, 0
3, 0
3, 0
3, 0
3, 0
3, 0
3, 0
1, 0x90940
0, 0x54930
0, 0x90960
2, 2
3, 0
3, 0
3, 0
3, 0
3, 0
3, 0
3, 0
3, 0
3, 0
3, 0
3, 0
3, 0
3, 0
3, 0
0, 0x54950
0, 0x90980
0, 0x54970
0, 0x909a0
0, 0x54990
0, 0x909c0
0, 0x549b0
0, 0x909e0
1, 0x90960
0, 0x54950
0, 0x90980
2, 2
3, 0
3, 0
3, 0
3, 0
3, 0
3, 0
3, 0
3, 0
3, 0
3, 0
3, 0
3, 0
3, 0
3, 0
1, 0x90980
0, 0x54970
0, 0x909a0
2, 2
3, 0
3, 0
3, 0
3, 0
3, 0
3, 0
3, 0
3, 0
3, 0
3, 0
3, 0
3, 0
3, 0
3, 0
1, 0x909a0
0, 0x54990
0, 0x909c0
2, 2
3, 0
3, 0
3, 0
3, 0
3, 0
3, 0
3, 0
3, 0
3, 0
3, 0
3, 0
3, 0
3, 0
3, 0
1, 0x909c0
0, 0x549b0
0, 0x909e0
2, 2
3, 0
3, 0
3, 0
3, 0
3, 0
3, 0
3, 0
3, 0
3, 0
3, 0
3, 0
3, 0
3, 0
3, 0
0, 0x549d0
0, 0x90a00
0, 0x549f0
0, 0x90a20
0, 0x54a10
0, 0x90a40
0, 0x54a30
0, 0x90a60
1, 0x909e0
0, 0x549d0
0, 0x90a00
2, 2
3, 0
3, 0
3, 0
3, 0
3, 0
3, 0
3, 0
3, 0
3, 0
3, 0
3, 0
3, 0
3, 0
3, 0
1, 0x90a00
0, 0x549f0
0, 0x90a20
2, 2
3, 0
3, 0
3, 0
3, 0
3, 0
3, 0
3, 0
3, 0
3, 0
3, 0
3, 0
3, 0
3, 0
3, 0
1, 0x90a20
0, 0x54a10
0, 0x90a40
2, 2
3, 0
3, 0
3, 0
3, 0
3, 0
3, 0
3, 0
3, 0
3, 0
3, 0
3, 0
3, 0
3, 0
3, 0
1, 0x90a40
0, 0x54a30
0, 0x90a60
2, 2
3, 0
3, 0
3, 0
3, 0
3, 0
3, 0
3, 0
3, 0
3, 0
3, 0
3, 0
3, 0
3, 0
3, 0
0, 0x54a50
0, 0x90a80
0, 0x54a70
0, 0x90aa0
0, 0x54a90
0, 0x90ac0
0, 0x54ab0
0, 0x90ae0
1, 0x90a60
0, 0x54a50
0, 0x90a80
2, 2
3, 0
3, 0
3, 0
3, 0
3, 0
3, 0
3, 0
3, 0
3, 0
3, 0
3, 0
3, 0
3, 0
3, 0
1, 0x90a80
0, 0x54a70
0, 0x90aa0
2, 2
3, 0
3, 0
3, 0
3, 0
3, 0
3, 0
3, 0
3, 0
3, 0
3, 0
3, 0
3, 0
3, 0
3, 0
1, 0x90aa0
0, 0x54a90
0, 0x90ac0
2, 2
3, 0
3, 0
3, 0
3, 0
3, 0
3, 0
3, 0
3, 0
3, 0
3, 0
3, 0
3, 0
3, 0
3, 0
1, 0x90ac0
0, 0x54ab0
0, 0x90ae0
2, 2
3, 0
3, 0
3, 0
3, 0
3, 0
3, 0
3, 0
3, 0
3, 0
3, 0
3, 0
3, 0
3, 0
3, 0
0, 0x54ad0
0, 0x90b00
0, 0x54af0
0, 0x90b20
0, 0x54b10
0, 0x90b40
0, 0x54b30
0, 0x90b60
1, 0x90ae0
0, 0x54ad0
0, 0x90b00
2, 2
3, 0
3, 0
3, 0
3, 0
3, 0
3, 0
3, 0
3, 0
3, 0
3, 0
3, 0
3, 0
3, 0
3, 0
1, 0x90b00
0, 0x54af0
0, 0x90b20
2, 2
3, 0
3, 0
3, 0
3, 0
3, 0
3, 0
3, 0
3, 0
3, 0
3, 0
3, 0
3, 0
3, 0
3, 0
1, 0x90b20
0, 0x54b10
0, 0x90b40
2, 2
3, 0
3, 0
3, 0
3, 0
3, 0
3, 0
3, 0
3, 0
3, 0
3, 0
3, 0
3, 0
3, 0
3, 0
1, 0x90b40
0, 0x54b30
0, 0x90b60
2, 2
3, 0
3, 0
3, 0
3, 0
3, 0
3, 0
3, 0
3, 0
3, 0
3, 0
3, 0
3, 0
3, 0
3, 0
0, 0x54b50
0, 0x90b80
0, 0x54b70
0, 0x90ba0
0, 0x54b90
0, 0x90bc0
0, 0x54bb0
0, 0x90be0
1, 0x90b60
0, 0x54b50
0, 0x90b80
2, 2
3, 0
3, 0
3, 0
3, 0
3, 0
3, 0
3, 0
3, 0
3, 0
3, 0
3, 0
3, 0
3, 0
3, 0
1, 0x90b80
0, 0x54b70
0, 0x90ba0
2, 2
3, 0
3, 0
3, 0
3, 0
3, 0
3, 0
3, 0
3, 0
3, 0
3, 0
3, 0
3, 0
3, 0
3, 0
1, 0x90ba0
0, 0x54b90
0, 0x90bc0
2, 2
3, 0
3, 0
3, 0
3, 0
3, 0
3, 0
3, 0
3, 0
3, 0
3, 0
3, 0
3, 0
3, 0
3, 0
1, 0x90bc0
0, 0x54bb0
0, 0x90be0
2, 2
3, 0
3, 0
3, 0
3, 0
3, 0
3, 0
3, 0
3, 0
3, 0
3, 0
3, 0
3, 0
3, 0
3, 0
0, 0x54bd0
0, 0x90c00
0, 0x54bf0
0, 0x90c20
0, 0x54c10
0, 0x90c40
0, 0x54c30
0, 0x90c60
1, 0x90be0
0, 0x54bd0
0, 0x90c00
2, 2
3, 0
3, 0
3, 0
3, 0
3, 0
3, 0
3, 0
3, 0
3, 0
3, 0
3, 0
3, 0
3, 0
3, 0
1, 0x90c00
0, 0x54bf0
0, 0x90c20
2, 2
3, 0
3, 0
3, 0
3, 0
3, 0
3, 0
3, 0
3, 0
3, 0
3, 0
3, 0
3, 0
3, 0
3, 0
1, 0x90c20
0, 0x54c10
0, 0x90c40
2, 2
3, 0
3, 0
3, 0
3, 0
3, 0
3, 0
3, 0
3, 0
3, 0
3, 0
3, 0
3, 0
3, 0
3, 0
1, 0x90c40
0, 0x54c30
0, 0x90c60
2, 2
3, 0
3, 0
3, 0
3, 0
3, 0
3, 0
3, 0
3, 0
3, 0
3, 0
3, 0
3, 0
3, 0
3, 0
0, 0x54c50
0, 0x90c80
0, 0x54c70
0, 0x90ca0
0, 0x54c90
0, 0x90cc0
0, 0x54cb0
0, 0x90ce0
1, 0x90c60
0, 0x54c50
0, 0x90c80
2, 2
3, 0
3, 0
3, 0
3, 0
3, 0
3, 0
3, 0
3, 0
3, 0
3, 0
3, 0
3, 0
3, 0
3, 0
1, 0x90c80
0, 0x54c70
0, 0x90ca0
2, 2
3, 0
3, 0
3, 0
3, 0
3, 0
3, 0
3, 0
3, 0
3, 0
3, 0
3, 0
3, 0
3, 0
3, 0
1, 0x90ca0
0, 0x54c90
0, 0x90cc0
2, 2
3, 0
3, 0
3, 0
3, 0
3, 0
3, 0
3, 0
3, 0
3, 0
3, 0
3, 0
3, 0
3, 0
3, 0
1, 0x90cc0
0, 0x54cb0
0, 0x90ce0
2, 2
3, 0
3, 0
3, 0
3, 0
3, 0
3, 0
3, 0
3, 0
3, 0
3, 0
3, 0
3, 0
3, 0
3, 0
0, 0x54cd0
0, 0x90d00
0, 0x54cf0
0, 0x90d20
0, 0x54d10
0, 0x90d40
0, 0x54d30
0, 0x90d60
1, 0x90ce0
0, 0x54cd0
0, 0x90d00
2, 2
3, 0
3, 0
3, 0
3, 0
3, 0
3, 0
3, 0
3, 0
3, 0
3, 0
3, 0
3, 0
3, 0
3, 0
1, 0x90d00
0, 0x54cf0
0, 0x90d20
2, 2
3, 0
3, 0
3, 0
3, 0
3, 0
3, 0
3, 0
3, 0
3, 0
3, 0
3, 0
3, 0
3, 0
3, 0
1, 0x90d20
0, 0x54d10
0, 0x90d40
2, 2
3, 0
3, 0
3, 0
3, 0
3, 0
3, 0
3, 0
3, 0
3, 0
3, 0
3, 0
3, 0
3, 0
3, 0
1, 0x90d40
0, 0x54d30
0, 0x90d60
2, 2
3, 0
3, 0
3, 0
3, 0
3, 0
3, 0
3, 0
3, 0
3, 0
3, 0
3, 0
3, 0
3, 0
3, 0
0, 0x54d50
0, 0x90d80
0, 0x54d70
0, 0x90da0
0, 0x54d90
0, 0x90dc0
0, 0x54db0
0, 0x90de0
1, 0x90d60
0, 0x54d50
0, 0x90d80
2, 2
3, 0
3, 0
3, 0
3, 0
3, 0
3, 0
3, 0
3, 0
3, 0
3, 0
3, 0
3, 0
3, 0
3, 0
1, 0x90d80
0, 0x54d70
0, 0x90da0
2, 2
3, 0
3, 0
3, 0
3, 0
3, 0
3, 0
3, 0
3, 0
3, 0
3, 0
3, 0
3, 0
3, 0
3, 0
1, 0x90da0
0, 0x54d90
0, 0x90dc0
2, 2
3, 0
3, 0
3, 0
3, 0
3, 0
3, 0
3, 0
3, 0
3, 0
3, 0
3, 0
3, 0
3, 0
3, 0
1, 0x90dc0
0, 0x54db0
0, 0x90de0
2, 2
3, 0
3, 0
3, 0
3, 0
3, 0
3, 0
3, 0
3, 0
3, 0
3, 0
3, 0
3, 0
3, 0
3, 0
0, 0x54dd0
0, 0x90e00
0, 0x54df0
0, 0x90e20
0, 0x54e10
0, 0x90e40
0, 0x54e30
0, 0x90e60
1, 0x90de0
0, 0x54dd0
0, 0x90e00
2, 2
3, 0
3, 0
3, 0
3, 0
3, 0
3, 0
3, 0
3, 0
3, 0
3, 0
3, 0
3, 0
3, 0
3, 0
1, 0x90e00
0, 0x54df0
0, 0x90e20
2, 2
3, 0
3, 0
3, 0
3, 0
3, 0
3, 0
3, 0
3, 0
3, 0
3, 0
3, 0
3, 0
3, 0
3, 0
1, 0x90e20
0, 0x54e10
0, 0x90e40
2, 2
3, 0
3, 0
3, 0
3, 0
3, 0
3, 0
3, 0
3, 0
3, 0
3, 0
3, 0
3, 0
3, 0
3, 0
1, 0x90e40
0, 0x54e30
0, 0x90e60
2, 2
3, 0
3, 0
3, 0
3, 0
3, 0
3, 0
3, 0
3, 0
3, 0
3, 0
3, 0
3, 0
3, 0
3, 0
0, 0x54e50
0, 0x90e80
0, 0x54e70
0, 0x90ea0
0, 0x54e90
0, 0x90ec0
0, 0x54eb0
0, 0x90ee0
1, 0x90e60
0, 0x54e50
0, 0x90e80
2, 2
3, 0
3, 0
3, 0
3, 0
3, 0
3, 0
3, 0
3, 0
3, 0
3, 0
3, 0
3, 0
3, 0
3, 0
1, 0x90e80
0, 0x54e70
0, 0x90ea0
2, 2
3, 0
3, 0
3, 0
3, 0
3, 0
3, 0
3, 0
3, 0
3, 0
3, 0
3, 0
3, 0
3, 0
3, 0
1, 0x90ea0
0, 0x54e90
0, 0x90ec0
2, 2
3, 0
3, 0
3, 0
3, 0
3, 0
3, 0
3, 0
3, 0
3, 0
3, 0
3, 0
3, 0
3, 0
3, 0
1, 0x90ec0
0, 0x54eb0
0, 0x90ee0
2, 2
3, 0
3, 0
3, 0
3, 0
3, 0
3, 0
3, 0
3, 0
3, 0
3, 0
3, 0
3, 0
3, 0
3, 0
0, 0x54ed0
0, 0x90f00
0, 0x54ef0
0, 0x90f20
0, 0x54f10
0, 0x90f40
0, 0x54f30
0, 0x90f60
1, 0x90ee0
0, 0x54ed0
0, 0x90f00
2, 2
3, 0
3, 0
3, 0
3, 0
3, 0
3, 0
3, 0
3, 0
3, 0
3, 0
3, 0
3, 0
3, 0
3, 0
1, 0x90f00
0, 0x54ef0
0, 0x90f20
2, 2
3, 0
3, 0
3, 0
3, 0
3, 0
3, 0
3, 0
3, 0
3, 0
3, 0
3, 0
3, 0
3, 0
3, 0
1, 0x90f20
0, 0x54f10
0, 0x90f40
2, 2
3, 0
3, 0
3, 0
3, 0
3, 0
3, 0
3, 0
3, 0
3, 0
3, 0
3, 0
3, 0
3, 0
3, 0
1, 0x90f40
0, 0x54f30
0, 0x90f60
2, 2
3, 0
3, 0
3, 0
3, 0
3, 0
3, 0
3, 0
3, 0
3, 0
3, 0
3, 0
3, 0
3, 0
3, 0
0, 0x54f50
0, 0x90f80
0, 0x54f70
0, 0x90fa0
0, 0x54f90
0, 0x90fc0
0, 0x54fb0
0, 0x90fe0
1, 0x90f60
0, 0x54f50
0, 0x90f80
2, 2
3, 0
3, 0
3, 0
3, 0
3, 0
3, 0
3, 0
3, 0
3, 0
3, 0
3, 0
3, 0
3, 0
3, 0
1, 0x90f80
0, 0x54f70
0, 0x90fa0
2, 2
3, 0
3, 0
3, 0
3, 0
3, 0
3, 0
3, 0
3, 0
3, 0
3, 0
3, 0
3, 0
3, 0
3, 0
1, 0x90fa0
0, 0x54f90
0, 0x90fc0
2, 2
3, 0
3, 0
3, 0
3, 0
3, 0
3, 0
3, 0
3, 0
3, 0
3, 0
3, 0
3, 0
3, 0
3, 0
1, 0x90fc0
0, 0x54fb0
0, 0x90fe0
2, 2
3, 0
3, 0
3, 0
3, 0
3, 0
3, 0
3, 0
3, 0
3, 0
3, 0
3, 0
3, 0
3, 0
3, 0
0, 0x54fd0
0, 0x91000
0, 0x54ff0
0, 0x91020
0, 0x55010
0, 0x91040
0, 0x55030
0, 0x91060
1, 0x90fe0
0, 0x54fd0
0, 0x91000
2, 2
3, 0
3, 0
3, 0
3, 0
3, 0
3, 0
3, 0
3, 0
3, 0
3, 0
3, 0
3, 0
3, 0
3, 0
1, 0x91000
0, 0x54ff0
0, 0x91020
2, 2
3, 0
3, 0
3, 0
3, 0
3, 0
3, 0
3, 0
3, 0
3, 0
3, 0
3, 0
3, 0
3, 0
3, 0
1, 0x91020
0, 0x55010
0, 0x91040
2, 2
3, 0
3, 0
3, 0
3, 0
3, 0
3, 0
3, 0
3, 0
3, 0
3, 0
3, 0
3, 0
3, 0
3, 0
1, 0x91040
0, 0x55030
0, 0x91060
2, 2
3, 0
3, 0
3, 0
3, 0
3, 0
3, 0
3, 0
3, 0
3, 0
3, 0
3, 0
3, 0
3, 0
3, 0
0, 0x55050
0, 0x91080
0, 0x55070
0, 0x910a0
0, 0x55090
0, 0x910c0
0, 0x550b0
0, 0x910e0
1, 0x91060
0, 0x55050
0, 0x91080
2, 2
3, 0
3, 0
3, 0
3, 0
3, 0
3, 0
3, 0
3, 0
3, 0
3, 0
3, 0
3, 0
3, 0
3, 0
1, 0x91080
0, 0x55070
0, 0x910a0
2, 2
3, 0
3, 0
3, 0
3, 0
3, 0
3, 0
3, 0
3, 0
3, 0
3, 0
3, 0
3, 0
3, 0
3, 0
1, 0x910a0
0, 0x55090
0, 0x910c0
2, 2
3, 0
3, 0
3, 0
3, 0
3, 0
3, 0
3, 0
3, 0
3, 0
3, 0
3, 0
3, 0
3, 0
3, 0
1, 0x910c0
0, 0x550b0
0, 0x910e0
2, 2
3, 0
3, 0
3, 0
3, 0
3, 0
3, 0
3, 0
3, 0
3, 0
3, 0
3, 0
3, 0
3, 0
3, 0
0, 0x550d0
0, 0x91100
0, 0x550f0
0, 0x91120
0, 0x55110
0, 0x91140
0, 0x55130
0, 0x91160
1, 0x910e0
0, 0x550d0
0, 0x91100
2, 2
3, 0
3, 0
3, 0
3, 0
3, 0
3, 0
3, 0
3, 0
3, 0
3, 0
3, 0
3, 0
3, 0
3, 0
1, 0x91100
0, 0x550f0
0, 0x91120
2, 2
3, 0
3, 0
3, 0
3, 0
3, 0
3, 0
3, 0
3, 0
3, 0
3, 0
3, 0
3, 0
3, 0
3, 0
1, 0x91120
0, 0x55110
0, 0x91140
2, 2
3, 0
3, 0
3, 0
3, 0
3, 0
3, 0
3, 0
3, 0
3, 0
3, 0
3, 0
3, 0
3, 0
3, 0
1, 0x91140
0, 0x55130
0, 0x91160
2, 2
3, 0
3, 0
3, 0
3, 0
3, 0
3, 0
3, 0
3, 0
3, 0
3, 0
3, 0
3, 0
3, 0
3, 0
0, 0x55150
0, 0x91180
0, 0x55170
0, 0x911a0
0, 0x55190
0, 0x911c0
0, 0x551b0
0, 0x911e0
1, 0x91160
0, 0x55150
0, 0x91180
2, 2
3, 0
3, 0
3, 0
3, 0
3, 0
3, 0
3, 0
3, 0
3, 0
3, 0
3, 0
3, 0
3, 0
3, 0
1, 0x91180
0, 0x55170
0, 0x911a0
2, 2
3, 0
3, 0
3, 0
3, 0
3, 0
3, 0
3, 0
3, 0
3, 0
3, 0
3, 0
3, 0
3, 0
3, 0
1, 0x911a0
0, 0x55190
0, 0x911c0
2, 2
3, 0
3, 0
3, 0
3, 0
3, 0
3, 0
3, 0
3, 0
3, 0
3, 0
3, 0
3, 0
3, 0
3, 0
1, 0x911c0
0, 0x551b0
0, 0x911e0
2, 2
3, 0
3, 0
3, 0
3, 0
3, 0
3, 0
3, 0
3, 0
3, 0
3, 0
3, 0
3, 0
3, 0
3, 0
0, 0x551d0
0, 0x91200
0, 0x551f0
0, 0x91220
0, 0x55210
0, 0x91240
0, 0x55230
0, 0x91260
1, 0x911e0
0, 0x551d0
0, 0x91200
2, 2
3, 0
3, 0
3, 0
3, 0
3, 0
3, 0
3, 0
3, 0
3, 0
3, 0
3, 0
3, 0
3, 0
3, 0
1, 0x91200
0, 0x551f0
0, 0x91220
2, 2
3, 0
3, 0
3, 0
3, 0
3, 0
3, 0
3, 0
3, 0
3, 0
3, 0
3, 0
3, 0
3, 0
3, 0
1, 0x91220
0, 0x55210
0, 0x91240
2, 2
3, 0
3, 0
3, 0
3, 0
3, 0
3, 0
3, 0
3, 0
3, 0
3, 0
3, 0
3, 0
3, 0
3, 0
1, 0x91240
0, 0x55230
0, 0x91260
2, 2
3, 0
3, 0
3, 0
3, 0
3, 0
3, 0
3, 0
3, 0
3, 0
3, 0
3, 0
3, 0
3, 0
3, 0
0, 0x55250
0, 0x91280
0, 0x55270
0, 0x912a0
0, 0x55290
0, 0x912c0
0, 0x552b0
0, 0x912e0
1, 0x91260
0, 0x55250
0, 0x91280
2, 2
3, 0
3, 0
3, 0
3, 0
3, 0
3, 0
3, 0
3, 0
3, 0
3, 0
3, 0
3, 0
3, 0
3, 0
1, 0x91280
0, 0x55270
0, 0x912a0
2, 2
3, 0
3, 0
3, 0
3, 0
3, 0
3, 0
3, 0
3, 0
3, 0
3, 0
3, 0
3, 0
3, 0
3, 0
1, 0x912a0
0, 0x55290
0, 0x912c0
2, 2
3, 0
3, 0
3, 0
3, 0
3, 0
3, 0
3, 0
3, 0
3, 0
3, 0
3, 0
3, 0
3, 0
3, 0
1, 0x912c0
0, 0x552b0
0, 0x912e0
2, 2
3, 0
3, 0
3, 0
3, 0
3, 0
3, 0
3, 0
3, 0
3, 0
3, 0
3, 0
3, 0
3, 0
3, 0
0, 0x552d0
0, 0x91300
0, 0x552f0
0, 0x91320
0, 0x55310
0, 0x91340
0, 0x55330
0, 0x91360
1, 0x912e0
0, 0x552d0
0, 0x91300
2, 2
3, 0
3, 0
3, 0
3, 0
3, 0
3, 0
3, 0
3, 0
3, 0
3, 0
3, 0
3, 0
3, 0
3, 0
1, 0x91300
0, 0x552f0
0, 0x91320
2, 2
3, 0
3, 0
3, 0
3, 0
3, 0
3, 0
3, 0
3, 0
3, 0
3, 0
3, 0
3, 0
3, 0
3, 0
1, 0x91320
0, 0x55310
0, 0x91340
2, 2
3, 0
3, 0
3, 0
3, 0
3, 0
3, 0
3, 0
3, 0
3, 0
3, 0
3, 0
3, 0
3, 0
3, 0
1, 0x91340
0, 0x55330
0, 0x91360
2, 2
3, 0
3, 0
3, 0
3, 0
3, 0
3, 0
3, 0
3, 0
3, 0
3, 0
3, 0
3, 0
3, 0
3, 0
0, 0x55350
0, 0x91380
0, 0x55370
0, 0x913a0
0, 0x55390
0, 0x913c0
0, 0x553b0
0, 0x913e0
1, 0x91360
0, 0x55350
0, 0x91380
2, 2
3, 0
3, 0
3, 0
3, 0
3, 0
3, 0
3, 0
3, 0
3, 0
3, 0
3, 0
3, 0
3, 0
3, 0
1, 0x91380
0, 0x55370
0, 0x913a0
2, 2
3, 0
3, 0
3, 0
3, 0
3, 0
3, 0
3, 0
3, 0
3, 0
3, 0
3, 0
3, 0
3, 0
3, 0
1, 0x913a0
0, 0x55390
0, 0x913c0
2, 2
3, 0
3, 0
3, 0
3, 0
3, 0
3, 0
3, 0
3, 0
3, 0
3, 0
3, 0
3, 0
3, 0
3, 0
1, 0x913c0
0, 0x553b0
0, 0x913e0
2, 2
3, 0
3, 0
3, 0
3, 0
3, 0
3, 0
3, 0
3, 0
3, 0
3, 0
3, 0
3, 0
3, 0
3, 0
0, 0x553d0
0, 0x91400
0, 0x553f0
0, 0x91420
0, 0x55410
0, 0x91440
0, 0x55430
0, 0x91460
1, 0x913e0
0, 0x553d0
0, 0x91400
2, 2
3, 0
3, 0
3, 0
3, 0
3, 0
3, 0
3, 0
3, 0
3, 0
3, 0
3, 0
3, 0
3, 0
3, 0
1, 0x91400
0, 0x553f0
0, 0x91420
2, 2
3, 0
3, 0
3, 0
3, 0
3, 0
3, 0
3, 0
3, 0
3, 0
3, 0
3, 0
3, 0
3, 0
3, 0
1, 0x91420
0, 0x55410
0, 0x91440
2, 2
3, 0
3, 0
3, 0
3, 0
3, 0
3, 0
3, 0
3, 0
3, 0
3, 0
3, 0
3, 0
3, 0
3, 0
1, 0x91440
0, 0x55430
0, 0x91460
2, 2
3, 0
3, 0
3, 0
3, 0
3, 0
3, 0
3, 0
3, 0
3, 0
3, 0
3, 0
3, 0
3, 0
3, 0
0, 0x55450
0, 0x91480
0, 0x55470
0, 0x914a0
0, 0x55490
0, 0x914c0
0, 0x554b0
0, 0x914e0
1, 0x91460
0, 0x55450
0, 0x91480
2, 2
3, 0
3, 0
3, 0
3, 0
3, 0
3, 0
3, 0
3, 0
3, 0
3, 0
3, 0
3, 0
3, 0
3, 0
1, 0x91480
0, 0x55470
0, 0x914a0
2, 2
3, 0
3, 0
3, 0
3, 0
3, 0
3, 0
3, 0
3, 0
3, 0
3, 0
3, 0
3, 0
3, 0
3, 0
1, 0x914a0
0, 0x55490
0, 0x914c0
2, 2
3, 0
3, 0
3, 0
3, 0
3, 0
3, 0
3, 0
3, 0
3, 0
3, 0
3, 0
3, 0
3, 0
3, 0
1, 0x914c0
0, 0x554b0
0, 0x914e0
2, 2
3, 0
3, 0
3, 0
3, 0
3, 0
3, 0
3, 0
3, 0
3, 0
3, 0
3, 0
3, 0
3, 0
3, 0
0, 0x554d0
0, 0x91500
0, 0x554f0
0, 0x91520
0, 0x55510
0, 0x91540
0, 0x55530
0, 0x91560
1, 0x914e0
0, 0x554d0
0, 0x91500
2, 2
3, 0
3, 0
3, 0
3, 0
3, 0
3, 0
3, 0
3, 0
3, 0
3, 0
3, 0
3, 0
3, 0
3, 0
1, 0x91500
0, 0x554f0
0, 0x91520
2, 2
3, 0
3, 0
3, 0
3, 0
3, 0
3, 0
3, 0
3, 0
3, 0
3, 0
3, 0
3, 0
3, 0
3, 0
1, 0x91520
0, 0x55510
0, 0x91540
2, 2
3, 0
3, 0
3, 0
3, 0
3, 0
3, 0
3, 0
3, 0
3, 0
3, 0
3, 0
3, 0
3, 0
3, 0
1, 0x91540
0, 0x55530
0, 0x91560
2, 2
3, 0
3, 0
3, 0
3, 0
3, 0
3, 0
3, 0
3, 0
3, 0
3, 0
3, 0
3, 0
3, 0
3, 0
0, 0x55550
0, 0x91580
0, 0x55570
0, 0x915a0
0, 0x55590
0, 0x915c0
0, 0x555b0
0, 0x915e0
1, 0x91560
0, 0x55550
0, 0x91580
2, 2
3, 0
3, 0
3, 0
3, 0
3, 0
3, 0
3, 0
3, 0
3, 0
3, 0
3, 0
3, 0
3, 0
3, 0
1, 0x91580
0, 0x55570
0, 0x915a0
2, 2
3, 0
3, 0
3, 0
3, 0
3, 0
3, 0
3, 0
3, 0
3, 0
3, 0
3, 0
3, 0
3, 0
3, 0
1, 0x915a0
0, 0x55590
0, 0x915c0
2, 2
3, 0
3, 0
3, 0
3, 0
3, 0
3, 0
3, 0
3, 0
3, 0
3, 0
3, 0
3, 0
3, 0
3, 0
1, 0x915c0
0, 0x555b0
0, 0x915e0
2, 2
3, 0
3, 0
3, 0
3, 0
3, 0
3, 0
3, 0
3, 0
3, 0
3, 0
3, 0
3, 0
3, 0
3, 0
0, 0x555d0
0, 0x91600
0, 0x555f0
0, 0x91620
0, 0x55610
0, 0x91640
0, 0x55630
0, 0x91660
1, 0x915e0
0, 0x555d0
0, 0x91600
2, 2
3, 0
3, 0
3, 0
3, 0
3, 0
3, 0
3, 0
3, 0
3, 0
3, 0
3, 0
3, 0
3, 0
3, 0
1, 0x91600
0, 0x555f0
0, 0x91620
2, 2
3, 0
3, 0
3, 0
3, 0
3, 0
3, 0
3, 0
3, 0
3, 0
3, 0
3, 0
3, 0
3, 0
3, 0
1, 0x91620
0, 0x55610
0, 0x91640
2, 2
3, 0
3, 0
3, 0
3, 0
3, 0
3, 0
3, 0
3, 0
3, 0
3, 0
3, 0
3, 0
3, 0
3, 0
1, 0x91640
0, 0x55630
0, 0x91660
2, 2
3, 0
3, 0
3, 0
3, 0
3, 0
3, 0
3, 0
3, 0
3, 0
3, 0
3, 0
3, 0
3, 0
3, 0
0, 0x55650
0, 0x91680
0, 0x55670
0, 0x916a0
0, 0x55690
0, 0x916c0
0, 0x556b0
0, 0x916e0
1, 0x91660
0, 0x55650
0, 0x91680
2, 2
3, 0
3, 0
3, 0
3, 0
3, 0
3, 0
3, 0
3, 0
3, 0
3, 0
3, 0
3, 0
3, 0
3, 0
1, 0x91680
0, 0x55670
0, 0x916a0
2, 2
3, 0
3, 0
3, 0
3, 0
3, 0
3, 0
3, 0
3, 0
3, 0
3, 0
3, 0
3, 0
3, 0
3, 0
1, 0x916a0
0, 0x55690
0, 0x916c0
2, 2
3, 0
3, 0
3, 0
3, 0
3, 0
3, 0
3, 0
3, 0
3, 0
3, 0
3, 0
3, 0
3, 0
3, 0
1, 0x916c0
0, 0x556b0
0, 0x916e0
2, 2
3, 0
3, 0
3, 0
3, 0
3, 0
3, 0
3, 0
3, 0
3, 0
3, 0
3, 0
3, 0
3, 0
3, 0
0, 0x556d0
0, 0x91700
0, 0x556f0
0, 0x91720
0, 0x55710
0, 0x91740
0, 0x55730
0, 0x91760
1, 0x916e0
0, 0x556d0
0, 0x91700
2, 2
3, 0
3, 0
3, 0
3, 0
3, 0
3, 0
3, 0
3, 0
3, 0
3, 0
3, 0
3, 0
3, 0
3, 0
1, 0x91700
0, 0x556f0
0, 0x91720
2, 2
3, 0
3, 0
3, 0
3, 0
3, 0
3, 0
3, 0
3, 0
3, 0
3, 0
3, 0
3, 0
3, 0
3, 0
1, 0x91720
0, 0x55710
0, 0x91740
2, 2
3, 0
3, 0
3, 0
3, 0
3, 0
3, 0
3, 0
3, 0
3, 0
3, 0
3, 0
3, 0
3, 0
3, 0
1, 0x91740
0, 0x55730
0, 0x91760
2, 2
3, 0
3, 0
3, 0
3, 0
3, 0
3, 0
3, 0
3, 0
3, 0
3, 0
3, 0
3, 0
3, 0
3, 0
0, 0x55750
0, 0x91780
0, 0x55770
0, 0x917a0
0, 0x55790
0, 0x917c0
0, 0x557b0
0, 0x917e0
1, 0x91760
0, 0x55750
0, 0x91780
2, 2
3, 0
3, 0
3, 0
3, 0
3, 0
3, 0
3, 0
3, 0
3, 0
3, 0
3, 0
3, 0
3, 0
3, 0
1, 0x91780
0, 0x55770
0, 0x917a0
2, 2
3, 0
3, 0
3, 0
3, 0
3, 0
3, 0
3, 0
3, 0
3, 0
3, 0
3, 0
3, 0
3, 0
3, 0
1, 0x917a0
0, 0x55790
0, 0x917c0
2, 2
3, 0
3, 0
3, 0
3, 0
3, 0
3, 0
3, 0
3, 0
3, 0
3, 0
3, 0
3, 0
3, 0
3, 0
1, 0x917c0
0, 0x557b0
0, 0x917e0
2, 2
3, 0
3, 0
3, 0
3, 0
3, 0
3, 0
3, 0
3, 0
3, 0
3, 0
3, 0
3, 0
3, 0
3, 0
0, 0x557d0
0, 0x91800
0, 0x557f0
0, 0x91820
0, 0x55810
0, 0x91840
0, 0x55830
0, 0x91860
1, 0x917e0
0, 0x557d0
0, 0x91800
2, 2
3, 0
3, 0
3, 0
3, 0
3, 0
3, 0
3, 0
3, 0
3, 0
3, 0
3, 0
3, 0
3, 0
3, 0
1, 0x91800
0, 0x557f0
0, 0x91820
2, 2
3, 0
3, 0
3, 0
3, 0
3, 0
3, 0
3, 0
3, 0
3, 0
3, 0
3, 0
3, 0
3, 0
3, 0
1, 0x91820
0, 0x55810
0, 0x91840
2, 2
3, 0
3, 0
3, 0
3, 0
3, 0
3, 0
3, 0
3, 0
3, 0
3, 0
3, 0
3, 0
3, 0
3, 0
1, 0x91840
0, 0x55830
0, 0x91860
2, 2
3, 0
3, 0
3, 0
3, 0
3, 0
3, 0
3, 0
3, 0
3, 0
3, 0
3, 0
3, 0
3, 0
3, 0
0, 0x55850
0, 0x91880
0, 0x55870
0, 0x918a0
0, 0x55890
0, 0x918c0
0, 0x558b0
0, 0x918e0
1, 0x91860
0, 0x55850
0, 0x91880
2, 2
3, 0
3, 0
3, 0
3, 0
3, 0
3, 0
3, 0
3, 0
3, 0
3, 0
3, 0
3, 0
3, 0
3, 0
1, 0x91880
0, 0x55870
0, 0x918a0
2, 2
3, 0
3, 0
3, 0
3, 0
3, 0
3, 0
3, 0
3, 0
3, 0
3, 0
3, 0
3, 0
3, 0
3, 0
1, 0x918a0
0, 0x55890
0, 0x918c0
2, 2
3, 0
3, 0
3, 0
3, 0
3, 0
3, 0
3, 0
3, 0
3, 0
3, 0
3, 0
3, 0
3, 0
3, 0
1, 0x918c0
0, 0x558b0
0, 0x918e0
2, 2
3, 0
3, 0
3, 0
3, 0
3, 0
3, 0
3, 0
3, 0
3, 0
3, 0
3, 0
3, 0
3, 0
3, 0
0, 0x558d0
0, 0x91900
0, 0x558f0
0, 0x91920
0, 0x55910
0, 0x91940
0, 0x55930
0, 0x91960
1, 0x918e0
0, 0x558d0
0, 0x91900
2, 2
3, 0
3, 0
3, 0
3, 0
3, 0
3, 0
3, 0
3, 0
3, 0
3, 0
3, 0
3, 0
3, 0
3, 0
1, 0x91900
0, 0x558f0
0, 0x91920
2, 2
3, 0
3, 0
3, 0
3, 0
3, 0
3, 0
3, 0
3, 0
3, 0
3, 0
3, 0
3, 0
3, 0
3, 0
1, 0x91920
0, 0x55910
0, 0x91940
2, 2
3, 0
3, 0
3, 0
3, 0
3, 0
3, 0
3, 0
3, 0
3, 0
3, 0
3, 0
3, 0
3, 0
3, 0
1, 0x91940
0, 0x55930
0, 0x91960
2, 2
3, 0
3, 0
3, 0
3, 0
3, 0
3, 0
3, 0
3, 0
3, 0
3, 0
3, 0
3, 0
3, 0
3, 0
0, 0x55950
0, 0x91980
0, 0x55970
0, 0x919a0
0, 0x55990
0, 0x919c0
0, 0x559b0
0, 0x919e0
1, 0x91960
0, 0x55950
0, 0x91980
2, 2
3, 0
3, 0
3, 0
3, 0
3, 0
3, 0
3, 0
3, 0
3, 0
3, 0
3, 0
3, 0
3, 0
3, 0
1, 0x91980
0, 0x55970
0, 0x919a0
2, 2
3, 0
3, 0
3, 0
3, 0
3, 0
3, 0
3, 0
3, 0
3, 0
3, 0
3, 0
3, 0
3, 0
3, 0
1, 0x919a0
0, 0x55990
0, 0x919c0
2, 2
3, 0
3, 0
3, 0
3, 0
3, 0
3, 0
3, 0
3, 0
3, 0
3, 0
3, 0
3, 0
3, 0
3, 0
1, 0x919c0
0, 0x559b0
0, 0x919e0
2, 2
3, 0
3, 0
3, 0
3, 0
3, 0
3, 0
3, 0
3, 0
3, 0
3, 0
3, 0
3, 0
3, 0
3, 0
0, 0x559d0
0, 0x91a00
0, 0x559f0
0, 0x91a20
0, 0x55a10
0, 0x91a40
0, 0x55a30
0, 0x91a60
1, 0x919e0
0, 0x559d0
0, 0x91a00
2, 2
3, 0
3, 0
3, 0
3, 0
3, 0
3, 0
3, 0
3, 0
3, 0
3, 0
3, 0
3, 0
3, 0
3, 0
1, 0x91a00
0, 0x559f0
0, 0x91a20
2, 2
3, 0
3, 0
3, 0
3, 0
3, 0
3, 0
3, 0
3, 0
3, 0
3, 0
3, 0
3, 0
3, 0
3, 0
1, 0x91a20
0, 0x55a10
0, 0x91a40
2, 2
3, 0
3, 0
3, 0
3, 0
3, 0
3, 0
3, 0
3, 0
3, 0
3, 0
3, 0
3, 0
3, 0
3, 0
1, 0x91a40
0, 0x55a30
0, 0x91a60
2, 2
3, 0
3, 0
3, 0
3, 0
3, 0
3, 0
3, 0
3, 0
3, 0
3, 0
3, 0
3, 0
3, 0
3, 0
0, 0x55a50
0, 0x91a80
0, 0x55a70
0, 0x91aa0
0, 0x55a90
0, 0x91ac0
0, 0x55ab0
0, 0x91ae0
1, 0x91a60
0, 0x55a50
0, 0x91a80
2, 2
3, 0
3, 0
3, 0
3, 0
3, 0
3, 0
3, 0
3, 0
3, 0
3, 0
3, 0
3, 0
3, 0
3, 0
1, 0x91a80
0, 0x55a70
0, 0x91aa0
2, 2
3, 0
3, 0
3, 0
3, 0
3, 0
3, 0
3, 0
3, 0
3, 0
3, 0
3, 0
3, 0
3, 0
3, 0
1, 0x91aa0
0, 0x55a90
0, 0x91ac0
2, 2
3, 0
3, 0
3, 0
3, 0
3, 0
3, 0
3, 0
3, 0
3, 0
3, 0
3, 0
3, 0
3, 0
3, 0
1, 0x91ac0
0, 0x55ab0
0, 0x91ae0
2, 2
3, 0
3, 0
3, 0
3, 0
3, 0
3, 0
3, 0
3, 0
3, 0
3, 0
3, 0
3, 0
3, 0
3, 0
0, 0x55ad0
0, 0x91b00
0, 0x55af0
0, 0x91b20
0, 0x55b10
0, 0x91b40
0, 0x55b30
0, 0x91b60
1, 0x91ae0
0, 0x55ad0
0, 0x91b00
2, 2
3, 0
3, 0
3, 0
3, 0
3, 0
3, 0
3, 0
3, 0
3, 0
3, 0
3, 0
3, 0
3, 0
3, 0
1, 0x91b00
0, 0x55af0
0, 0x91b20
2, 2
3, 0
3, 0
3, 0
3, 0
3, 0
3, 0
3, 0
3, 0
3, 0
3, 0
3, 0
3, 0
3, 0
3, 0
1, 0x91b20
0, 0x55b10
0, 0x91b40
2, 2
3, 0
3, 0
3, 0
3, 0
3, 0
3, 0
3, 0
3, 0
3, 0
3, 0
3, 0
3, 0
3, 0
3, 0
1, 0x91b40
0, 0x55b30
0, 0x91b60
2, 2
3, 0
3, 0
3, 0
3, 0
3, 0
3, 0
3, 0
3, 0
3, 0
3, 0
3, 0
3, 0
3, 0
3, 0
0, 0x55b50
0, 0x91b80
0, 0x55b70
0, 0x91ba0
0, 0x55b90
0, 0x91bc0
0, 0x55bb0
0, 0x91be0
1, 0x91b60
0, 0x55b50
0, 0x91b80
2, 2
3, 0
3, 0
3, 0
3, 0
3, 0
3, 0
3, 0
3, 0
3, 0
3, 0
3, 0
3, 0
3, 0
3, 0
1, 0x91b80
0, 0x55b70
0, 0x91ba0
2, 2
3, 0
3, 0
3, 0
3, 0
3, 0
3, 0
3, 0
3, 0
3, 0
3, 0
3, 0
3, 0
3, 0
3, 0
1, 0x91ba0
0, 0x55b90
0, 0x91bc0
2, 2
3, 0
3, 0
3, 0
3, 0
3, 0
3, 0
3, 0
3, 0
3, 0
3, 0
3, 0
3, 0
3, 0
3, 0
1, 0x91bc0
0, 0x55bb0
0, 0x91be0
2, 2
3, 0
3, 0
3, 0
3, 0
3, 0
3, 0
3, 0
3, 0
3, 0
3, 0
3, 0
3, 0
3, 0
3, 0
0, 0x55bd0
0, 0x91c00
0, 0x55bf0
0, 0x91c20
0, 0x55c10
0, 0x91c40
0, 0x55c30
0, 0x91c60
1, 0x91be0
0, 0x55bd0
0, 0x91c00
2, 2
3, 0
3, 0
3, 0
3, 0
3, 0
3, 0
3, 0
3, 0
3, 0
3, 0
3, 0
3, 0
3, 0
3, 0
1, 0x91c00
0, 0x55bf0
0, 0x91c20
2, 2
3, 0
3, 0
3, 0
3, 0
3, 0
3, 0
3, 0
3, 0
3, 0
3, 0
3, 0
3, 0
3, 0
3, 0
1, 0x91c20
0, 0x55c10
0, 0x91c40
2, 2
3, 0
3, 0
3, 0
3, 0
3, 0
3, 0
3, 0
3, 0
3, 0
3, 0
3, 0
3, 0
3, 0
3, 0
1, 0x91c40
0, 0x55c30
0, 0x91c60
2, 2
3, 0
3, 0
3, 0
3, 0
3, 0
3, 0
3, 0
3, 0
3, 0
3, 0
3, 0
3, 0
3, 0
3, 0
0, 0x55c50
0, 0x91c80
0, 0x55c70
0, 0x91ca0
0, 0x55c90
0, 0x91cc0
0, 0x55cb0
0, 0x91ce0
1, 0x91c60
0, 0x55c50
0, 0x91c80
2, 2
3, 0
3, 0
3, 0
3, 0
3, 0
3, 0
3, 0
3, 0
3, 0
3, 0
3, 0
3, 0
3, 0
3, 0
1, 0x91c80
0, 0x55c70
0, 0x91ca0
2, 2
3, 0
3, 0
3, 0
3, 0
3, 0
3, 0
3, 0
3, 0
3, 0
3, 0
3, 0
3, 0
3, 0
3, 0
1, 0x91ca0
0, 0x55c90
0, 0x91cc0
2, 2
3, 0
3, 0
3, 0
3, 0
3, 0
3, 0
3, 0
3, 0
3, 0
3, 0
3, 0
3, 0
3, 0
3, 0
1, 0x91cc0
0, 0x55cb0
0, 0x91ce0
2, 2
3, 0
3, 0
3, 0
3, 0
3, 0
3, 0
3, 0
3, 0
3, 0
3, 0
3, 0
3, 0
3, 0
3, 0
0, 0x55cd0
0, 0x91d00
0, 0x55cf0
0, 0x91d20
0, 0x55d10
0, 0x91d40
0, 0x55d30
0, 0x91d60
1, 0x91ce0
0, 0x55cd0
0, 0x91d00
2, 2
3, 0
3, 0
3, 0
3, 0
3, 0
3, 0
3, 0
3, 0
3, 0
3, 0
3, 0
3, 0
3, 0
3, 0
1, 0x91d00
0, 0x55cf0
0, 0x91d20
2, 2
3, 0
3, 0
3, 0
3, 0
3, 0
3, 0
3, 0
3, 0
3, 0
3, 0
3, 0
3, 0
3, 0
3, 0
1, 0x91d20
0, 0x55d10
0, 0x91d40
2, 2
3, 0
3, 0
3, 0
3, 0
3, 0
3, 0
3, 0
3, 0
3, 0
3, 0
3, 0
3, 0
3, 0
3, 0
1, 0x91d40
0, 0x55d30
0, 0x91d60
2, 2
3, 0
3, 0
3, 0
3, 0
3, 0
3, 0
3, 0
3, 0
3, 0
3, 0
3, 0
3, 0
3, 0
3, 0
0, 0x55d50
0, 0x91d80
0, 0x55d70
0, 0x91da0
0, 0x55d90
0, 0x91dc0
0, 0x55db0
0, 0x91de0
1, 0x91d60
0, 0x55d50
0, 0x91d80
2, 2
3, 0
3, 0
3, 0
3, 0
3, 0
3, 0
3, 0
3, 0
3, 0
3, 0
3, 0
3, 0
3, 0
3, 0
1, 0x91d80
0, 0x55d70
0, 0x91da0
2, 2
3, 0
3, 0
3, 0
3, 0
3, 0
3, 0
3, 0
3, 0
3, 0
3, 0
3, 0
3, 0
3, 0
3, 0
1, 0x91da0
0, 0x55d90
0, 0x91dc0
2, 2
3, 0
3, 0
3, 0
3, 0
3, 0
3, 0
3, 0
3, 0
3, 0
3, 0
3, 0
3, 0
3, 0
3, 0
1, 0x91dc0
0, 0x55db0
0, 0x91de0
2, 2
3, 0
3, 0
3, 0
3, 0
3, 0
3, 0
3, 0
3, 0
3, 0
3, 0
3, 0
3, 0
3, 0
3, 0
0, 0x55dd0
0, 0x91e00
0, 0x55df0
0, 0x91e20
0, 0x55e10
0, 0x91e40
0, 0x55e30
0, 0x91e60
1, 0x91de0
0, 0x55dd0
0, 0x91e00
2, 2
3, 0
3, 0
3, 0
3, 0
3, 0
3, 0
3, 0
3, 0
3, 0
3, 0
3, 0
3, 0
3, 0
3, 0
1, 0x91e00
0, 0x55df0
0, 0x91e20
2, 2
3, 0
3, 0
3, 0
3, 0
3, 0
3, 0
3, 0
3, 0
3, 0
3, 0
3, 0
3, 0
3, 0
3, 0
1, 0x91e20
0, 0x55e10
0, 0x91e40
2, 2
3, 0
3, 0
3, 0
3, 0
3, 0
3, 0
3, 0
3, 0
3, 0
3, 0
3, 0
3, 0
3, 0
3, 0
1, 0x91e40
0, 0x55e30
0, 0x91e60
2, 2
3, 0
3, 0
3, 0
3, 0
3, 0
3, 0
3, 0
3, 0
3, 0
3, 0
3, 0
3, 0
3, 0
3, 0
0, 0x55e50
0, 0x91e80
0, 0x55e70
0, 0x91ea0
0, 0x55e90
0, 0x91ec0
0, 0x55eb0
0, 0x91ee0
1, 0x91e60
0, 0x55e50
0, 0x91e80
2, 2
3, 0
3, 0
3, 0
3, 0
3, 0
3, 0
3, 0
3, 0
3, 0
3, 0
3, 0
3, 0
3, 0
3, 0
1, 0x91e80
0, 0x55e70
0, 0x91ea0
2, 2
3, 0
3, 0
3, 0
3, 0
3, 0
3, 0
3, 0
3, 0
3, 0
3, 0
3, 0
3, 0
3, 0
3, 0
1, 0x91ea0
0, 0x55e90
0, 0x91ec0
2, 2
3, 0
3, 0
3, 0
3, 0
3, 0
3, 0
3, 0
3, 0
3, 0
3, 0
3, 0
3, 0
3, 0
3, 0
1, 0x91ec0
0, 0x55eb0
0, 0x91ee0
2, 2
3, 0
3, 0
3, 0
3, 0
3, 0
3, 0
3, 0
3, 0
3, 0
3, 0
3, 0
3, 0
3, 0
3, 0
0, 0x55ed0
0, 0x91f00
0, 0x55ef0
0, 0x91f20
0, 0x55f10
0, 0x91f40
0, 0x55f30
0, 0x91f60
1, 0x91ee0
0, 0x55ed0
0, 0x91f00
2, 2
3, 0
3, 0
3, 0
3, 0
3, 0
3, 0
3, 0
3, 0
3, 0
3, 0
3, 0
3, 0
3, 0
3, 0
1, 0x91f00
0, 0x55ef0
0, 0x91f20
2, 2
3, 0
3, 0
3, 0
3, 0
3, 0
3, 0
3, 0
3, 0
3, 0
3, 0
3, 0
3, 0
3, 0
3, 0
1, 0x91f20
0, 0x55f10
0, 0x91f40
2, 2
3, 0
3, 0
3, 0
3, 0
3, 0
3, 0
3, 0
3, 0
3, 0
3, 0
3, 0
3, 0
3, 0
3, 0
1, 0x91f40
0, 0x55f30
0, 0x91f60
2, 2
3, 0
3, 0
3, 0
3, 0
3, 0
3, 0
3, 0
3, 0
3, 0
3, 0
3, 0
3, 0
3, 0
3, 0
0, 0x55f50
0, 0x91f80
0, 0x55f70
0, 0x91fa0
0, 0x55f90
0, 0x91fc0
0, 0x55fb0
0, 0x91fe0
1, 0x91f60
0, 0x55f50
0, 0x91f80
2, 2
3, 0
3, 0
3, 0
3, 0
3, 0
3, 0
3, 0
3, 0
3, 0
3, 0
3, 0
3, 0
3, 0
3, 0
1, 0x91f80
0, 0x55f70
0, 0x91fa0
2, 2
3, 0
3, 0
3, 0
3, 0
3, 0
3, 0
3, 0
3, 0
3, 0
3, 0
3, 0
3, 0
3, 0
3, 0
1, 0x91fa0
0, 0x55f90
0, 0x91fc0
2, 2
3, 0
3, 0
3, 0
3, 0
3, 0
3, 0
3, 0
3, 0
3, 0
3, 0
3, 0
3, 0
3, 0
3, 0
1, 0x91fc0
0, 0x55fb0
0, 0x91fe0
2, 2
3, 0
3, 0
3, 0
3, 0
3, 0
3, 0
3, 0
3, 0
3, 0
3, 0
3, 0
3, 0
3, 0
3, 0
0, 0x55fd0
0, 0x92000
0, 0x55ff0
0, 0x92020
0, 0x56010
0, 0x92040
0, 0x56030
0, 0x92060
1, 0x91fe0
0, 0x55fd0
0, 0x92000
2, 2
3, 0
3, 0
3, 0
3, 0
3, 0
3, 0
3, 0
3, 0
3, 0
3, 0
3, 0
3, 0
3, 0
3, 0
1, 0x92000
0, 0x55ff0
0, 0x92020
2, 2
3, 0
3, 0
3, 0
3, 0
3, 0
3, 0
3, 0
3, 0
3, 0
3, 0
3, 0
3, 0
3, 0
3, 0
1, 0x92020
0, 0x56010
0, 0x92040
2, 2
3, 0
3, 0
3, 0
3, 0
3, 0
3, 0
3, 0
3, 0
3, 0
3, 0
3, 0
3, 0
3, 0
3, 0
1, 0x92040
0, 0x56030
0, 0x92060
2, 2
3, 0
3, 0
3, 0
3, 0
3, 0
3, 0
3, 0
3, 0
3, 0
3, 0
3, 0
3, 0
3, 0
3, 0
0, 0x56050
0, 0x92080
0, 0x56070
0, 0x920a0
0, 0x56090
0, 0x920c0
0, 0x560b0
0, 0x920e0
1, 0x92060
0, 0x56050
0, 0x92080
2, 2
3, 0
3, 0
3, 0
3, 0
3, 0
3, 0
3, 0
3, 0
3, 0
3, 0
3, 0
3, 0
3, 0
3, 0
1, 0x92080
0, 0x56070
0, 0x920a0
2, 2
3, 0
3, 0
3, 0
3, 0
3, 0
3, 0
3, 0
3, 0
3, 0
3, 0
3, 0
3, 0
3, 0
3, 0
1, 0x920a0
0, 0x56090
0, 0x920c0
2, 2
3, 0
3, 0
3, 0
3, 0
3, 0
3, 0
3, 0
3, 0
3, 0
3, 0
3, 0
3, 0
3, 0
3, 0
1, 0x920c0
0, 0x560b0
0, 0x920e0
2, 2
3, 0
3, 0
3, 0
3, 0
3, 0
3, 0
3, 0
3, 0
3, 0
3, 0
3, 0
3, 0
3, 0
3, 0
0, 0x560d0
0, 0x92100
0, 0x560f0
0, 0x92120
0, 0x56110
0, 0x92140
0, 0x56130
0, 0x92160
1, 0x920e0
0, 0x560d0
0, 0x92100
2, 2
3, 0
3, 0
3, 0
3, 0
3, 0
3, 0
3, 0
3, 0
3, 0
3, 0
3, 0
3, 0
3, 0
3, 0
1, 0x92100
0, 0x560f0
0, 0x92120
2, 2
3, 0
3, 0
3, 0
3, 0
3, 0
3, 0
3, 0
3, 0
3, 0
3, 0
3, 0
3, 0
3, 0
3, 0
1, 0x92120
0, 0x56110
0, 0x92140
2, 2
3, 0
3, 0
3, 0
3, 0
3, 0
3, 0
3, 0
3, 0
3, 0
3, 0
3, 0
3, 0
3, 0
3, 0
1, 0x92140
0, 0x56130
0, 0x92160
2, 2
3, 0
3, 0
3, 0
3, 0
3, 0
3, 0
3, 0
3, 0
3, 0
3, 0
3, 0
3, 0
3, 0
3, 0
0, 0x56150
0, 0x92180
0, 0x56170
0, 0x921a0
0, 0x56190
0, 0x921c0
0, 0x561b0
0, 0x921e0
1, 0x92160
0, 0x56150
0, 0x92180
2, 2
3, 0
3, 0
3, 0
3, 0
3, 0
3, 0
3, 0
3, 0
3, 0
3, 0
3, 0
3, 0
3, 0
3, 0
1, 0x92180
0, 0x56170
0, 0x921a0
2, 2
3, 0
3, 0
3, 0
3, 0
3, 0
3, 0
3, 0
3, 0
3, 0
3, 0
3, 0
3, 0
3, 0
3, 0
1, 0x921a0
0, 0x56190
0, 0x921c0
2, 2
3, 0
3, 0
3, 0
3, 0
3, 0
3, 0
3, 0
3, 0
3, 0
3, 0
3, 0
3, 0
3, 0
3, 0
1, 0x921c0
0, 0x561b0
0, 0x921e0
2, 2
3, 0
3, 0
3, 0
3, 0
3, 0
3, 0
3, 0
3, 0
3, 0
3, 0
3, 0
3, 0
3, 0
3, 0
0, 0x561d0
0, 0x92200
0, 0x561f0
0, 0x92220
0, 0x56210
0, 0x92240
0, 0x56230
0, 0x92260
1, 0x921e0
0, 0x561d0
0, 0x92200
2, 2
3, 0
3, 0
3, 0
3, 0
3, 0
3, 0
3, 0
3, 0
3, 0
3, 0
3, 0
3, 0
3, 0
3, 0
1, 0x92200
0, 0x561f0
0, 0x92220
2, 2
3, 0
3, 0
3, 0
3, 0
3, 0
3, 0
3, 0
3, 0
3, 0
3, 0
3, 0
3, 0
3, 0
3, 0
1, 0x92220
0, 0x56210
0, 0x92240
2, 2
3, 0
3, 0
3, 0
3, 0
3, 0
3, 0
3, 0
3, 0
3, 0
3, 0
3, 0
3, 0
3, 0
3, 0
1, 0x92240
0, 0x56230
0, 0x92260
2, 2
3, 0
3, 0
3, 0
3, 0
3, 0
3, 0
3, 0
3, 0
3, 0
3, 0
3, 0
3, 0
3, 0
3, 0
0, 0x56250
0, 0x92280
0, 0x56270
0, 0x922a0
0, 0x56290
0, 0x922c0
0, 0x562b0
0, 0x922e0
1, 0x92260
0, 0x56250
0, 0x92280
2, 2
3, 0
3, 0
3, 0
3, 0
3, 0
3, 0
3, 0
3, 0
3, 0
3, 0
3, 0
3, 0
3, 0
3, 0
1, 0x92280
0, 0x56270
0, 0x922a0
2, 2
3, 0
3, 0
3, 0
3, 0
3, 0
3, 0
3, 0
3, 0
3, 0
3, 0
3, 0
3, 0
3, 0
3, 0
1, 0x922a0
0, 0x56290
0, 0x922c0
2, 2
3, 0
3, 0
3, 0
3, 0
3, 0
3, 0
3, 0
3, 0
3, 0
3, 0
3, 0
3, 0
3, 0
3, 0
1, 0x922c0
0, 0x562b0
0, 0x922e0
2, 2
3, 0
3, 0
3, 0
3, 0
3, 0
3, 0
3, 0
3, 0
3, 0
3, 0
3, 0
3, 0
3, 0
3, 0
0, 0x562d0
0, 0x92300
0, 0x562f0
0, 0x92320
0, 0x56310
0, 0x92340
0, 0x56330
0, 0x92360
1, 0x922e0
0, 0x562d0
0, 0x92300
2, 2
3, 0
3, 0
3, 0
3, 0
3, 0
3, 0
3, 0
3, 0
3, 0
3, 0
3, 0
3, 0
3, 0
3, 0
1, 0x92300
0, 0x562f0
0, 0x92320
2, 2
3, 0
3, 0
3, 0
3, 0
3, 0
3, 0
3, 0
3, 0
3, 0
3, 0
3, 0
3, 0
3, 0
3, 0
1, 0x92320
0, 0x56310
0, 0x92340
2, 2
3, 0
3, 0
3, 0
3, 0
3, 0
3, 0
3, 0
3, 0
3, 0
3, 0
3, 0
3, 0
3, 0
3, 0
1, 0x92340
0, 0x56330
0, 0x92360
2, 2
3, 0
3, 0
3, 0
3, 0
3, 0
3, 0
3, 0
3, 0
3, 0
3, 0
3, 0
3, 0
3, 0
3, 0
0, 0x56350
0, 0x92380
0, 0x56370
0, 0x923a0
0, 0x56390
0, 0x923c0
0, 0x563b0
0, 0x923e0
1, 0x92360
0, 0x56350
0, 0x92380
2, 2
3, 0
3, 0
3, 0
3, 0
3, 0
3, 0
3, 0
3, 0
3, 0
3, 0
3, 0
3, 0
3, 0
3, 0
1, 0x92380
0, 0x56370
0, 0x923a0
2, 2
3, 0
3, 0
3, 0
3, 0
3, 0
3, 0
3, 0
3, 0
3, 0
3, 0
3, 0
3, 0
3, 0
3, 0
1, 0x923a0
0, 0x56390
0, 0x923c0
2, 2
3, 0
3, 0
3, 0
3, 0
3, 0
3, 0
3, 0
3, 0
3, 0
3, 0
3, 0
3, 0
3, 0
3, 0
1, 0x923c0
0, 0x563b0
0, 0x923e0
2, 2
3, 0
3, 0
3, 0
3, 0
3, 0
3, 0
3, 0
3, 0
3, 0
3, 0
3, 0
3, 0
3, 0
3, 0
0, 0x563d0
0, 0x92400
0, 0x563f0
0, 0x92420
0, 0x56410
0, 0x92440
0, 0x56430
0, 0x92460
1, 0x923e0
0, 0x563d0
0, 0x92400
2, 2
3, 0
3, 0
3, 0
3, 0
3, 0
3, 0
3, 0
3, 0
3, 0
3, 0
3, 0
3, 0
3, 0
3, 0
1, 0x92400
0, 0x563f0
0, 0x92420
2, 2
3, 0
3, 0
3, 0
3, 0
3, 0
3, 0
3, 0
3, 0
3, 0
3, 0
3, 0
3, 0
3, 0
3, 0
1, 0x92420
0, 0x56410
0, 0x92440
2, 2
3, 0
3, 0
3, 0
3, 0
3, 0
3, 0
3, 0
3, 0
3, 0
3, 0
3, 0
3, 0
3, 0
3, 0
1, 0x92440
0, 0x56430
0, 0x92460
2, 2
3, 0
3, 0
3, 0
3, 0
3, 0
3, 0
3, 0
3, 0
3, 0
3, 0
3, 0
3, 0
3, 0
3, 0
0, 0x56450
0, 0x92480
0, 0x56470
0, 0x924a0
0, 0x56490
0, 0x924c0
0, 0x564b0
0, 0x924e0
1, 0x92460
0, 0x56450
0, 0x92480
2, 2
3, 0
3, 0
3, 0
3, 0
3, 0
3, 0
3, 0
3, 0
3, 0
3, 0
3, 0
3, 0
3, 0
3, 0
1, 0x92480
0, 0x56470
0, 0x924a0
2, 2
3, 0
3, 0
3, 0
3, 0
3, 0
3, 0
3, 0
3, 0
3, 0
3, 0
3, 0
3, 0
3, 0
3, 0
1, 0x924a0
0, 0x56490
0, 0x924c0
2, 2
3, 0
3, 0
3, 0
3, 0
3, 0
3, 0
3, 0
3, 0
3, 0
3, 0
3, 0
3, 0
3, 0
3, 0
1, 0x924c0
0, 0x564b0
0, 0x924e0
2, 2
3, 0
3, 0
3, 0
3, 0
3, 0
3, 0
3, 0
3, 0
3, 0
3, 0
3, 0
3, 0
3, 0
3, 0
0, 0x564d0
0, 0x92500
0, 0x564f0
0, 0x92520
0, 0x56510
0, 0x92540
0, 0x56530
0, 0x92560
1, 0x924e0
0, 0x564d0
0, 0x92500
2, 2
3, 0
3, 0
3, 0
3, 0
3, 0
3, 0
3, 0
3, 0
3, 0
3, 0
3, 0
3, 0
3, 0
3, 0
1, 0x92500
0, 0x564f0
0, 0x92520
2, 2
3, 0
3, 0
3, 0
3, 0
3, 0
3, 0
3, 0
3, 0
3, 0
3, 0
3, 0
3, 0
3, 0
3, 0
1, 0x92520
0, 0x56510
0, 0x92540
2, 2
3, 0
3, 0
3, 0
3, 0
3, 0
3, 0
3, 0
3, 0
3, 0
3, 0
3, 0
3, 0
3, 0
3, 0
1, 0x92540
0, 0x56530
0, 0x92560
2, 2
3, 0
3, 0
3, 0
3, 0
3, 0
3, 0
3, 0
3, 0
3, 0
3, 0
3, 0
3, 0
3, 0
3, 0
0, 0x56550
0, 0x92580
0, 0x56570
0, 0x925a0
0, 0x56590
0, 0x925c0
0, 0x565b0
0, 0x925e0
1, 0x92560
0, 0x56550
0, 0x92580
2, 2
3, 0
3, 0
3, 0
3, 0
3, 0
3, 0
3, 0
3, 0
3, 0
3, 0
3, 0
3, 0
3, 0
3, 0
1, 0x92580
0, 0x56570
0, 0x925a0
2, 2
3, 0
3, 0
3, 0
3, 0
3, 0
3, 0
3, 0
3, 0
3, 0
3, 0
3, 0
3, 0
3, 0
3, 0
1, 0x925a0
0, 0x56590
0, 0x925c0
2, 2
3, 0
3, 0
3, 0
3, 0
3, 0
3, 0
3, 0
3, 0
3, 0
3, 0
3, 0
3, 0
3, 0
3, 0
1, 0x925c0
0, 0x565b0
0, 0x925e0
2, 2
3, 0
3, 0
3, 0
3, 0
3, 0
3, 0
3, 0
3, 0
3, 0
3, 0
3, 0
3, 0
3, 0
3, 0
0, 0x565d0
0, 0x92600
0, 0x565f0
0, 0x92620
0, 0x56610
0, 0x92640
0, 0x56630
0, 0x92660
1, 0x925e0
0, 0x565d0
0, 0x92600
2, 2
3, 0
3, 0
3, 0
3, 0
3, 0
3, 0
3, 0
3, 0
3, 0
3, 0
3, 0
3, 0
3, 0
3, 0
1, 0x92600
0, 0x565f0
0, 0x92620
2, 2
3, 0
3, 0
3, 0
3, 0
3, 0
3, 0
3, 0
3, 0
3, 0
3, 0
3, 0
3, 0
3, 0
3, 0
1, 0x92620
0, 0x56610
0, 0x92640
2, 2
3, 0
3, 0
3, 0
3, 0
3, 0
3, 0
3, 0
3, 0
3, 0
3, 0
3, 0
3, 0
3, 0
3, 0
1, 0x92640
0, 0x56630
0, 0x92660
2, 2
3, 0
3, 0
3, 0
3, 0
3, 0
3, 0
3, 0
3, 0
3, 0
3, 0
3, 0
3, 0
3, 0
3, 0
0, 0x56650
0, 0x92680
0, 0x56670
0, 0x926a0
0, 0x56690
0, 0x926c0
0, 0x566b0
0, 0x926e0
1, 0x92660
0, 0x56650
0, 0x92680
2, 2
3, 0
3, 0
3, 0
3, 0
3, 0
3, 0
3, 0
3, 0
3, 0
3, 0
3, 0
3, 0
3, 0
3, 0
1, 0x92680
0, 0x56670
0, 0x926a0
2, 2
3, 0
3, 0
3, 0
3, 0
3, 0
3, 0
3, 0
3, 0
3, 0
3, 0
3, 0
3, 0
3, 0
3, 0
1, 0x926a0
0, 0x56690
0, 0x926c0
2, 2
3, 0
3, 0
3, 0
3, 0
3, 0
3, 0
3, 0
3, 0
3, 0
3, 0
3, 0
3, 0
3, 0
3, 0
1, 0x926c0
0, 0x566b0
0, 0x926e0
2, 2
3, 0
3, 0
3, 0
3, 0
3, 0
3, 0
3, 0
3, 0
3, 0
3, 0
3, 0
3, 0
3, 0
3, 0
0, 0x566d0
0, 0x92700
0, 0x566f0
0, 0x92720
0, 0x56710
0, 0x92740
0, 0x56730
0, 0x92760
1, 0x926e0
0, 0x566d0
0, 0x92700
2, 2
3, 0
3, 0
3, 0
3, 0
3, 0
3, 0
3, 0
3, 0
3, 0
3, 0
3, 0
3, 0
3, 0
3, 0
1, 0x92700
0, 0x566f0
0, 0x92720
2, 2
3, 0
3, 0
3, 0
3, 0
3, 0
3, 0
3, 0
3, 0
3, 0
3, 0
3, 0
3, 0
3, 0
3, 0
1, 0x92720
0, 0x56710
0, 0x92740
2, 2
3, 0
3, 0
3, 0
3, 0
3, 0
3, 0
3, 0
3, 0
3, 0
3, 0
3, 0
3, 0
3, 0
3, 0
1, 0x92740
0, 0x56730
0, 0x92760
2, 2
3, 0
3, 0
3, 0
3, 0
3, 0
3, 0
3, 0
3, 0
3, 0
3, 0
3, 0
3, 0
3, 0
3, 0
0, 0x56750
0, 0x92780
0, 0x56770
0, 0x927a0
0, 0x56790
0, 0x927c0
0, 0x567b0
0, 0x927e0
1, 0x92760
0, 0x56750
0, 0x92780
2, 2
3, 0
3, 0
3, 0
3, 0
3, 0
3, 0
3, 0
3, 0
3, 0
3, 0
3, 0
3, 0
3, 0
3, 0
1, 0x92780
0, 0x56770
0, 0x927a0
2, 2
3, 0
3, 0
3, 0
3, 0
3, 0
3, 0
3, 0
3, 0
3, 0
3, 0
3, 0
3, 0
3, 0
3, 0
1, 0x927a0
0, 0x56790
0, 0x927c0
2, 2
3, 0
3, 0
3, 0
3, 0
3, 0
3, 0
3, 0
3, 0
3, 0
3, 0
3, 0
3, 0
3, 0
3, 0
1, 0x927c0
0, 0x567b0
0, 0x927e0
2, 2
3, 0
3, 0
3, 0
3, 0
3, 0
3, 0
3, 0
3, 0
3, 0
3, 0
3, 0
3, 0
3, 0
3, 0
0, 0x567d0
0, 0x92800
0, 0x567f0
0, 0x92820
0, 0x56810
0, 0x92840
0, 0x56830
0, 0x92860
1, 0x927e0
0, 0x567d0
0, 0x92800
2, 2
3, 0
3, 0
3, 0
3, 0
3, 0
3, 0
3, 0
3, 0
3, 0
3, 0
3, 0
3, 0
3, 0
3, 0
1, 0x92800
0, 0x567f0
0, 0x92820
2, 2
3, 0
3, 0
3, 0
3, 0
3, 0
3, 0
3, 0
3, 0
3, 0
3, 0
3, 0
3, 0
3, 0
3, 0
1, 0x92820
0, 0x56810
0, 0x92840
2, 2
3, 0
3, 0
3, 0
3, 0
3, 0
3, 0
3, 0
3, 0
3, 0
3, 0
3, 0
3, 0
3, 0
3, 0
1, 0x92840
0, 0x56830
0, 0x92860
2, 2
3, 0
3, 0
3, 0
3, 0
3, 0
3, 0
3, 0
3, 0
3, 0
3, 0
3, 0
3, 0
3, 0
3, 0
0, 0x56850
0, 0x92880
0, 0x56870
0, 0x928a0
0, 0x56890
0, 0x928c0
0, 0x568b0
0, 0x928e0
1, 0x92860
0, 0x56850
0, 0x92880
2, 2
3, 0
3, 0
3, 0
3, 0
3, 0
3, 0
3, 0
3, 0
3, 0
3, 0
3, 0
3, 0
3, 0
3, 0
1, 0x92880
0, 0x56870
0, 0x928a0
2, 2
3, 0
3, 0
3, 0
3, 0
3, 0
3, 0
3, 0
3, 0
3, 0
3, 0
3, 0
3, 0
3, 0
3, 0
1, 0x928a0
0, 0x56890
0, 0x928c0
2, 2
3, 0
3, 0
3, 0
3, 0
3, 0
3, 0
3, 0
3, 0
3, 0
3, 0
3, 0
3, 0
3, 0
3, 0
1, 0x928c0
0, 0x568b0
0, 0x928e0
2, 2
3, 0
3, 0
3, 0
3, 0
3, 0
3, 0
3, 0
3, 0
3, 0
3, 0
3, 0
3, 0
3, 0
3, 0
0, 0x568d0
0, 0x92900
0, 0x568f0
0, 0x92920
0, 0x56910
0, 0x92940
0, 0x56930
0, 0x92960
1, 0x928e0
0, 0x568d0
0, 0x92900
2, 2
3, 0
3, 0
3, 0
3, 0
3, 0
3, 0
3, 0
3, 0
3, 0
3, 0
3, 0
3, 0
3, 0
3, 0
1, 0x92900
0, 0x568f0
0, 0x92920
2, 2
3, 0
3, 0
3, 0
3, 0
3, 0
3, 0
3, 0
3, 0
3, 0
3, 0
3, 0
3, 0
3, 0
3, 0
1, 0x92920
0, 0x56910
0, 0x92940
2, 2
3, 0
3, 0
3, 0
3, 0
3, 0
3, 0
3, 0
3, 0
3, 0
3, 0
3, 0
3, 0
3, 0
3, 0
1, 0x92940
0, 0x56930
0, 0x92960
2, 2
3, 0
3, 0
3, 0
3, 0
3, 0
3, 0
3, 0
3, 0
3, 0
3, 0
3, 0
3, 0
3, 0
3, 0
0, 0x56950
0, 0x92980
0, 0x56970
0, 0x929a0
0, 0x56990
0, 0x929c0
0, 0x569b0
0, 0x929e0
1, 0x92960
0, 0x56950
0, 0x92980
2, 2
3, 0
3, 0
3, 0
3, 0
3, 0
3, 0
3, 0
3, 0
3, 0
3, 0
3, 0
3, 0
3, 0
3, 0
1, 0x92980
0, 0x56970
0, 0x929a0
2, 2
3, 0
3, 0
3, 0
3, 0
3, 0
3, 0
3, 0
3, 0
3, 0
3, 0
3, 0
3, 0
3, 0
3, 0
1, 0x929a0
0, 0x56990
0, 0x929c0
2, 2
3, 0
3, 0
3, 0
3, 0
3, 0
3, 0
3, 0
3, 0
3, 0
3, 0
3, 0
3, 0
3, 0
3, 0
1, 0x929c0
0, 0x569b0
0, 0x929e0
2, 2
3, 0
3, 0
3, 0
3, 0
3, 0
3, 0
3, 0
3, 0
3, 0
3, 0
3, 0
3, 0
3, 0
3, 0
0, 0x569d0
0, 0x92a00
0, 0x569f0
0, 0x92a20
0, 0x56a10
0, 0x92a40
0, 0x56a30
0, 0x92a60
1, 0x929e0
0, 0x569d0
0, 0x92a00
2, 2
3, 0
3, 0
3, 0
3, 0
3, 0
3, 0
3, 0
3, 0
3, 0
3, 0
3, 0
3, 0
3, 0
3, 0
1, 0x92a00
0, 0x569f0
0, 0x92a20
2, 2
3, 0
3, 0
3, 0
3, 0
3, 0
3, 0
3, 0
3, 0
3, 0
3, 0
3, 0
3, 0
3, 0
3, 0
1, 0x92a20
0, 0x56a10
0, 0x92a40
2, 2
3, 0
3, 0
3, 0
3, 0
3, 0
3, 0
3, 0
3, 0
3, 0
3, 0
3, 0
3, 0
3, 0
3, 0
1, 0x92a40
0, 0x56a30
0, 0x92a60
2, 2
3, 0
3, 0
3, 0
3, 0
3, 0
3, 0
3, 0
3, 0
3, 0
3, 0
3, 0
3, 0
3, 0
3, 0
0, 0x56a50
0, 0x92a80
0, 0x56a70
0, 0x92aa0
0, 0x56a90
0, 0x92ac0
0, 0x56ab0
0, 0x92ae0
1, 0x92a60
0, 0x56a50
0, 0x92a80
2, 2
3, 0
3, 0
3, 0
3, 0
3, 0
3, 0
3, 0
3, 0
3, 0
3, 0
3, 0
3, 0
3, 0
3, 0
1, 0x92a80
0, 0x56a70
0, 0x92aa0
2, 2
3, 0
3, 0
3, 0
3, 0
3, 0
3, 0
3, 0
3, 0
3, 0
3, 0
3, 0
3, 0
3, 0
3, 0
1, 0x92aa0
0, 0x56a90
0, 0x92ac0
2, 2
3, 0
3, 0
3, 0
3, 0
3, 0
3, 0
3, 0
3, 0
3, 0
3, 0
3, 0
3, 0
3, 0
3, 0
1, 0x92ac0
0, 0x56ab0
0, 0x92ae0
2, 2
3, 0
3, 0
3, 0
3, 0
3, 0
3, 0
3, 0
3, 0
3, 0
3, 0
3, 0
3, 0
3, 0
3, 0
0, 0x56ad0
0, 0x92b00
0, 0x56af0
0, 0x92b20
0, 0x56b10
0, 0x92b40
0, 0x56b30
0, 0x92b60
1, 0x92ae0
0, 0x56ad0
0, 0x92b00
2, 2
3, 0
3, 0
3, 0
3, 0
3, 0
3, 0
3, 0
3, 0
3, 0
3, 0
3, 0
3, 0
3, 0
3, 0
1, 0x92b00
0, 0x56af0
0, 0x92b20
2, 2
3, 0
3, 0
3, 0
3, 0
3, 0
3, 0
3, 0
3, 0
3, 0
3, 0
3, 0
3, 0
3, 0
3, 0
1, 0x92b20
0, 0x56b10
0, 0x92b40
2, 2
3, 0
3, 0
3, 0
3, 0
3, 0
3, 0
3, 0
3, 0
3, 0
3, 0
3, 0
3, 0
3, 0
3, 0
1, 0x92b40
0, 0x56b30
0, 0x92b60
2, 2
3, 0
3, 0
3, 0
3, 0
3, 0
3, 0
3, 0
3, 0
3, 0
3, 0
3, 0
3, 0
3, 0
3, 0
0, 0x56b50
0, 0x92b80
0, 0x56b70
0, 0x92ba0
0, 0x56b90
0, 0x92bc0
0, 0x56bb0
0, 0x92be0
1, 0x92b60
0, 0x56b50
0, 0x92b80
2, 2
3, 0
3, 0
3, 0
3, 0
3, 0
3, 0
3, 0
3, 0
3, 0
3, 0
3, 0
3, 0
3, 0
3, 0
1, 0x92b80
0, 0x56b70
0, 0x92ba0
2, 2
3, 0
3, 0
3, 0
3, 0
3, 0
3, 0
3, 0
3, 0
3, 0
3, 0
3, 0
3, 0
3, 0
3, 0
1, 0x92ba0
0, 0x56b90
0, 0x92bc0
2, 2
3, 0
3, 0
3, 0
3, 0
3, 0
3, 0
3, 0
3, 0
3, 0
3, 0
3, 0
3, 0
3, 0
3, 0
1, 0x92bc0
0, 0x56bb0
0, 0x92be0
2, 2
3, 0
3, 0
3, 0
3, 0
3, 0
3, 0
3, 0
3, 0
3, 0
3, 0
3, 0
3, 0
3, 0
3, 0
0, 0x56bd0
0, 0x92c00
0, 0x56bf0
0, 0x92c20
0, 0x56c10
0, 0x92c40
0, 0x56c30
0, 0x92c60
1, 0x92be0
0, 0x56bd0
0, 0x92c00
2, 2
3, 0
3, 0
3, 0
3, 0
3, 0
3, 0
3, 0
3, 0
3, 0
3, 0
3, 0
3, 0
3, 0
3, 0
1, 0x92c00
0, 0x56bf0
0, 0x92c20
2, 2
3, 0
3, 0
3, 0
3, 0
3, 0
3, 0
3, 0
3, 0
3, 0
3, 0
3, 0
3, 0
3, 0
3, 0
1, 0x92c20
0, 0x56c10
0, 0x92c40
2, 2
3, 0
3, 0
3, 0
3, 0
3, 0
3, 0
3, 0
3, 0
3, 0
3, 0
3, 0
3, 0
3, 0
3, 0
1, 0x92c40
0, 0x56c30
0, 0x92c60
2, 2
3, 0
3, 0
3, 0
3, 0
3, 0
3, 0
3, 0
3, 0
3, 0
3, 0
3, 0
3, 0
3, 0
3, 0
0, 0x56c50
0, 0x92c80
0, 0x56c70
0, 0x92ca0
0, 0x56c90
0, 0x92cc0
0, 0x56cb0
0, 0x92ce0
1, 0x92c60
0, 0x56c50
0, 0x92c80
2, 2
3, 0
3, 0
3, 0
3, 0
3, 0
3, 0
3, 0
3, 0
3, 0
3, 0
3, 0
3, 0
3, 0
3, 0
1, 0x92c80
0, 0x56c70
0, 0x92ca0
2, 2
3, 0
3, 0
3, 0
3, 0
3, 0
3, 0
3, 0
3, 0
3, 0
3, 0
3, 0
3, 0
3, 0
3, 0
1, 0x92ca0
0, 0x56c90
0, 0x92cc0
2, 2
3, 0
3, 0
3, 0
3, 0
3, 0
3, 0
3, 0
3, 0
3, 0
3, 0
3, 0
3, 0
3, 0
3, 0
1, 0x92cc0
0, 0x56cb0
0, 0x92ce0
2, 2
3, 0
3, 0
3, 0
3, 0
3, 0
3, 0
3, 0
3, 0
3, 0
3, 0
3, 0
3, 0
3, 0
3, 0
0, 0x56cd0
0, 0x92d00
0, 0x56cf0
0, 0x92d20
0, 0x56d10
0, 0x92d40
0, 0x56d30
0, 0x92d60
1, 0x92ce0
0, 0x56cd0
0, 0x92d00
2, 2
3, 0
3, 0
3, 0
3, 0
3, 0
3, 0
3, 0
3, 0
3, 0
3, 0
3, 0
3, 0
3, 0
3, 0
1, 0x92d00
0, 0x56cf0
0, 0x92d20
2, 2
3, 0
3, 0
3, 0
3, 0
3, 0
3, 0
3, 0
3, 0
3, 0
3, 0
3, 0
3, 0
3, 0
3, 0
1, 0x92d20
0, 0x56d10
0, 0x92d40
2, 2
3, 0
3, 0
3, 0
3, 0
3, 0
3, 0
3, 0
3, 0
3, 0
3, 0
3, 0
3, 0
3, 0
3, 0
1, 0x92d40
0, 0x56d30
0, 0x92d60
2, 2
3, 0
3, 0
3, 0
3, 0
3, 0
3, 0
3, 0
3, 0
3, 0
3, 0
3, 0
3, 0
3, 0
3, 0
0, 0x56d50
0, 0x92d80
0, 0x56d70
0, 0x92da0
0, 0x56d90
0, 0x92dc0
0, 0x56db0
0, 0x92de0
1, 0x92d60
0, 0x56d50
0, 0x92d80
2, 2
3, 0
3, 0
3, 0
3, 0
3, 0
3, 0
3, 0
3, 0
3, 0
3, 0
3, 0
3, 0
3, 0
3, 0
1, 0x92d80
0, 0x56d70
0, 0x92da0
2, 2
3, 0
3, 0
3, 0
3, 0
3, 0
3, 0
3, 0
3, 0
3, 0
3, 0
3, 0
3, 0
3, 0
3, 0
1, 0x92da0
0, 0x56d90
0, 0x92dc0
2, 2
3, 0
3, 0
3, 0
3, 0
3, 0
3, 0
3, 0
3, 0
3, 0
3, 0
3, 0
3, 0
3, 0
3, 0
1, 0x92dc0
0, 0x56db0
0, 0x92de0
2, 2
3, 0
3, 0
3, 0
3, 0
3, 0
3, 0
3, 0
3, 0
3, 0
3, 0
3, 0
3, 0
3, 0
3, 0
0, 0x56dd0
0, 0x92e00
0, 0x56df0
0, 0x92e20
0, 0x56e10
0, 0x92e40
0, 0x56e30
0, 0x92e60
1, 0x92de0
0, 0x56dd0
0, 0x92e00
2, 2
3, 0
3, 0
3, 0
3, 0
3, 0
3, 0
3, 0
3, 0
3, 0
3, 0
3, 0
3, 0
3, 0
3, 0
1, 0x92e00
0, 0x56df0
0, 0x92e20
2, 2
3, 0
3, 0
3, 0
3, 0
3, 0
3, 0
3, 0
3, 0
3, 0
3, 0
3, 0
3, 0
3, 0
3, 0
1, 0x92e20
0, 0x56e10
0, 0x92e40
2, 2
3, 0
3, 0
3, 0
3, 0
3, 0
3, 0
3, 0
3, 0
3, 0
3, 0
3, 0
3, 0
3, 0
3, 0
1, 0x92e40
0, 0x56e30
0, 0x92e60
2, 2
3, 0
3, 0
3, 0
3, 0
3, 0
3, 0
3, 0
3, 0
3, 0
3, 0
3, 0
3, 0
3, 0
3, 0
0, 0x56e50
0, 0x92e80
0, 0x56e70
0, 0x92ea0
0, 0x56e90
0, 0x92ec0
0, 0x56eb0
0, 0x92ee0
1, 0x92e60
0, 0x56e50
0, 0x92e80
2, 2
3, 0
3, 0
3, 0
3, 0
3, 0
3, 0
3, 0
3, 0
3, 0
3, 0
3, 0
3, 0
3, 0
3, 0
1, 0x92e80
0, 0x56e70
0, 0x92ea0
2, 2
3, 0
3, 0
3, 0
3, 0
3, 0
3, 0
3, 0
3, 0
3, 0
3, 0
3, 0
3, 0
3, 0
3, 0
1, 0x92ea0
0, 0x56e90
0, 0x92ec0
2, 2
3, 0
3, 0
3, 0
3, 0
3, 0
3, 0
3, 0
3, 0
3, 0
3, 0
3, 0
3, 0
3, 0
3, 0
1, 0x92ec0
0, 0x56eb0
0, 0x92ee0
2, 2
3, 0
3, 0
3, 0
3, 0
3, 0
3, 0
3, 0
3, 0
3, 0
3, 0
3, 0
3, 0
3, 0
3, 0
0, 0x56ed0
0, 0x92f00
0, 0x56ef0
0, 0x92f20
0, 0x56f10
0, 0x92f40
0, 0x56f30
0, 0x92f60
1, 0x92ee0
0, 0x56ed0
0, 0x92f00
2, 2
3, 0
3, 0
3, 0
3, 0
3, 0
3, 0
3, 0
3, 0
3, 0
3, 0
3, 0
3, 0
3, 0
3, 0
1, 0x92f00
0, 0x56ef0
0, 0x92f20
2, 2
3, 0
3, 0
3, 0
3, 0
3, 0
3, 0
3, 0
3, 0
3, 0
3, 0
3, 0
3, 0
3, 0
3, 0
1, 0x92f20
0, 0x56f10
0, 0x92f40
2, 2
3, 0
3, 0
3, 0
3, 0
3, 0
3, 0
3, 0
3, 0
3, 0
3, 0
3, 0
3, 0
3, 0
3, 0
1, 0x92f40
0, 0x56f30
0, 0x92f60
2, 2
3, 0
3, 0
3, 0
3, 0
3, 0
3, 0
3, 0
3, 0
3, 0
3, 0
3, 0
3, 0
3, 0
3, 0
0, 0x56f50
0, 0x92f80
0, 0x56f70
0, 0x92fa0
0, 0x56f90
0, 0x92fc0
0, 0x56fb0
0, 0x92fe0
1, 0x92f60
0, 0x56f50
0, 0x92f80
2, 2
3, 0
3, 0
3, 0
3, 0
3, 0
3, 0
3, 0
3, 0
3, 0
3, 0
3, 0
3, 0
3, 0
3, 0
1, 0x92f80
0, 0x56f70
0, 0x92fa0
2, 2
3, 0
3, 0
3, 0
3, 0
3, 0
3, 0
3, 0
3, 0
3, 0
3, 0
3, 0
3, 0
3, 0
3, 0
1, 0x92fa0
0, 0x56f90
0, 0x92fc0
2, 2
3, 0
3, 0
3, 0
3, 0
3, 0
3, 0
3, 0
3, 0
3, 0
3, 0
3, 0
3, 0
3, 0
3, 0
1, 0x92fc0
0, 0x56fb0
0, 0x92fe0
2, 2
3, 0
3, 0
3, 0
3, 0
3, 0
3, 0
3, 0
3, 0
3, 0
3, 0
3, 0
3, 0
3, 0
3, 0
0, 0x56fd0
0, 0x93000
0, 0x56ff0
0, 0x93020
0, 0x57010
0, 0x93040
0, 0x57030
0, 0x93060
1, 0x92fe0
0, 0x56fd0
0, 0x93000
2, 2
3, 0
3, 0
3, 0
3, 0
3, 0
3, 0
3, 0
3, 0
3, 0
3, 0
3, 0
3, 0
3, 0
3, 0
1, 0x93000
0, 0x56ff0
0, 0x93020
2, 2
3, 0
3, 0
3, 0
3, 0
3, 0
3, 0
3, 0
3, 0
3, 0
3, 0
3, 0
3, 0
3, 0
3, 0
1, 0x93020
0, 0x57010
0, 0x93040
2, 2
3, 0
3, 0
3, 0
3, 0
3, 0
3, 0
3, 0
3, 0
3, 0
3, 0
3, 0
3, 0
3, 0
3, 0
1, 0x93040
0, 0x57030
0, 0x93060
2, 2
3, 0
3, 0
3, 0
3, 0
3, 0
3, 0
3, 0
3, 0
3, 0
3, 0
3, 0
3, 0
3, 0
3, 0
0, 0x57050
0, 0x93080
0, 0x57070
0, 0x930a0
0, 0x57090
0, 0x930c0
0, 0x570b0
0, 0x930e0
1, 0x93060
0, 0x57050
0, 0x93080
2, 2
3, 0
3, 0
3, 0
3, 0
3, 0
3, 0
3, 0
3, 0
3, 0
3, 0
3, 0
3, 0
3, 0
3, 0
1, 0x93080
0, 0x57070
0, 0x930a0
2, 2
3, 0
3, 0
3, 0
3, 0
3, 0
3, 0
3, 0
3, 0
3, 0
3, 0
3, 0
3, 0
3, 0
3, 0
1, 0x930a0
0, 0x57090
0, 0x930c0
2, 2
3, 0
3, 0
3, 0
3, 0
3, 0
3, 0
3, 0
3, 0
3, 0
3, 0
3, 0
3, 0
3, 0
3, 0
1, 0x930c0
0, 0x570b0
0, 0x930e0
2, 2
3, 0
3, 0
3, 0
3, 0
3, 0
3, 0
3, 0
3, 0
3, 0
3, 0
3, 0
3, 0
3, 0
3, 0
0, 0x570d0
0, 0x93100
0, 0x570f0
0, 0x93120
0, 0x57110
0, 0x93140
0, 0x57130
0, 0x93160
1, 0x930e0
0, 0x570d0
0, 0x93100
2, 2
3, 0
3, 0
3, 0
3, 0
3, 0
3, 0
3, 0
3, 0
3, 0
3, 0
3, 0
3, 0
3, 0
3, 0
1, 0x93100
0, 0x570f0
0, 0x93120
2, 2
3, 0
3, 0
3, 0
3, 0
3, 0
3, 0
3, 0
3, 0
3, 0
3, 0
3, 0
3, 0
3, 0
3, 0
1, 0x93120
0, 0x57110
0, 0x93140
2, 2
3, 0
3, 0
3, 0
3, 0
3, 0
3, 0
3, 0
3, 0
3, 0
3, 0
3, 0
3, 0
3, 0
3, 0
1, 0x93140
0, 0x57130
0, 0x93160
2, 2
3, 0
3, 0
3, 0
3, 0
3, 0
3, 0
3, 0
3, 0
3, 0
3, 0
3, 0
3, 0
3, 0
3, 0
0, 0x57150
0, 0x93180
0, 0x57170
0, 0x931a0
0, 0x57190
0, 0x931c0
0, 0x571b0
0, 0x931e0
1, 0x93160
0, 0x57150
0, 0x93180
2, 2
3, 0
3, 0
3, 0
3, 0
3, 0
3, 0
3, 0
3, 0
3, 0
3, 0
3, 0
3, 0
3, 0
3, 0
1, 0x93180
0, 0x57170
0, 0x931a0
2, 2
3, 0
3, 0
3, 0
3, 0
3, 0
3, 0
3, 0
3, 0
3, 0
3, 0
3, 0
3, 0
3, 0
3, 0
1, 0x931a0
0, 0x57190
0, 0x931c0
2, 2
3, 0
3, 0
3, 0
3, 0
3, 0
3, 0
3, 0
3, 0
3, 0
3, 0
3, 0
3, 0
3, 0
3, 0
1, 0x931c0
0, 0x571b0
0, 0x931e0
2, 2
3, 0
3, 0
3, 0
3, 0
3, 0
3, 0
3, 0
3, 0
3, 0
3, 0
3, 0
3, 0
3, 0
3, 0
0, 0x571d0
0, 0x93200
0, 0x571f0
0, 0x93220
0, 0x57210
0, 0x93240
0, 0x57230
0, 0x93260
1, 0x931e0
0, 0x571d0
0, 0x93200
2, 2
3, 0
3, 0
3, 0
3, 0
3, 0
3, 0
3, 0
3, 0
3, 0
3, 0
3, 0
3, 0
3, 0
3, 0
1, 0x93200
0, 0x571f0
0, 0x93220
2, 2
3, 0
3, 0
3, 0
3, 0
3, 0
3, 0
3, 0
3, 0
3, 0
3, 0
3, 0
3, 0
3, 0
3, 0
1, 0x93220
0, 0x57210
0, 0x93240
2, 2
3, 0
3, 0
3, 0
3, 0
3, 0
3, 0
3, 0
3, 0
3, 0
3, 0
3, 0
3, 0
3, 0
3, 0
1, 0x93240
0, 0x57230
0, 0x93260
2, 2
3, 0
3, 0
3, 0
3, 0
3, 0
3, 0
3, 0
3, 0
3, 0
3, 0
3, 0
3, 0
3, 0
3, 0
0, 0x57250
0, 0x93280
0, 0x57270
0, 0x932a0
0, 0x57290
0, 0x932c0
0, 0x572b0
0, 0x932e0
1, 0x93260
0, 0x57250
0, 0x93280
2, 2
3, 0
3, 0
3, 0
3, 0
3, 0
3, 0
3, 0
3, 0
3, 0
3, 0
3, 0
3, 0
3, 0
3, 0
1, 0x93280
0, 0x57270
0, 0x932a0
2, 2
3, 0
3, 0
3, 0
3, 0
3, 0
3, 0
3, 0
3, 0
3, 0
3, 0
3, 0
3, 0
3, 0
3, 0
1, 0x932a0
0, 0x57290
0, 0x932c0
2, 2
3, 0
3, 0
3, 0
3, 0
3, 0
3, 0
3, 0
3, 0
3, 0
3, 0
3, 0
3, 0
3, 0
3, 0
1, 0x932c0
0, 0x572b0
0, 0x932e0
2, 2
3, 0
3, 0
3, 0
3, 0
3, 0
3, 0
3, 0
3, 0
3, 0
3, 0
3, 0
3, 0
3, 0
3, 0
0, 0x572d0
0, 0x93300
0, 0x572f0
0, 0x93320
0, 0x57310
0, 0x93340
0, 0x57330
0, 0x93360
1, 0x932e0
0, 0x572d0
0, 0x93300
2, 2
3, 0
3, 0
3, 0
3, 0
3, 0
3, 0
3, 0
3, 0
3, 0
3, 0
3, 0
3, 0
3, 0
3, 0
1, 0x93300
0, 0x572f0
0, 0x93320
2, 2
3, 0
3, 0
3, 0
3, 0
3, 0
3, 0
3, 0
3, 0
3, 0
3, 0
3, 0
3, 0
3, 0
3, 0
1, 0x93320
0, 0x57310
0, 0x93340
2, 2
3, 0
3, 0
3, 0
3, 0
3, 0
3, 0
3, 0
3, 0
3, 0
3, 0
3, 0
3, 0
3, 0
3, 0
1, 0x93340
0, 0x57330
0, 0x93360
2, 2
3, 0
3, 0
3, 0
3, 0
3, 0
3, 0
3, 0
3, 0
3, 0
3, 0
3, 0
3, 0
3, 0
3, 0
0, 0x57350
0, 0x93380
0, 0x57370
0, 0x933a0
0, 0x57390
0, 0x933c0
0, 0x573b0
0, 0x933e0
1, 0x93360
0, 0x57350
0, 0x93380
2, 2
3, 0
3, 0
3, 0
3, 0
3, 0
3, 0
3, 0
3, 0
3, 0
3, 0
3, 0
3, 0
3, 0
3, 0
1, 0x93380
0, 0x57370
0, 0x933a0
2, 2
3, 0
3, 0
3, 0
3, 0
3, 0
3, 0
3, 0
3, 0
3, 0
3, 0
3, 0
3, 0
3, 0
3, 0
1, 0x933a0
0, 0x57390
0, 0x933c0
2, 2
3, 0
3, 0
3, 0
3, 0
3, 0
3, 0
3, 0
3, 0
3, 0
3, 0
3, 0
3, 0
3, 0
3, 0
1, 0x933c0
0, 0x573b0
0, 0x933e0
2, 2
3, 0
3, 0
3, 0
3, 0
3, 0
3, 0
3, 0
3, 0
3, 0
3, 0
3, 0
3, 0
3, 0
3, 0
0, 0x573d0
0, 0x93400
0, 0x573f0
0, 0x93420
0, 0x57410
0, 0x93440
0, 0x57430
0, 0x93460
1, 0x933e0
0, 0x573d0
0, 0x93400
2, 2
3, 0
3, 0
3, 0
3, 0
3, 0
3, 0
3, 0
3, 0
3, 0
3, 0
3, 0
3, 0
3, 0
3, 0
1, 0x93400
0, 0x573f0
0, 0x93420
2, 2
3, 0
3, 0
3, 0
3, 0
3, 0
3, 0
3, 0
3, 0
3, 0
3, 0
3, 0
3, 0
3, 0
3, 0
1, 0x93420
0, 0x57410
0, 0x93440
2, 2
3, 0
3, 0
3, 0
3, 0
3, 0
3, 0
3, 0
3, 0
3, 0
3, 0
3, 0
3, 0
3, 0
3, 0
1, 0x93440
0, 0x57430
0, 0x93460
2, 2
3, 0
3, 0
3, 0
3, 0
3, 0
3, 0
3, 0
3, 0
3, 0
3, 0
3, 0
3, 0
3, 0
3, 0
0, 0x57450
0, 0x93480
0, 0x57470
0, 0x934a0
0, 0x57490
0, 0x934c0
0, 0x574b0
0, 0x934e0
1, 0x93460
0, 0x57450
0, 0x93480
2, 2
3, 0
3, 0
3, 0
3, 0
3, 0
3, 0
3, 0
3, 0
3, 0
3, 0
3, 0
3, 0
3, 0
3, 0
1, 0x93480
0, 0x57470
0, 0x934a0
2, 2
3, 0
3, 0
3, 0
3, 0
3, 0
3, 0
3, 0
3, 0
3, 0
3, 0
3, 0
3, 0
3, 0
3, 0
1, 0x934a0
0, 0x57490
0, 0x934c0
2, 2
3, 0
3, 0
3, 0
3, 0
3, 0
3, 0
3, 0
3, 0
3, 0
3, 0
3, 0
3, 0
3, 0
3, 0
1, 0x934c0
0, 0x574b0
0, 0x934e0
2, 2
3, 0
3, 0
3, 0
3, 0
3, 0
3, 0
3, 0
3, 0
3, 0
3, 0
3, 0
3, 0
3, 0
3, 0
0, 0x574d0
0, 0x93500
0, 0x574f0
0, 0x93520
0, 0x57510
0, 0x93540
0, 0x57530
0, 0x93560
1, 0x934e0
0, 0x574d0
0, 0x93500
2, 2
3, 0
3, 0
3, 0
3, 0
3, 0
3, 0
3, 0
3, 0
3, 0
3, 0
3, 0
3, 0
3, 0
3, 0
1, 0x93500
0, 0x574f0
0, 0x93520
2, 2
3, 0
3, 0
3, 0
3, 0
3, 0
3, 0
3, 0
3, 0
3, 0
3, 0
3, 0
3, 0
3, 0
3, 0
1, 0x93520
0, 0x57510
0, 0x93540
2, 2
3, 0
3, 0
3, 0
3, 0
3, 0
3, 0
3, 0
3, 0
3, 0
3, 0
3, 0
3, 0
3, 0
3, 0
1, 0x93540
0, 0x57530
0, 0x93560
2, 2
3, 0
3, 0
3, 0
3, 0
3, 0
3, 0
3, 0
3, 0
3, 0
3, 0
3, 0
3, 0
3, 0
3, 0
0, 0x57550
0, 0x93580
0, 0x57570
0, 0x935a0
0, 0x57590
0, 0x935c0
0, 0x575b0
0, 0x935e0
1, 0x93560
0, 0x57550
0, 0x93580
2, 2
3, 0
3, 0
3, 0
3, 0
3, 0
3, 0
3, 0
3, 0
3, 0
3, 0
3, 0
3, 0
3, 0
3, 0
1, 0x93580
0, 0x57570
0, 0x935a0
2, 2
3, 0
3, 0
3, 0
3, 0
3, 0
3, 0
3, 0
3, 0
3, 0
3, 0
3, 0
3, 0
3, 0
3, 0
1, 0x935a0
0, 0x57590
0, 0x935c0
2, 2
3, 0
3, 0
3, 0
3, 0
3, 0
3, 0
3, 0
3, 0
3, 0
3, 0
3, 0
3, 0
3, 0
3, 0
1, 0x935c0
0, 0x575b0
0, 0x935e0
2, 2
3, 0
3, 0
3, 0
3, 0
3, 0
3, 0
3, 0
3, 0
3, 0
3, 0
3, 0
3, 0
3, 0
3, 0
0, 0x575d0
0, 0x93600
0, 0x575f0
0, 0x93620
0, 0x57610
0, 0x93640
0, 0x57630
0, 0x93660
1, 0x935e0
0, 0x575d0
0, 0x93600
2, 2
3, 0
3, 0
3, 0
3, 0
3, 0
3, 0
3, 0
3, 0
3, 0
3, 0
3, 0
3, 0
3, 0
3, 0
1, 0x93600
0, 0x575f0
0, 0x93620
2, 2
3, 0
3, 0
3, 0
3, 0
3, 0
3, 0
3, 0
3, 0
3, 0
3, 0
3, 0
3, 0
3, 0
3, 0
1, 0x93620
0, 0x57610
0, 0x93640
2, 2
3, 0
3, 0
3, 0
3, 0
3, 0
3, 0
3, 0
3, 0
3, 0
3, 0
3, 0
3, 0
3, 0
3, 0
1, 0x93640
0, 0x57630
0, 0x93660
2, 2
3, 0
3, 0
3, 0
3, 0
3, 0
3, 0
3, 0
3, 0
3, 0
3, 0
3, 0
3, 0
3, 0
3, 0
0, 0x57650
0, 0x93680
0, 0x57670
0, 0x936a0
0, 0x57690
0, 0x936c0
0, 0x576b0
0, 0x936e0
1, 0x93660
0, 0x57650
0, 0x93680
2, 2
3, 0
3, 0
3, 0
3, 0
3, 0
3, 0
3, 0
3, 0
3, 0
3, 0
3, 0
3, 0
3, 0
3, 0
1, 0x93680
0, 0x57670
0, 0x936a0
2, 2
3, 0
3, 0
3, 0
3, 0
3, 0
3, 0
3, 0
3, 0
3, 0
3, 0
3, 0
3, 0
3, 0
3, 0
1, 0x936a0
0, 0x57690
0, 0x936c0
2, 2
3, 0
3, 0
3, 0
3, 0
3, 0
3, 0
3, 0
3, 0
3, 0
3, 0
3, 0
3, 0
3, 0
3, 0
1, 0x936c0
0, 0x576b0
0, 0x936e0
2, 2
3, 0
3, 0
3, 0
3, 0
3, 0
3, 0
3, 0
3, 0
3, 0
3, 0
3, 0
3, 0
3, 0
3, 0
0, 0x576d0
0, 0x93700
0, 0x576f0
0, 0x93720
0, 0x57710
0, 0x93740
0, 0x57730
0, 0x93760
1, 0x936e0
0, 0x576d0
0, 0x93700
2, 2
3, 0
3, 0
3, 0
3, 0
3, 0
3, 0
3, 0
3, 0
3, 0
3, 0
3, 0
3, 0
3, 0
3, 0
1, 0x93700
0, 0x576f0
0, 0x93720
2, 2
3, 0
3, 0
3, 0
3, 0
3, 0
3, 0
3, 0
3, 0
3, 0
3, 0
3, 0
3, 0
3, 0
3, 0
1, 0x93720
0, 0x57710
0, 0x93740
2, 2
3, 0
3, 0
3, 0
3, 0
3, 0
3, 0
3, 0
3, 0
3, 0
3, 0
3, 0
3, 0
3, 0
3, 0
1, 0x93740
0, 0x57730
0, 0x93760
2, 2
3, 0
3, 0
3, 0
3, 0
3, 0
3, 0
3, 0
3, 0
3, 0
3, 0
3, 0
3, 0
3, 0
3, 0
0, 0x57750
0, 0x93780
0, 0x57770
0, 0x937a0
0, 0x57790
0, 0x937c0
0, 0x577b0
0, 0x937e0
1, 0x93760
0, 0x57750
0, 0x93780
2, 2
3, 0
3, 0
3, 0
3, 0
3, 0
3, 0
3, 0
3, 0
3, 0
3, 0
3, 0
3, 0
3, 0
3, 0
1, 0x93780
0, 0x57770
0, 0x937a0
2, 2
3, 0
3, 0
3, 0
3, 0
3, 0
3, 0
3, 0
3, 0
3, 0
3, 0
3, 0
3, 0
3, 0
3, 0
1, 0x937a0
0, 0x57790
0, 0x937c0
2, 2
3, 0
3, 0
3, 0
3, 0
3, 0
3, 0
3, 0
3, 0
3, 0
3, 0
3, 0
3, 0
3, 0
3, 0
1, 0x937c0
0, 0x577b0
0, 0x937e0
2, 2
3, 0
3, 0
3, 0
3, 0
3, 0
3, 0
3, 0
3, 0
3, 0
3, 0
3, 0
3, 0
3, 0
3, 0
0, 0x577d0
0, 0x93800
0, 0x577f0
0, 0x93820
0, 0x57810
0, 0x93840
0, 0x57830
0, 0x93860
1, 0x937e0
0, 0x577d0
0, 0x93800
2, 2
3, 0
3, 0
3, 0
3, 0
3, 0
3, 0
3, 0
3, 0
3, 0
3, 0
3, 0
3, 0
3, 0
3, 0
1, 0x93800
0, 0x577f0
0, 0x93820
2, 2
3, 0
3, 0
3, 0
3, 0
3, 0
3, 0
3, 0
3, 0
3, 0
3, 0
3, 0
3, 0
3, 0
3, 0
1, 0x93820
0, 0x57810
0, 0x93840
2, 2
3, 0
3, 0
3, 0
3, 0
3, 0
3, 0
3, 0
3, 0
3, 0
3, 0
3, 0
3, 0
3, 0
3, 0
1, 0x93840
0, 0x57830
0, 0x93860
2, 2
3, 0
3, 0
3, 0
3, 0
3, 0
3, 0
3, 0
3, 0
3, 0
3, 0
3, 0
3, 0
3, 0
3, 0
0, 0x57850
0, 0x93880
0, 0x57870
0, 0x938a0
0, 0x57890
0, 0x938c0
0, 0x578b0
0, 0x938e0
1, 0x93860
0, 0x57850
0, 0x93880
2, 2
3, 0
3, 0
3, 0
3, 0
3, 0
3, 0
3, 0
3, 0
3, 0
3, 0
3, 0
3, 0
3, 0
3, 0
1, 0x93880
0, 0x57870
0, 0x938a0
2, 2
3, 0
3, 0
3, 0
3, 0
3, 0
3, 0
3, 0
3, 0
3, 0
3, 0
3, 0
3, 0
3, 0
3, 0
1, 0x938a0
0, 0x57890
0, 0x938c0
2, 2
3, 0
3, 0
3, 0
3, 0
3, 0
3, 0
3, 0
3, 0
3, 0
3, 0
3, 0
3, 0
3, 0
3, 0
1, 0x938c0
0, 0x578b0
0, 0x938e0
2, 2
3, 0
3, 0
3, 0
3, 0
3, 0
3, 0
3, 0
3, 0
3, 0
3, 0
3, 0
3, 0
3, 0
3, 0
0, 0x578d0
0, 0x93900
0, 0x578f0
0, 0x93920
0, 0x57910
0, 0x93940
0, 0x57930
0, 0x93960
1, 0x938e0
0, 0x578d0
0, 0x93900
2, 2
3, 0
3, 0
3, 0
3, 0
3, 0
3, 0
3, 0
3, 0
3, 0
3, 0
3, 0
3, 0
3, 0
3, 0
1, 0x93900
0, 0x578f0
0, 0x93920
2, 2
3, 0
3, 0
3, 0
3, 0
3, 0
3, 0
3, 0
3, 0
3, 0
3, 0
3, 0
3, 0
3, 0
3, 0
1, 0x93920
0, 0x57910
0, 0x93940
2, 2
3, 0
3, 0
3, 0
3, 0
3, 0
3, 0
3, 0
3, 0
3, 0
3, 0
3, 0
3, 0
3, 0
3, 0
1, 0x93940
0, 0x57930
0, 0x93960
2, 2
3, 0
3, 0
3, 0
3, 0
3, 0
3, 0
3, 0
3, 0
3, 0
3, 0
3, 0
3, 0
3, 0
3, 0
0, 0x57950
0, 0x93980
0, 0x57970
0, 0x939a0
0, 0x57990
0, 0x939c0
0, 0x579b0
0, 0x939e0
1, 0x93960
0, 0x57950
0, 0x93980
2, 2
3, 0
3, 0
3, 0
3, 0
3, 0
3, 0
3, 0
3, 0
3, 0
3, 0
3, 0
3, 0
3, 0
3, 0
1, 0x93980
0, 0x57970
0, 0x939a0
2, 2
3, 0
3, 0
3, 0
3, 0
3, 0
3, 0
3, 0
3, 0
3, 0
3, 0
3, 0
3, 0
3, 0
3, 0
1, 0x939a0
0, 0x57990
0, 0x939c0
2, 2
3, 0
3, 0
3, 0
3, 0
3, 0
3, 0
3, 0
3, 0
3, 0
3, 0
3, 0
3, 0
3, 0
3, 0
1, 0x939c0
0, 0x579b0
0, 0x939e0
2, 2
3, 0
3, 0
3, 0
3, 0
3, 0
3, 0
3, 0
3, 0
3, 0
3, 0
3, 0
3, 0
3, 0
3, 0
0, 0x579d0
0, 0x93a00
0, 0x579f0
0, 0x93a20
0, 0x57a10
0, 0x93a40
0, 0x57a30
0, 0x93a60
1, 0x939e0
0, 0x579d0
0, 0x93a00
2, 2
3, 0
3, 0
3, 0
3, 0
3, 0
3, 0
3, 0
3, 0
3, 0
3, 0
3, 0
3, 0
3, 0
3, 0
1, 0x93a00
0, 0x579f0
0, 0x93a20
2, 2
3, 0
3, 0
3, 0
3, 0
3, 0
3, 0
3, 0
3, 0
3, 0
3, 0
3, 0
3, 0
3, 0
3, 0
1, 0x93a20
0, 0x57a10
0, 0x93a40
2, 2
3, 0
3, 0
3, 0
3, 0
3, 0
3, 0
3, 0
3, 0
3, 0
3, 0
3, 0
3, 0
3, 0
3, 0
1, 0x93a40
0, 0x57a30
0, 0x93a60
2, 2
3, 0
3, 0
3, 0
3, 0
3, 0
3, 0
3, 0
3, 0
3, 0
3, 0
3, 0
3, 0
3, 0
3, 0
0, 0x57a50
0, 0x93a80
0, 0x57a70
0, 0x93aa0
0, 0x57a90
0, 0x93ac0
0, 0x57ab0
0, 0x93ae0
1, 0x93a60
0, 0x57a50
0, 0x93a80
2, 2
3, 0
3, 0
3, 0
3, 0
3, 0
3, 0
3, 0
3, 0
3, 0
3, 0
3, 0
3, 0
3, 0
3, 0
1, 0x93a80
0, 0x57a70
0, 0x93aa0
2, 2
3, 0
3, 0
3, 0
3, 0
3, 0
3, 0
3, 0
3, 0
3, 0
3, 0
3, 0
3, 0
3, 0
3, 0
1, 0x93aa0
0, 0x57a90
0, 0x93ac0
2, 2
3, 0
3, 0
3, 0
3, 0
3, 0
3, 0
3, 0
3, 0
3, 0
3, 0
3, 0
3, 0
3, 0
3, 0
1, 0x93ac0
0, 0x57ab0
0, 0x93ae0
2, 2
3, 0
3, 0
3, 0
3, 0
3, 0
3, 0
3, 0
3, 0
3, 0
3, 0
3, 0
3, 0
3, 0
3, 0
0, 0x57ad0
0, 0x93b00
0, 0x57af0
0, 0x93b20
0, 0x57b10
0, 0x93b40
0, 0x57b30
0, 0x93b60
1, 0x93ae0
0, 0x57ad0
0, 0x93b00
2, 2
3, 0
3, 0
3, 0
3, 0
3, 0
3, 0
3, 0
3, 0
3, 0
3, 0
3, 0
3, 0
3, 0
3, 0
1, 0x93b00
0, 0x57af0
0, 0x93b20
2, 2
3, 0
3, 0
3, 0
3, 0
3, 0
3, 0
3, 0
3, 0
3, 0
3, 0
3, 0
3, 0
3, 0
3, 0
1, 0x93b20
0, 0x57b10
0, 0x93b40
2, 2
3, 0
3, 0
3, 0
3, 0
3, 0
3, 0
3, 0
3, 0
3, 0
3, 0
3, 0
3, 0
3, 0
3, 0
1, 0x93b40
0, 0x57b30
0, 0x93b60
2, 2
3, 0
3, 0
3, 0
3, 0
3, 0
3, 0
3, 0
3, 0
3, 0
3, 0
3, 0
3, 0
3, 0
3, 0
0, 0x57b50
0, 0x93b80
0, 0x57b70
0, 0x93ba0
0, 0x57b90
0, 0x93bc0
0, 0x57bb0
0, 0x93be0
1, 0x93b60
0, 0x57b50
0, 0x93b80
2, 2
3, 0
3, 0
3, 0
3, 0
3, 0
3, 0
3, 0
3, 0
3, 0
3, 0
3, 0
3, 0
3, 0
3, 0
1, 0x93b80
0, 0x57b70
0, 0x93ba0
2, 2
3, 0
3, 0
3, 0
3, 0
3, 0
3, 0
3, 0
3, 0
3, 0
3, 0
3, 0
3, 0
3, 0
3, 0
1, 0x93ba0
0, 0x57b90
0, 0x93bc0
2, 2
3, 0
3, 0
3, 0
3, 0
3, 0
3, 0
3, 0
3, 0
3, 0
3, 0
3, 0
3, 0
3, 0
3, 0
1, 0x93bc0
0, 0x57bb0
0, 0x93be0
2, 2
3, 0
3, 0
3, 0
3, 0
3, 0
3, 0
3, 0
3, 0
3, 0
3, 0
3, 0
3, 0
3, 0
3, 0
0, 0x57bd0
0, 0x93c00
0, 0x57bf0
0, 0x93c20
0, 0x57c10
0, 0x93c40
0, 0x57c30
0, 0x93c60
1, 0x93be0
0, 0x57bd0
0, 0x93c00
2, 2
3, 0
3, 0
3, 0
3, 0
3, 0
3, 0
3, 0
3, 0
3, 0
3, 0
3, 0
3, 0
3, 0
3, 0
1, 0x93c00
0, 0x57bf0
0, 0x93c20
2, 2
3, 0
3, 0
3, 0
3, 0
3, 0
3, 0
3, 0
3, 0
3, 0
3, 0
3, 0
3, 0
3, 0
3, 0
1, 0x93c20
0, 0x57c10
0, 0x93c40
2, 2
3, 0
3, 0
3, 0
3, 0
3, 0
3, 0
3, 0
3, 0
3, 0
3, 0
3, 0
3, 0
3, 0
3, 0
1, 0x93c40
0, 0x57c30
0, 0x93c60
2, 2
3, 0
3, 0
3, 0
3, 0
3, 0
3, 0
3, 0
3, 0
3, 0
3, 0
3, 0
3, 0
3, 0
3, 0
0, 0x57c50
0, 0x93c80
0, 0x57c70
0, 0x93ca0
0, 0x57c90
0, 0x93cc0
0, 0x57cb0
0, 0x93ce0
1, 0x93c60
0, 0x57c50
0, 0x93c80
2, 2
3, 0
3, 0
3, 0
3, 0
3, 0
3, 0
3, 0
3, 0
3, 0
3, 0
3, 0
3, 0
3, 0
3, 0
1, 0x93c80
0, 0x57c70
0, 0x93ca0
2, 2
3, 0
3, 0
3, 0
3, 0
3, 0
3, 0
3, 0
3, 0
3, 0
3, 0
3, 0
3, 0
3, 0
3, 0
1, 0x93ca0
0, 0x57c90
0, 0x93cc0
2, 2
3, 0
3, 0
3, 0
3, 0
3, 0
3, 0
3, 0
3, 0
3, 0
3, 0
3, 0
3, 0
3, 0
3, 0
1, 0x93cc0
0, 0x57cb0
0, 0x93ce0
2, 2
3, 0
3, 0
3, 0
3, 0
3, 0
3, 0
3, 0
3, 0
3, 0
3, 0
3, 0
3, 0
3, 0
3, 0
0, 0x57cd0
0, 0x93d00
0, 0x57cf0
0, 0x93d20
0, 0x57d10
0, 0x93d40
0, 0x57d30
0, 0x93d60
1, 0x93ce0
0, 0x57cd0
0, 0x93d00
2, 2
3, 0
3, 0
3, 0
3, 0
3, 0
3, 0
3, 0
3, 0
3, 0
3, 0
3, 0
3, 0
3, 0
3, 0
1, 0x93d00
0, 0x57cf0
0, 0x93d20
2, 2
3, 0
3, 0
3, 0
3, 0
3, 0
3, 0
3, 0
3, 0
3, 0
3, 0
3, 0
3, 0
3, 0
3, 0
1, 0x93d20
0, 0x57d10
0, 0x93d40
2, 2
3, 0
3, 0
3, 0
3, 0
3, 0
3, 0
3, 0
3, 0
3, 0
3, 0
3, 0
3, 0
3, 0
3, 0
1, 0x93d40
0, 0x57d30
0, 0x93d60
2, 2
3, 0
3, 0
3, 0
3, 0
3, 0
3, 0
3, 0
3, 0
3, 0
3, 0
3, 0
3, 0
3, 0
3, 0
0, 0x57d50
0, 0x93d80
0, 0x57d70
0, 0x93da0
0, 0x57d90
0, 0x93dc0
0, 0x57db0
0, 0x93de0
1, 0x93d60
0, 0x57d50
0, 0x93d80
2, 2
3, 0
3, 0
3, 0
3, 0
3, 0
3, 0
3, 0
3, 0
3, 0
3, 0
3, 0
3, 0
3, 0
3, 0
1, 0x93d80
0, 0x57d70
0, 0x93da0
2, 2
3, 0
3, 0
3, 0
3, 0
3, 0
3, 0
3, 0
3, 0
3, 0
3, 0
3, 0
3, 0
3, 0
3, 0
1, 0x93da0
0, 0x57d90
0, 0x93dc0
2, 2
3, 0
3, 0
3, 0
3, 0
3, 0
3, 0
3, 0
3, 0
3, 0
3, 0
3, 0
3, 0
3, 0
3, 0
1, 0x93dc0
0, 0x57db0
0, 0x93de0
2, 2
3, 0
3, 0
3, 0
3, 0
3, 0
3, 0
3, 0
3, 0
3, 0
3, 0
3, 0
3, 0
3, 0
3, 0
0, 0x57dd0
0, 0x93e00
0, 0x57df0
0, 0x93e20
0, 0x57e10
0, 0x93e40
0, 0x57e30
0, 0x93e60
1, 0x93de0
0, 0x57dd0
0, 0x93e00
2, 2
3, 0
3, 0
3, 0
3, 0
3, 0
3, 0
3, 0
3, 0
3, 0
3, 0
3, 0
3, 0
3, 0
3, 0
1, 0x93e00
0, 0x57df0
0, 0x93e20
2, 2
3, 0
3, 0
3, 0
3, 0
3, 0
3, 0
3, 0
3, 0
3, 0
3, 0
3, 0
3, 0
3, 0
3, 0
1, 0x93e20
0, 0x57e10
0, 0x93e40
2, 2
3, 0
3, 0
3, 0
3, 0
3, 0
3, 0
3, 0
3, 0
3, 0
3, 0
3, 0
3, 0
3, 0
3, 0
1, 0x93e40
0, 0x57e30
0, 0x93e60
2, 2
3, 0
3, 0
3, 0
3, 0
3, 0
3, 0
3, 0
3, 0
3, 0
3, 0
3, 0
3, 0
3, 0
3, 0
0, 0x57e50
0, 0x93e80
0, 0x57e70
0, 0x93ea0
0, 0x57e90
0, 0x93ec0
0, 0x57eb0
0, 0x93ee0
1, 0x93e60
0, 0x57e50
0, 0x93e80
2, 2
3, 0
3, 0
3, 0
3, 0
3, 0
3, 0
3, 0
3, 0
3, 0
3, 0
3, 0
3, 0
3, 0
3, 0
1, 0x93e80
0, 0x57e70
0, 0x93ea0
2, 2
3, 0
3, 0
3, 0
3, 0
3, 0
3, 0
3, 0
3, 0
3, 0
3, 0
3, 0
3, 0
3, 0
3, 0
1, 0x93ea0
0, 0x57e90
0, 0x93ec0
2, 2
3, 0
3, 0
3, 0
3, 0
3, 0
3, 0
3, 0
3, 0
3, 0
3, 0
3, 0
3, 0
3, 0
3, 0
1, 0x93ec0
0, 0x57eb0
0, 0x93ee0
2, 2
3, 0
3, 0
3, 0
3, 0
3, 0
3, 0
3, 0
3, 0
3, 0
3, 0
3, 0
3, 0
3, 0
3, 0
0, 0x57ed0
0, 0x93f00
0, 0x57ef0
0, 0x93f20
0, 0x57f10
0, 0x93f40
0, 0x57f30
0, 0x93f60
1, 0x93ee0
0, 0x57ed0
0, 0x93f00
2, 2
3, 0
3, 0
3, 0
3, 0
3, 0
3, 0
3, 0
3, 0
3, 0
3, 0
3, 0
3, 0
3, 0
3, 0
1, 0x93f00
0, 0x57ef0
0, 0x93f20
2, 2
3, 0
3, 0
3, 0
3, 0
3, 0
3, 0
3, 0
3, 0
3, 0
3, 0
3, 0
3, 0
3, 0
3, 0
1, 0x93f20
0, 0x57f10
0, 0x93f40
2, 2
3, 0
3, 0
3, 0
3, 0
3, 0
3, 0
3, 0
3, 0
3, 0
3, 0
3, 0
3, 0
3, 0
3, 0
1, 0x93f40
0, 0x57f30
0, 0x93f60
2, 2
3, 0
3, 0
3, 0
3, 0
3, 0
3, 0
3, 0
3, 0
3, 0
3, 0
3, 0
3, 0
3, 0
3, 0
0, 0x57f50
0, 0x93f80
0, 0x57f70
0, 0x93fa0
0, 0x57f90
0, 0x93fc0
0, 0x57fb0
0, 0x93fe0
1, 0x93f60
0, 0x57f50
0, 0x93f80
2, 2
3, 0
3, 0
3, 0
3, 0
3, 0
3, 0
3, 0
3, 0
3, 0
3, 0
3, 0
3, 0
3, 0
3, 0
1, 0x93f80
0, 0x57f70
0, 0x93fa0
2, 2
3, 0
3, 0
3, 0
3, 0
3, 0
3, 0
3, 0
3, 0
3, 0
3, 0
3, 0
3, 0
3, 0
3, 0
1, 0x93fa0
0, 0x57f90
0, 0x93fc0
2, 2
3, 0
3, 0
3, 0
3, 0
3, 0
3, 0
3, 0
3, 0
3, 0
3, 0
3, 0
3, 0
3, 0
3, 0
1, 0x93fc0
0, 0x57fb0
0, 0x93fe0
2, 2
3, 0
3, 0
3, 0
3, 0
3, 0
3, 0
3, 0
3, 0
3, 0
3, 0
3, 0
3, 0
3, 0
3, 0
0, 0x57fd0
0, 0x94000
0, 0x57ff0
0, 0x94020
0, 0x58010
0, 0x94040
0, 0x58030
0, 0x94060
1, 0x93fe0
0, 0x57fd0
0, 0x94000
2, 2
3, 0
3, 0
3, 0
3, 0
3, 0
3, 0
3, 0
3, 0
3, 0
3, 0
3, 0
3, 0
3, 0
3, 0
1, 0x94000
0, 0x57ff0
0, 0x94020
2, 2
3, 0
3, 0
3, 0
3, 0
3, 0
3, 0
3, 0
3, 0
3, 0
3, 0
3, 0
3, 0
3, 0
3, 0
1, 0x94020
0, 0x58010
0, 0x94040
2, 2
3, 0
3, 0
3, 0
3, 0
3, 0
3, 0
3, 0
3, 0
3, 0
3, 0
3, 0
3, 0
3, 0
3, 0
1, 0x94040
0, 0x58030
0, 0x94060
2, 2
3, 0
3, 0
3, 0
3, 0
3, 0
3, 0
3, 0
3, 0
3, 0
3, 0
3, 0
3, 0
3, 0
3, 0
0, 0x58050
0, 0x94080
0, 0x58070
0, 0x940a0
0, 0x58090
0, 0x940c0
0, 0x580b0
0, 0x940e0
1, 0x94060
0, 0x58050
0, 0x94080
2, 2
3, 0
3, 0
3, 0
3, 0
3, 0
3, 0
3, 0
3, 0
3, 0
3, 0
3, 0
3, 0
3, 0
3, 0
1, 0x94080
0, 0x58070
0, 0x940a0
2, 2
3, 0
3, 0
3, 0
3, 0
3, 0
3, 0
3, 0
3, 0
3, 0
3, 0
3, 0
3, 0
3, 0
3, 0
1, 0x940a0
0, 0x58090
0, 0x940c0
2, 2
3, 0
3, 0
3, 0
3, 0
3, 0
3, 0
3, 0
3, 0
3, 0
3, 0
3, 0
3, 0
3, 0
3, 0
1, 0x940c0
0, 0x580b0
0, 0x940e0
2, 2
3, 0
3, 0
3, 0
3, 0
3, 0
3, 0
3, 0
3, 0
3, 0
3, 0
3, 0
3, 0
3, 0
3, 0
0, 0x580d0
0, 0x94100
0, 0x580f0
0, 0x94120
0, 0x58110
0, 0x94140
0, 0x58130
0, 0x94160
1, 0x940e0
0, 0x580d0
0, 0x94100
2, 2
3, 0
3, 0
3, 0
3, 0
3, 0
3, 0
3, 0
3, 0
3, 0
3, 0
3, 0
3, 0
3, 0
3, 0
1, 0x94100
0, 0x580f0
0, 0x94120
2, 2
3, 0
3, 0
3, 0
3, 0
3, 0
3, 0
3, 0
3, 0
3, 0
3, 0
3, 0
3, 0
3, 0
3, 0
1, 0x94120
0, 0x58110
0, 0x94140
2, 2
3, 0
3, 0
3, 0
3, 0
3, 0
3, 0
3, 0
3, 0
3, 0
3, 0
3, 0
3, 0
3, 0
3, 0
1, 0x94140
0, 0x58130
0, 0x94160
2, 2
3, 0
3, 0
3, 0
3, 0
3, 0
3, 0
3, 0
3, 0
3, 0
3, 0
3, 0
3, 0
3, 0
3, 0
0, 0x58150
0, 0x94180
0, 0x58170
0, 0x941a0
0, 0x58190
0, 0x941c0
0, 0x581b0
0, 0x941e0
1, 0x94160
0, 0x58150
0, 0x94180
2, 2
3, 0
3, 0
3, 0
3, 0
3, 0
3, 0
3, 0
3, 0
3, 0
3, 0
3, 0
3, 0
3, 0
3, 0
1, 0x94180
0, 0x58170
0, 0x941a0
2, 2
3, 0
3, 0
3, 0
3, 0
3, 0
3, 0
3, 0
3, 0
3, 0
3, 0
3, 0
3, 0
3, 0
3, 0
1, 0x941a0
0, 0x58190
0, 0x941c0
2, 2
3, 0
3, 0
3, 0
3, 0
3, 0
3, 0
3, 0
3, 0
3, 0
3, 0
3, 0
3, 0
3, 0
3, 0
1, 0x941c0
0, 0x581b0
0, 0x941e0
2, 2
3, 0
3, 0
3, 0
3, 0
3, 0
3, 0
3, 0
3, 0
3, 0
3, 0
3, 0
3, 0
3, 0
3, 0
0, 0x581d0
0, 0x94200
0, 0x581f0
0, 0x94220
0, 0x58210
0, 0x94240
0, 0x58230
0, 0x94260
1, 0x941e0
0, 0x581d0
0, 0x94200
2, 2
3, 0
3, 0
3, 0
3, 0
3, 0
3, 0
3, 0
3, 0
3, 0
3, 0
3, 0
3, 0
3, 0
3, 0
1, 0x94200
0, 0x581f0
0, 0x94220
2, 2
3, 0
3, 0
3, 0
3, 0
3, 0
3, 0
3, 0
3, 0
3, 0
3, 0
3, 0
3, 0
3, 0
3, 0
1, 0x94220
0, 0x58210
0, 0x94240
2, 2
3, 0
3, 0
3, 0
3, 0
3, 0
3, 0
3, 0
3, 0
3, 0
3, 0
3, 0
3, 0
3, 0
3, 0
1, 0x94240
0, 0x58230
0, 0x94260
2, 2
3, 0
3, 0
3, 0
3, 0
3, 0
3, 0
3, 0
3, 0
3, 0
3, 0
3, 0
3, 0
3, 0
3, 0
0, 0x58250
0, 0x94280
0, 0x58270
0, 0x942a0
0, 0x58290
0, 0x942c0
0, 0x582b0
0, 0x942e0
1, 0x94260
0, 0x58250
0, 0x94280
2, 2
3, 0
3, 0
3, 0
3, 0
3, 0
3, 0
3, 0
3, 0
3, 0
3, 0
3, 0
3, 0
3, 0
3, 0
1, 0x94280
0, 0x58270
0, 0x942a0
2, 2
3, 0
3, 0
3, 0
3, 0
3, 0
3, 0
3, 0
3, 0
3, 0
3, 0
3, 0
3, 0
3, 0
3, 0
1, 0x942a0
0, 0x58290
0, 0x942c0
2, 2
3, 0
3, 0
3, 0
3, 0
3, 0
3, 0
3, 0
3, 0
3, 0
3, 0
3, 0
3, 0
3, 0
3, 0
1, 0x942c0
0, 0x582b0
0, 0x942e0
2, 2
3, 0
3, 0
3, 0
3, 0
3, 0
3, 0
3, 0
3, 0
3, 0
3, 0
3, 0
3, 0
3, 0
3, 0
0, 0x582d0
0, 0x94300
0, 0x582f0
0, 0x94320
0, 0x58310
0, 0x94340
0, 0x58330
0, 0x94360
1, 0x942e0
0, 0x582d0
0, 0x94300
2, 2
3, 0
3, 0
3, 0
3, 0
3, 0
3, 0
3, 0
3, 0
3, 0
3, 0
3, 0
3, 0
3, 0
3, 0
1, 0x94300
0, 0x582f0
0, 0x94320
2, 2
3, 0
3, 0
3, 0
3, 0
3, 0
3, 0
3, 0
3, 0
3, 0
3, 0
3, 0
3, 0
3, 0
3, 0
1, 0x94320
0, 0x58310
0, 0x94340
2, 2
3, 0
3, 0
3, 0
3, 0
3, 0
3, 0
3, 0
3, 0
3, 0
3, 0
3, 0
3, 0
3, 0
3, 0
1, 0x94340
0, 0x58330
0, 0x94360
2, 2
3, 0
3, 0
3, 0
3, 0
3, 0
3, 0
3, 0
3, 0
3, 0
3, 0
3, 0
3, 0
3, 0
3, 0
0, 0x58350
0, 0x94380
0, 0x58370
0, 0x943a0
0, 0x58390
0, 0x943c0
0, 0x583b0
0, 0x943e0
1, 0x94360
0, 0x58350
0, 0x94380
2, 2
3, 0
3, 0
3, 0
3, 0
3, 0
3, 0
3, 0
3, 0
3, 0
3, 0
3, 0
3, 0
3, 0
3, 0
1, 0x94380
0, 0x58370
0, 0x943a0
2, 2
3, 0
3, 0
3, 0
3, 0
3, 0
3, 0
3, 0
3, 0
3, 0
3, 0
3, 0
3, 0
3, 0
3, 0
1, 0x943a0
0, 0x58390
0, 0x943c0
2, 2
3, 0
3, 0
3, 0
3, 0
3, 0
3, 0
3, 0
3, 0
3, 0
3, 0
3, 0
3, 0
3, 0
3, 0
1, 0x943c0
0, 0x583b0
0, 0x943e0
2, 2
3, 0
3, 0
3, 0
3, 0
3, 0
3, 0
3, 0
3, 0
3, 0
3, 0
3, 0
3, 0
3, 0
3, 0
0, 0x583d0
0, 0x94400
0, 0x583f0
0, 0x94420
0, 0x58410
0, 0x94440
0, 0x58430
0, 0x94460
1, 0x943e0
0, 0x583d0
0, 0x94400
2, 2
3, 0
3, 0
3, 0
3, 0
3, 0
3, 0
3, 0
3, 0
3, 0
3, 0
3, 0
3, 0
3, 0
3, 0
1, 0x94400
0, 0x583f0
0, 0x94420
2, 2
3, 0
3, 0
3, 0
3, 0
3, 0
3, 0
3, 0
3, 0
3, 0
3, 0
3, 0
3, 0
3, 0
3, 0
1, 0x94420
0, 0x58410
0, 0x94440
2, 2
3, 0
3, 0
3, 0
3, 0
3, 0
3, 0
3, 0
3, 0
3, 0
3, 0
3, 0
3, 0
3, 0
3, 0
1, 0x94440
0, 0x58430
0, 0x94460
2, 2
3, 0
3, 0
3, 0
3, 0
3, 0
3, 0
3, 0
3, 0
3, 0
3, 0
3, 0
3, 0
3, 0
3, 0
0, 0x58450
0, 0x94480
0, 0x58470
0, 0x944a0
0, 0x58490
0, 0x944c0
0, 0x584b0
0, 0x944e0
1, 0x94460
0, 0x58450
0, 0x94480
2, 2
3, 0
3, 0
3, 0
3, 0
3, 0
3, 0
3, 0
3, 0
3, 0
3, 0
3, 0
3, 0
3, 0
3, 0
1, 0x94480
0, 0x58470
0, 0x944a0
2, 2
3, 0
3, 0
3, 0
3, 0
3, 0
3, 0
3, 0
3, 0
3, 0
3, 0
3, 0
3, 0
3, 0
3, 0
1, 0x944a0
0, 0x58490
0, 0x944c0
2, 2
3, 0
3, 0
3, 0
3, 0
3, 0
3, 0
3, 0
3, 0
3, 0
3, 0
3, 0
3, 0
3, 0
3, 0
1, 0x944c0
0, 0x584b0
0, 0x944e0
2, 2
3, 0
3, 0
3, 0
3, 0
3, 0
3, 0
3, 0
3, 0
3, 0
3, 0
3, 0
3, 0
3, 0
3, 0
0, 0x584d0
0, 0x94500
0, 0x584f0
0, 0x94520
0, 0x58510
0, 0x94540
0, 0x58530
0, 0x94560
1, 0x944e0
0, 0x584d0
0, 0x94500
2, 2
3, 0
3, 0
3, 0
3, 0
3, 0
3, 0
3, 0
3, 0
3, 0
3, 0
3, 0
3, 0
3, 0
3, 0
1, 0x94500
0, 0x584f0
0, 0x94520
2, 2
3, 0
3, 0
3, 0
3, 0
3, 0
3, 0
3, 0
3, 0
3, 0
3, 0
3, 0
3, 0
3, 0
3, 0
1, 0x94520
0, 0x58510
0, 0x94540
2, 2
3, 0
3, 0
3, 0
3, 0
3, 0
3, 0
3, 0
3, 0
3, 0
3, 0
3, 0
3, 0
3, 0
3, 0
1, 0x94540
0, 0x58530
0, 0x94560
2, 2
3, 0
3, 0
3, 0
3, 0
3, 0
3, 0
3, 0
3, 0
3, 0
3, 0
3, 0
3, 0
3, 0
3, 0
0, 0x58550
0, 0x94580
0, 0x58570
0, 0x945a0
0, 0x58590
0, 0x945c0
0, 0x585b0
0, 0x945e0
1, 0x94560
0, 0x58550
0, 0x94580
2, 2
3, 0
3, 0
3, 0
3, 0
3, 0
3, 0
3, 0
3, 0
3, 0
3, 0
3, 0
3, 0
3, 0
3, 0
1, 0x94580
0, 0x58570
0, 0x945a0
2, 2
3, 0
3, 0
3, 0
3, 0
3, 0
3, 0
3, 0
3, 0
3, 0
3, 0
3, 0
3, 0
3, 0
3, 0
1, 0x945a0
0, 0x58590
0, 0x945c0
2, 2
3, 0
3, 0
3, 0
3, 0
3, 0
3, 0
3, 0
3, 0
3, 0
3, 0
3, 0
3, 0
3, 0
3, 0
1, 0x945c0
0, 0x585b0
0, 0x945e0
2, 2
3, 0
3, 0
3, 0
3, 0
3, 0
3, 0
3, 0
3, 0
3, 0
3, 0
3, 0
3, 0
3, 0
3, 0
0, 0x585d0
0, 0x94600
0, 0x585f0
0, 0x94620
0, 0x58610
0, 0x94640
0, 0x58630
0, 0x94660
1, 0x945e0
0, 0x585d0
0, 0x94600
2, 2
3, 0
3, 0
3, 0
3, 0
3, 0
3, 0
3, 0
3, 0
3, 0
3, 0
3, 0
3, 0
3, 0
3, 0
1, 0x94600
0, 0x585f0
0, 0x94620
2, 2
3, 0
3, 0
3, 0
3, 0
3, 0
3, 0
3, 0
3, 0
3, 0
3, 0
3, 0
3, 0
3, 0
3, 0
1, 0x94620
0, 0x58610
0, 0x94640
2, 2
3, 0
3, 0
3, 0
3, 0
3, 0
3, 0
3, 0
3, 0
3, 0
3, 0
3, 0
3, 0
3, 0
3, 0
1, 0x94640
0, 0x58630
0, 0x94660
2, 2
3, 0
3, 0
3, 0
3, 0
3, 0
3, 0
3, 0
3, 0
3, 0
3, 0
3, 0
3, 0
3, 0
3, 0
0, 0x58650
0, 0x94680
0, 0x58670
0, 0x946a0
0, 0x58690
0, 0x946c0
0, 0x586b0
0, 0x946e0
1, 0x94660
0, 0x58650
0, 0x94680
2, 2
3, 0
3, 0
3, 0
3, 0
3, 0
3, 0
3, 0
3, 0
3, 0
3, 0
3, 0
3, 0
3, 0
3, 0
1, 0x94680
0, 0x58670
0, 0x946a0
2, 2
3, 0
3, 0
3, 0
3, 0
3, 0
3, 0
3, 0
3, 0
3, 0
3, 0
3, 0
3, 0
3, 0
3, 0
1, 0x946a0
0, 0x58690
0, 0x946c0
2, 2
3, 0
3, 0
3, 0
3, 0
3, 0
3, 0
3, 0
3, 0
3, 0
3, 0
3, 0
3, 0
3, 0
3, 0
1, 0x946c0
0, 0x586b0
0, 0x946e0
2, 2
3, 0
3, 0
3, 0
3, 0
3, 0
3, 0
3, 0
3, 0
3, 0
3, 0
3, 0
3, 0
3, 0
3, 0
0, 0x586d0
0, 0x94700
0, 0x586f0
0, 0x94720
0, 0x58710
0, 0x94740
0, 0x58730
0, 0x94760
1, 0x946e0
0, 0x586d0
0, 0x94700
2, 2
3, 0
3, 0
3, 0
3, 0
3, 0
3, 0
3, 0
3, 0
3, 0
3, 0
3, 0
3, 0
3, 0
3, 0
1, 0x94700
0, 0x586f0
0, 0x94720
2, 2
3, 0
3, 0
3, 0
3, 0
3, 0
3, 0
3, 0
3, 0
3, 0
3, 0
3, 0
3, 0
3, 0
3, 0
1, 0x94720
0, 0x58710
0, 0x94740
2, 2
3, 0
3, 0
3, 0
3, 0
3, 0
3, 0
3, 0
3, 0
3, 0
3, 0
3, 0
3, 0
3, 0
3, 0
1, 0x94740
0, 0x58730
0, 0x94760
2, 2
3, 0
3, 0
3, 0
3, 0
3, 0
3, 0
3, 0
3, 0
3, 0
3, 0
3, 0
3, 0
3, 0
3, 0
0, 0x58750
0, 0x94780
0, 0x58770
0, 0x947a0
0, 0x58790
0, 0x947c0
0, 0x587b0
0, 0x947e0
1, 0x94760
0, 0x58750
0, 0x94780
2, 2
3, 0
3, 0
3, 0
3, 0
3, 0
3, 0
3, 0
3, 0
3, 0
3, 0
3, 0
3, 0
3, 0
3, 0
1, 0x94780
0, 0x58770
0, 0x947a0
2, 2
3, 0
3, 0
3, 0
3, 0
3, 0
3, 0
3, 0
3, 0
3, 0
3, 0
3, 0
3, 0
3, 0
3, 0
1, 0x947a0
0, 0x58790
0, 0x947c0
2, 2
3, 0
3, 0
3, 0
3, 0
3, 0
3, 0
3, 0
3, 0
3, 0
3, 0
3, 0
3, 0
3, 0
3, 0
1, 0x947c0
0, 0x587b0
0, 0x947e0
2, 2
3, 0
3, 0
3, 0
3, 0
3, 0
3, 0
3, 0
3, 0
3, 0
3, 0
3, 0
3, 0
3, 0
3, 0
0, 0x587d0
0, 0x94800
0, 0x587f0
0, 0x94820
0, 0x58810
0, 0x94840
0, 0x58830
0, 0x94860
1, 0x947e0
0, 0x587d0
0, 0x94800
2, 2
3, 0
3, 0
3, 0
3, 0
3, 0
3, 0
3, 0
3, 0
3, 0
3, 0
3, 0
3, 0
3, 0
3, 0
1, 0x94800
0, 0x587f0
0, 0x94820
2, 2
3, 0
3, 0
3, 0
3, 0
3, 0
3, 0
3, 0
3, 0
3, 0
3, 0
3, 0
3, 0
3, 0
3, 0
1, 0x94820
0, 0x58810
0, 0x94840
2, 2
3, 0
3, 0
3, 0
3, 0
3, 0
3, 0
3, 0
3, 0
3, 0
3, 0
3, 0
3, 0
3, 0
3, 0
1, 0x94840
0, 0x58830
0, 0x94860
2, 2
3, 0
3, 0
3, 0
3, 0
3, 0
3, 0
3, 0
3, 0
3, 0
3, 0
3, 0
3, 0
3, 0
3, 0
0, 0x58850
0, 0x94880
0, 0x58870
0, 0x948a0
0, 0x58890
0, 0x948c0
0, 0x588b0
0, 0x948e0
1, 0x94860
0, 0x58850
0, 0x94880
2, 2
3, 0
3, 0
3, 0
3, 0
3, 0
3, 0
3, 0
3, 0
3, 0
3, 0
3, 0
3, 0
3, 0
3, 0
1, 0x94880
0, 0x58870
0, 0x948a0
2, 2
3, 0
3, 0
3, 0
3, 0
3, 0
3, 0
3, 0
3, 0
3, 0
3, 0
3, 0
3, 0
3, 0
3, 0
1, 0x948a0
0, 0x58890
0, 0x948c0
2, 2
3, 0
3, 0
3, 0
3, 0
3, 0
3, 0
3, 0
3, 0
3, 0
3, 0
3, 0
3, 0
3, 0
3, 0
1, 0x948c0
0, 0x588b0
0, 0x948e0
2, 2
3, 0
3, 0
3, 0
3, 0
3, 0
3, 0
3, 0
3, 0
3, 0
3, 0
3, 0
3, 0
3, 0
3, 0
0, 0x588d0
0, 0x94900
0, 0x588f0
0, 0x94920
0, 0x58910
0, 0x94940
0, 0x58930
0, 0x94960
1, 0x948e0
0, 0x588d0
0, 0x94900
2, 2
3, 0
3, 0
3, 0
3, 0
3, 0
3, 0
3, 0
3, 0
3, 0
3, 0
3, 0
3, 0
3, 0
3, 0
1, 0x94900
0, 0x588f0
0, 0x94920
2, 2
3, 0
3, 0
3, 0
3, 0
3, 0
3, 0
3, 0
3, 0
3, 0
3, 0
3, 0
3, 0
3, 0
3, 0
1, 0x94920
0, 0x58910
0, 0x94940
2, 2
3, 0
3, 0
3, 0
3, 0
3, 0
3, 0
3, 0
3, 0
3, 0
3, 0
3, 0
3, 0
3, 0
3, 0
1, 0x94940
0, 0x58930
0, 0x94960
2, 2
3, 0
3, 0
3, 0
3, 0
3, 0
3, 0
3, 0
3, 0
3, 0
3, 0
3, 0
3, 0
3, 0
3, 0
0, 0x58950
0, 0x94980
0, 0x58970
0, 0x949a0
0, 0x58990
0, 0x949c0
0, 0x589b0
0, 0x949e0
1, 0x94960
0, 0x58950
0, 0x94980
2, 2
3, 0
3, 0
3, 0
3, 0
3, 0
3, 0
3, 0
3, 0
3, 0
3, 0
3, 0
3, 0
3, 0
3, 0
1, 0x94980
0, 0x58970
0, 0x949a0
2, 2
3, 0
3, 0
3, 0
3, 0
3, 0
3, 0
3, 0
3, 0
3, 0
3, 0
3, 0
3, 0
3, 0
3, 0
1, 0x949a0
0, 0x58990
0, 0x949c0
2, 2
3, 0
3, 0
3, 0
3, 0
3, 0
3, 0
3, 0
3, 0
3, 0
3, 0
3, 0
3, 0
3, 0
3, 0
1, 0x949c0
0, 0x589b0
0, 0x949e0
2, 2
3, 0
3, 0
3, 0
3, 0
3, 0
3, 0
3, 0
3, 0
3, 0
3, 0
3, 0
3, 0
3, 0
3, 0
0, 0x589d0
0, 0x94a00
0, 0x589f0
0, 0x94a20
0, 0x58a10
0, 0x94a40
0, 0x58a30
0, 0x94a60
1, 0x949e0
0, 0x589d0
0, 0x94a00
2, 2
3, 0
3, 0
3, 0
3, 0
3, 0
3, 0
3, 0
3, 0
3, 0
3, 0
3, 0
3, 0
3, 0
3, 0
1, 0x94a00
0, 0x589f0
0, 0x94a20
2, 2
3, 0
3, 0
3, 0
3, 0
3, 0
3, 0
3, 0
3, 0
3, 0
3, 0
3, 0
3, 0
3, 0
3, 0
1, 0x94a20
0, 0x58a10
0, 0x94a40
2, 2
3, 0
3, 0
3, 0
3, 0
3, 0
3, 0
3, 0
3, 0
3, 0
3, 0
3, 0
3, 0
3, 0
3, 0
1, 0x94a40
0, 0x58a30
0, 0x94a60
2, 2
3, 0
3, 0
3, 0
3, 0
3, 0
3, 0
3, 0
3, 0
3, 0
3, 0
3, 0
3, 0
3, 0
3, 0
0, 0x58a50
0, 0x94a80
0, 0x58a70
0, 0x94aa0
0, 0x58a90
0, 0x94ac0
0, 0x58ab0
0, 0x94ae0
1, 0x94a60
0, 0x58a50
0, 0x94a80
2, 2
3, 0
3, 0
3, 0
3, 0
3, 0
3, 0
3, 0
3, 0
3, 0
3, 0
3, 0
3, 0
3, 0
3, 0
1, 0x94a80
0, 0x58a70
0, 0x94aa0
2, 2
3, 0
3, 0
3, 0
3, 0
3, 0
3, 0
3, 0
3, 0
3, 0
3, 0
3, 0
3, 0
3, 0
3, 0
1, 0x94aa0
0, 0x58a90
0, 0x94ac0
2, 2
3, 0
3, 0
3, 0
3, 0
3, 0
3, 0
3, 0
3, 0
3, 0
3, 0
3, 0
3, 0
3, 0
3, 0
1, 0x94ac0
0, 0x58ab0
0, 0x94ae0
2, 2
3, 0
3, 0
3, 0
3, 0
3, 0
3, 0
3, 0
3, 0
3, 0
3, 0
3, 0
3, 0
3, 0
3, 0
0, 0x58ad0
0, 0x94b00
0, 0x58af0
0, 0x94b20
0, 0x58b10
0, 0x94b40
0, 0x58b30
0, 0x94b60
1, 0x94ae0
0, 0x58ad0
0, 0x94b00
2, 2
3, 0
3, 0
3, 0
3, 0
3, 0
3, 0
3, 0
3, 0
3, 0
3, 0
3, 0
3, 0
3, 0
3, 0
1, 0x94b00
0, 0x58af0
0, 0x94b20
2, 2
3, 0
3, 0
3, 0
3, 0
3, 0
3, 0
3, 0
3, 0
3, 0
3, 0
3, 0
3, 0
3, 0
3, 0
1, 0x94b20
0, 0x58b10
0, 0x94b40
2, 2
3, 0
3, 0
3, 0
3, 0
3, 0
3, 0
3, 0
3, 0
3, 0
3, 0
3, 0
3, 0
3, 0
3, 0
1, 0x94b40
0, 0x58b30
0, 0x94b60
2, 2
3, 0
3, 0
3, 0
3, 0
3, 0
3, 0
3, 0
3, 0
3, 0
3, 0
3, 0
3, 0
3, 0
3, 0
0, 0x58b50
0, 0x94b80
0, 0x58b70
0, 0x94ba0
0, 0x58b90
0, 0x94bc0
0, 0x58bb0
0, 0x94be0
1, 0x94b60
0, 0x58b50
0, 0x94b80
2, 2
3, 0
3, 0
3, 0
3, 0
3, 0
3, 0
3, 0
3, 0
3, 0
3, 0
3, 0
3, 0
3, 0
3, 0
1, 0x94b80
0, 0x58b70
0, 0x94ba0
2, 2
3, 0
3, 0
3, 0
3, 0
3, 0
3, 0
3, 0
3, 0
3, 0
3, 0
3, 0
3, 0
3, 0
3, 0
1, 0x94ba0
0, 0x58b90
0, 0x94bc0
2, 2
3, 0
3, 0
3, 0
3, 0
3, 0
3, 0
3, 0
3, 0
3, 0
3, 0
3, 0
3, 0
3, 0
3, 0
1, 0x94bc0
0, 0x58bb0
0, 0x94be0
2, 2
3, 0
3, 0
3, 0
3, 0
3, 0
3, 0
3, 0
3, 0
3, 0
3, 0
3, 0
3, 0
3, 0
3, 0
0, 0x58bd0
0, 0x94c00
0, 0x58bf0
0, 0x94c20
0, 0x58c10
0, 0x94c40
0, 0x58c30
0, 0x94c60
1, 0x94be0
0, 0x58bd0
0, 0x94c00
2, 2
3, 0
3, 0
3, 0
3, 0
3, 0
3, 0
3, 0
3, 0
3, 0
3, 0
3, 0
3, 0
3, 0
3, 0
1, 0x94c00
0, 0x58bf0
0, 0x94c20
2, 2
3, 0
3, 0
3, 0
3, 0
3, 0
3, 0
3, 0
3, 0
3, 0
3, 0
3, 0
3, 0
3, 0
3, 0
1, 0x94c20
0, 0x58c10
0, 0x94c40
2, 2
3, 0
3, 0
3, 0
3, 0
3, 0
3, 0
3, 0
3, 0
3, 0
3, 0
3, 0
3, 0
3, 0
3, 0
1, 0x94c40
0, 0x58c30
0, 0x94c60
2, 2
3, 0
3, 0
3, 0
3, 0
3, 0
3, 0
3, 0
3, 0
3, 0
3, 0
3, 0
3, 0
3, 0
3, 0
0, 0x58c50
0, 0x94c80
0, 0x58c70
0, 0x94ca0
0, 0x58c90
0, 0x94cc0
0, 0x58cb0
0, 0x94ce0
1, 0x94c60
0, 0x58c50
0, 0x94c80
2, 2
3, 0
3, 0
3, 0
3, 0
3, 0
3, 0
3, 0
3, 0
3, 0
3, 0
3, 0
3, 0
3, 0
3, 0
1, 0x94c80
0, 0x58c70
0, 0x94ca0
2, 2
3, 0
3, 0
3, 0
3, 0
3, 0
3, 0
3, 0
3, 0
3, 0
3, 0
3, 0
3, 0
3, 0
3, 0
1, 0x94ca0
0, 0x58c90
0, 0x94cc0
2, 2
3, 0
3, 0
3, 0
3, 0
3, 0
3, 0
3, 0
3, 0
3, 0
3, 0
3, 0
3, 0
3, 0
3, 0
1, 0x94cc0
0, 0x58cb0
0, 0x94ce0
2, 2
3, 0
3, 0
3, 0
3, 0
3, 0
3, 0
3, 0
3, 0
3, 0
3, 0
3, 0
3, 0
3, 0
3, 0
0, 0x58cd0
0, 0x94d00
0, 0x58cf0
0, 0x94d20
0, 0x58d10
0, 0x94d40
0, 0x58d30
0, 0x94d60
1, 0x94ce0
0, 0x58cd0
0, 0x94d00
2, 2
3, 0
3, 0
3, 0
3, 0
3, 0
3, 0
3, 0
3, 0
3, 0
3, 0
3, 0
3, 0
3, 0
3, 0
1, 0x94d00
0, 0x58cf0
0, 0x94d20
2, 2
3, 0
3, 0
3, 0
3, 0
3, 0
3, 0
3, 0
3, 0
3, 0
3, 0
3, 0
3, 0
3, 0
3, 0
1, 0x94d20
0, 0x58d10
0, 0x94d40
2, 2
3, 0
3, 0
3, 0
3, 0
3, 0
3, 0
3, 0
3, 0
3, 0
3, 0
3, 0
3, 0
3, 0
3, 0
1, 0x94d40
0, 0x58d30
0, 0x94d60
2, 2
3, 0
3, 0
3, 0
3, 0
3, 0
3, 0
3, 0
3, 0
3, 0
3, 0
3, 0
3, 0
3, 0
3, 0
0, 0x58d50
0, 0x94d80
0, 0x58d70
0, 0x94da0
0, 0x58d90
0, 0x94dc0
0, 0x58db0
0, 0x94de0
1, 0x94d60
0, 0x58d50
0, 0x94d80
2, 2
3, 0
3, 0
3, 0
3, 0
3, 0
3, 0
3, 0
3, 0
3, 0
3, 0
3, 0
3, 0
3, 0
3, 0
1, 0x94d80
0, 0x58d70
0, 0x94da0
2, 2
3, 0
3, 0
3, 0
3, 0
3, 0
3, 0
3, 0
3, 0
3, 0
3, 0
3, 0
3, 0
3, 0
3, 0
1, 0x94da0
0, 0x58d90
0, 0x94dc0
2, 2
3, 0
3, 0
3, 0
3, 0
3, 0
3, 0
3, 0
3, 0
3, 0
3, 0
3, 0
3, 0
3, 0
3, 0
1, 0x94dc0
0, 0x58db0
0, 0x94de0
2, 2
3, 0
3, 0
3, 0
3, 0
3, 0
3, 0
3, 0
3, 0
3, 0
3, 0
3, 0
3, 0
3, 0
3, 0
0, 0x58dd0
0, 0x94e00
0, 0x58df0
0, 0x94e20
0, 0x58e10
0, 0x94e40
0, 0x58e30
0, 0x94e60
1, 0x94de0
0, 0x58dd0
0, 0x94e00
2, 2
3, 0
3, 0
3, 0
3, 0
3, 0
3, 0
3, 0
3, 0
3, 0
3, 0
3, 0
3, 0
3, 0
3, 0
1, 0x94e00
0, 0x58df0
0, 0x94e20
2, 2
3, 0
3, 0
3, 0
3, 0
3, 0
3, 0
3, 0
3, 0
3, 0
3, 0
3, 0
3, 0
3, 0
3, 0
1, 0x94e20
0, 0x58e10
0, 0x94e40
2, 2
3, 0
3, 0
3, 0
3, 0
3, 0
3, 0
3, 0
3, 0
3, 0
3, 0
3, 0
3, 0
3, 0
3, 0
1, 0x94e40
0, 0x58e30
0, 0x94e60
2, 2
3, 0
3, 0
3, 0
3, 0
3, 0
3, 0
3, 0
3, 0
3, 0
3, 0
3, 0
3, 0
3, 0
3, 0
0, 0x58e50
0, 0x94e80
0, 0x58e70
0, 0x94ea0
0, 0x58e90
0, 0x94ec0
0, 0x58eb0
0, 0x94ee0
1, 0x94e60
0, 0x58e50
0, 0x94e80
2, 2
3, 0
3, 0
3, 0
3, 0
3, 0
3, 0
3, 0
3, 0
3, 0
3, 0
3, 0
3, 0
3, 0
3, 0
1, 0x94e80
0, 0x58e70
0, 0x94ea0
2, 2
3, 0
3, 0
3, 0
3, 0
3, 0
3, 0
3, 0
3, 0
3, 0
3, 0
3, 0
3, 0
3, 0
3, 0
1, 0x94ea0
0, 0x58e90
0, 0x94ec0
2, 2
3, 0
3, 0
3, 0
3, 0
3, 0
3, 0
3, 0
3, 0
3, 0
3, 0
3, 0
3, 0
3, 0
3, 0
1, 0x94ec0
0, 0x58eb0
0, 0x94ee0
2, 2
3, 0
3, 0
3, 0
3, 0
3, 0
3, 0
3, 0
3, 0
3, 0
3, 0
3, 0
3, 0
3, 0
3, 0
0, 0x58ed0
0, 0x94f00
0, 0x58ef0
0, 0x94f20
0, 0x58f10
0, 0x94f40
0, 0x58f30
0, 0x94f60
1, 0x94ee0
0, 0x58ed0
0, 0x94f00
2, 2
3, 0
3, 0
3, 0
3, 0
3, 0
3, 0
3, 0
3, 0
3, 0
3, 0
3, 0
3, 0
3, 0
3, 0
1, 0x94f00
0, 0x58ef0
0, 0x94f20
2, 2
3, 0
3, 0
3, 0
3, 0
3, 0
3, 0
3, 0
3, 0
3, 0
3, 0
3, 0
3, 0
3, 0
3, 0
1, 0x94f20
0, 0x58f10
0, 0x94f40
2, 2
3, 0
3, 0
3, 0
3, 0
3, 0
3, 0
3, 0
3, 0
3, 0
3, 0
3, 0
3, 0
3, 0
3, 0
1, 0x94f40
0, 0x58f30
0, 0x94f60
2, 2
3, 0
3, 0
3, 0
3, 0
3, 0
3, 0
3, 0
3, 0
3, 0
3, 0
3, 0
3, 0
3, 0
3, 0
0, 0x58f50
0, 0x94f80
0, 0x58f70
0, 0x94fa0
0, 0x58f90
0, 0x94fc0
0, 0x58fb0
0, 0x94fe0
1, 0x94f60
0, 0x58f50
0, 0x94f80
2, 2
3, 0
3, 0
3, 0
3, 0
3, 0
3, 0
3, 0
3, 0
3, 0
3, 0
3, 0
3, 0
3, 0
3, 0
1, 0x94f80
0, 0x58f70
0, 0x94fa0
2, 2
3, 0
3, 0
3, 0
3, 0
3, 0
3, 0
3, 0
3, 0
3, 0
3, 0
3, 0
3, 0
3, 0
3, 0
1, 0x94fa0
0, 0x58f90
0, 0x94fc0
2, 2
3, 0
3, 0
3, 0
3, 0
3, 0
3, 0
3, 0
3, 0
3, 0
3, 0
3, 0
3, 0
3, 0
3, 0
1, 0x94fc0
0, 0x58fb0
0, 0x94fe0
2, 2
3, 0
3, 0
3, 0
3, 0
3, 0
3, 0
3, 0
3, 0
3, 0
3, 0
3, 0
3, 0
3, 0
3, 0
0, 0x58fd0
0, 0x95000
0, 0x58ff0
0, 0x95020
0, 0x59010
0, 0x95040
0, 0x59030
0, 0x95060
1, 0x94fe0
0, 0x58fd0
0, 0x95000
2, 2
3, 0
3, 0
3, 0
3, 0
3, 0
3, 0
3, 0
3, 0
3, 0
3, 0
3, 0
3, 0
3, 0
3, 0
1, 0x95000
0, 0x58ff0
0, 0x95020
2, 2
3, 0
3, 0
3, 0
3, 0
3, 0
3, 0
3, 0
3, 0
3, 0
3, 0
3, 0
3, 0
3, 0
3, 0
1, 0x95020
0, 0x59010
0, 0x95040
2, 2
3, 0
3, 0
3, 0
3, 0
3, 0
3, 0
3, 0
3, 0
3, 0
3, 0
3, 0
3, 0
3, 0
3, 0
1, 0x95040
0, 0x59030
0, 0x95060
2, 2
3, 0
3, 0
3, 0
3, 0
3, 0
3, 0
3, 0
3, 0
3, 0
3, 0
3, 0
3, 0
3, 0
3, 0
0, 0x59050
0, 0x95080
0, 0x59070
0, 0x950a0
0, 0x59090
0, 0x950c0
0, 0x590b0
0, 0x950e0
1, 0x95060
0, 0x59050
0, 0x95080
2, 2
3, 0
3, 0
3, 0
3, 0
3, 0
3, 0
3, 0
3, 0
3, 0
3, 0
3, 0
3, 0
3, 0
3, 0
1, 0x95080
0, 0x59070
0, 0x950a0
2, 2
3, 0
3, 0
3, 0
3, 0
3, 0
3, 0
3, 0
3, 0
3, 0
3, 0
3, 0
3, 0
3, 0
3, 0
1, 0x950a0
0, 0x59090
0, 0x950c0
2, 2
3, 0
3, 0
3, 0
3, 0
3, 0
3, 0
3, 0
3, 0
3, 0
3, 0
3, 0
3, 0
3, 0
3, 0
1, 0x950c0
0, 0x590b0
0, 0x950e0
2, 2
3, 0
3, 0
3, 0
3, 0
3, 0
3, 0
3, 0
3, 0
3, 0
3, 0
3, 0
3, 0
3, 0
3, 0
0, 0x590d0
0, 0x95100
0, 0x590f0
0, 0x95120
0, 0x59110
0, 0x95140
0, 0x59130
0, 0x95160
1, 0x950e0
0, 0x590d0
0, 0x95100
2, 2
3, 0
3, 0
3, 0
3, 0
3, 0
3, 0
3, 0
3, 0
3, 0
3, 0
3, 0
3, 0
3, 0
3, 0
1, 0x95100
0, 0x590f0
0, 0x95120
2, 2
3, 0
3, 0
3, 0
3, 0
3, 0
3, 0
3, 0
3, 0
3, 0
3, 0
3, 0
3, 0
3, 0
3, 0
1, 0x95120
0, 0x59110
0, 0x95140
2, 2
3, 0
3, 0
3, 0
3, 0
3, 0
3, 0
3, 0
3, 0
3, 0
3, 0
3, 0
3, 0
3, 0
3, 0
1, 0x95140
0, 0x59130
0, 0x95160
2, 2
3, 0
3, 0
3, 0
3, 0
3, 0
3, 0
3, 0
3, 0
3, 0
3, 0
3, 0
3, 0
3, 0
3, 0
0, 0x59150
0, 0x95180
0, 0x59170
0, 0x951a0
0, 0x59190
0, 0x951c0
0, 0x591b0
0, 0x951e0
1, 0x95160
0, 0x59150
0, 0x95180
2, 2
3, 0
3, 0
3, 0
3, 0
3, 0
3, 0
3, 0
3, 0
3, 0
3, 0
3, 0
3, 0
3, 0
3, 0
1, 0x95180
0, 0x59170
0, 0x951a0
2, 2
3, 0
3, 0
3, 0
3, 0
3, 0
3, 0
3, 0
3, 0
3, 0
3, 0
3, 0
3, 0
3, 0
3, 0
1, 0x951a0
0, 0x59190
0, 0x951c0
2, 2
3, 0
3, 0
3, 0
3, 0
3, 0
3, 0
3, 0
3, 0
3, 0
3, 0
3, 0
3, 0
3, 0
3, 0
1, 0x951c0
0, 0x591b0
0, 0x951e0
2, 2
3, 0
3, 0
3, 0
3, 0
3, 0
3, 0
3, 0
3, 0
3, 0
3, 0
3, 0
3, 0
3, 0
3, 0
0, 0x591d0
0, 0x95200
0, 0x591f0
0, 0x95220
0, 0x59210
0, 0x95240
0, 0x59230
0, 0x95260
1, 0x951e0
0, 0x591d0
0, 0x95200
2, 2
3, 0
3, 0
3, 0
3, 0
3, 0
3, 0
3, 0
3, 0
3, 0
3, 0
3, 0
3, 0
3, 0
3, 0
1, 0x95200
0, 0x591f0
0, 0x95220
2, 2
3, 0
3, 0
3, 0
3, 0
3, 0
3, 0
3, 0
3, 0
3, 0
3, 0
3, 0
3, 0
3, 0
3, 0
1, 0x95220
0, 0x59210
0, 0x95240
2, 2
3, 0
3, 0
3, 0
3, 0
3, 0
3, 0
3, 0
3, 0
3, 0
3, 0
3, 0
3, 0
3, 0
3, 0
1, 0x95240
0, 0x59230
0, 0x95260
2, 2
3, 0
3, 0
3, 0
3, 0
3, 0
3, 0
3, 0
3, 0
3, 0
3, 0
3, 0
3, 0
3, 0
3, 0
0, 0x59250
0, 0x95280
0, 0x59270
0, 0x952a0
0, 0x59290
0, 0x952c0
0, 0x592b0
0, 0x952e0
1, 0x95260
0, 0x59250
0, 0x95280
2, 2
3, 0
3, 0
3, 0
3, 0
3, 0
3, 0
3, 0
3, 0
3, 0
3, 0
3, 0
3, 0
3, 0
3, 0
1, 0x95280
0, 0x59270
0, 0x952a0
2, 2
3, 0
3, 0
3, 0
3, 0
3, 0
3, 0
3, 0
3, 0
3, 0
3, 0
3, 0
3, 0
3, 0
3, 0
1, 0x952a0
0, 0x59290
0, 0x952c0
2, 2
3, 0
3, 0
3, 0
3, 0
3, 0
3, 0
3, 0
3, 0
3, 0
3, 0
3, 0
3, 0
3, 0
3, 0
1, 0x952c0
0, 0x592b0
0, 0x952e0
2, 2
3, 0
3, 0
3, 0
3, 0
3, 0
3, 0
3, 0
3, 0
3, 0
3, 0
3, 0
3, 0
3, 0
3, 0
0, 0x592d0
0, 0x95300
0, 0x592f0
0, 0x95320
0, 0x59310
0, 0x95340
0, 0x59330
0, 0x95360
1, 0x952e0
0, 0x592d0
0, 0x95300
2, 2
3, 0
3, 0
3, 0
3, 0
3, 0
3, 0
3, 0
3, 0
3, 0
3, 0
3, 0
3, 0
3, 0
3, 0
1, 0x95300
0, 0x592f0
0, 0x95320
2, 2
3, 0
3, 0
3, 0
3, 0
3, 0
3, 0
3, 0
3, 0
3, 0
3, 0
3, 0
3, 0
3, 0
3, 0
1, 0x95320
0, 0x59310
0, 0x95340
2, 2
3, 0
3, 0
3, 0
3, 0
3, 0
3, 0
3, 0
3, 0
3, 0
3, 0
3, 0
3, 0
3, 0
3, 0
1, 0x95340
0, 0x59330
0, 0x95360
2, 2
3, 0
3, 0
3, 0
3, 0
3, 0
3, 0
3, 0
3, 0
3, 0
3, 0
3, 0
3, 0
3, 0
3, 0
0, 0x59350
0, 0x95380
0, 0x59370
0, 0x953a0
0, 0x59390
0, 0x953c0
0, 0x593b0
0, 0x953e0
1, 0x95360
0, 0x59350
0, 0x95380
2, 2
3, 0
3, 0
3, 0
3, 0
3, 0
3, 0
3, 0
3, 0
3, 0
3, 0
3, 0
3, 0
3, 0
3, 0
1, 0x95380
0, 0x59370
0, 0x953a0
2, 2
3, 0
3, 0
3, 0
3, 0
3, 0
3, 0
3, 0
3, 0
3, 0
3, 0
3, 0
3, 0
3, 0
3, 0
1, 0x953a0
0, 0x59390
0, 0x953c0
2, 2
3, 0
3, 0
3, 0
3, 0
3, 0
3, 0
3, 0
3, 0
3, 0
3, 0
3, 0
3, 0
3, 0
3, 0
1, 0x953c0
0, 0x593b0
0, 0x953e0
2, 2
3, 0
3, 0
3, 0
3, 0
3, 0
3, 0
3, 0
3, 0
3, 0
3, 0
3, 0
3, 0
3, 0
3, 0
0, 0x593d0
0, 0x95400
0, 0x593f0
0, 0x95420
0, 0x59410
0, 0x95440
0, 0x59430
0, 0x95460
1, 0x953e0
0, 0x593d0
0, 0x95400
2, 2
3, 0
3, 0
3, 0
3, 0
3, 0
3, 0
3, 0
3, 0
3, 0
3, 0
3, 0
3, 0
3, 0
3, 0
1, 0x95400
0, 0x593f0
0, 0x95420
2, 2
3, 0
3, 0
3, 0
3, 0
3, 0
3, 0
3, 0
3, 0
3, 0
3, 0
3, 0
3, 0
3, 0
3, 0
1, 0x95420
0, 0x59410
0, 0x95440
2, 2
3, 0
3, 0
3, 0
3, 0
3, 0
3, 0
3, 0
3, 0
3, 0
3, 0
3, 0
3, 0
3, 0
3, 0
1, 0x95440
0, 0x59430
0, 0x95460
2, 2
3, 0
3, 0
3, 0
3, 0
3, 0
3, 0
3, 0
3, 0
3, 0
3, 0
3, 0
3, 0
3, 0
3, 0
0, 0x59450
0, 0x95480
0, 0x59470
0, 0x954a0
0, 0x59490
0, 0x954c0
0, 0x594b0
0, 0x954e0
1, 0x95460
0, 0x59450
0, 0x95480
2, 2
3, 0
3, 0
3, 0
3, 0
3, 0
3, 0
3, 0
3, 0
3, 0
3, 0
3, 0
3, 0
3, 0
3, 0
1, 0x95480
0, 0x59470
0, 0x954a0
2, 2
3, 0
3, 0
3, 0
3, 0
3, 0
3, 0
3, 0
3, 0
3, 0
3, 0
3, 0
3, 0
3, 0
3, 0
1, 0x954a0
0, 0x59490
0, 0x954c0
2, 2
3, 0
3, 0
3, 0
3, 0
3, 0
3, 0
3, 0
3, 0
3, 0
3, 0
3, 0
3, 0
3, 0
3, 0
1, 0x954c0
0, 0x594b0
0, 0x954e0
2, 2
3, 0
3, 0
3, 0
3, 0
3, 0
3, 0
3, 0
3, 0
3, 0
3, 0
3, 0
3, 0
3, 0
3, 0
0, 0x594d0
0, 0x95500
0, 0x594f0
0, 0x95520
0, 0x59510
0, 0x95540
0, 0x59530
0, 0x95560
1, 0x954e0
0, 0x594d0
0, 0x95500
2, 2
3, 0
3, 0
3, 0
3, 0
3, 0
3, 0
3, 0
3, 0
3, 0
3, 0
3, 0
3, 0
3, 0
3, 0
1, 0x95500
0, 0x594f0
0, 0x95520
2, 2
3, 0
3, 0
3, 0
3, 0
3, 0
3, 0
3, 0
3, 0
3, 0
3, 0
3, 0
3, 0
3, 0
3, 0
1, 0x95520
0, 0x59510
0, 0x95540
2, 2
3, 0
3, 0
3, 0
3, 0
3, 0
3, 0
3, 0
3, 0
3, 0
3, 0
3, 0
3, 0
3, 0
3, 0
1, 0x95540
0, 0x59530
0, 0x95560
2, 2
3, 0
3, 0
3, 0
3, 0
3, 0
3, 0
3, 0
3, 0
3, 0
3, 0
3, 0
3, 0
3, 0
3, 0
0, 0x59550
0, 0x95580
0, 0x59570
0, 0x955a0
0, 0x59590
0, 0x955c0
0, 0x595b0
0, 0x955e0
1, 0x95560
0, 0x59550
0, 0x95580
2, 2
3, 0
3, 0
3, 0
3, 0
3, 0
3, 0
3, 0
3, 0
3, 0
3, 0
3, 0
3, 0
3, 0
3, 0
1, 0x95580
0, 0x59570
0, 0x955a0
2, 2
3, 0
3, 0
3, 0
3, 0
3, 0
3, 0
3, 0
3, 0
3, 0
3, 0
3, 0
3, 0
3, 0
3, 0
1, 0x955a0
0, 0x59590
0, 0x955c0
2, 2
3, 0
3, 0
3, 0
3, 0
3, 0
3, 0
3, 0
3, 0
3, 0
3, 0
3, 0
3, 0
3, 0
3, 0
1, 0x955c0
0, 0x595b0
0, 0x955e0
2, 2
3, 0
3, 0
3, 0
3, 0
3, 0
3, 0
3, 0
3, 0
3, 0
3, 0
3, 0
3, 0
3, 0
3, 0
0, 0x595d0
0, 0x95600
0, 0x595f0
0, 0x95620
0, 0x59610
0, 0x95640
0, 0x59630
0, 0x95660
1, 0x955e0
0, 0x595d0
0, 0x95600
2, 2
3, 0
3, 0
3, 0
3, 0
3, 0
3, 0
3, 0
3, 0
3, 0
3, 0
3, 0
3, 0
3, 0
3, 0
1, 0x95600
0, 0x595f0
0, 0x95620
2, 2
3, 0
3, 0
3, 0
3, 0
3, 0
3, 0
3, 0
3, 0
3, 0
3, 0
3, 0
3, 0
3, 0
3, 0
1, 0x95620
0, 0x59610
0, 0x95640
2, 2
3, 0
3, 0
3, 0
3, 0
3, 0
3, 0
3, 0
3, 0
3, 0
3, 0
3, 0
3, 0
3, 0
3, 0
1, 0x95640
0, 0x59630
0, 0x95660
2, 2
3, 0
3, 0
3, 0
3, 0
3, 0
3, 0
3, 0
3, 0
3, 0
3, 0
3, 0
3, 0
3, 0
3, 0
0, 0x59650
0, 0x95680
0, 0x59670
0, 0x956a0
0, 0x59690
0, 0x956c0
0, 0x596b0
0, 0x956e0
1, 0x95660
0, 0x59650
0, 0x95680
2, 2
3, 0
3, 0
3, 0
3, 0
3, 0
3, 0
3, 0
3, 0
3, 0
3, 0
3, 0
3, 0
3, 0
3, 0
1, 0x95680
0, 0x59670
0, 0x956a0
2, 2
3, 0
3, 0
3, 0
3, 0
3, 0
3, 0
3, 0
3, 0
3, 0
3, 0
3, 0
3, 0
3, 0
3, 0
1, 0x956a0
0, 0x59690
0, 0x956c0
2, 2
3, 0
3, 0
3, 0
3, 0
3, 0
3, 0
3, 0
3, 0
3, 0
3, 0
3, 0
3, 0
3, 0
3, 0
1, 0x956c0
0, 0x596b0
0, 0x956e0
2, 2
3, 0
3, 0
3, 0
3, 0
3, 0
3, 0
3, 0
3, 0
3, 0
3, 0
3, 0
3, 0
3, 0
3, 0
0, 0x596d0
0, 0x95700
0, 0x596f0
0, 0x95720
0, 0x59710
0, 0x95740
0, 0x59730
0, 0x95760
1, 0x956e0
0, 0x596d0
0, 0x95700
2, 2
3, 0
3, 0
3, 0
3, 0
3, 0
3, 0
3, 0
3, 0
3, 0
3, 0
3, 0
3, 0
3, 0
3, 0
1, 0x95700
0, 0x596f0
0, 0x95720
2, 2
3, 0
3, 0
3, 0
3, 0
3, 0
3, 0
3, 0
3, 0
3, 0
3, 0
3, 0
3, 0
3, 0
3, 0
1, 0x95720
0, 0x59710
0, 0x95740
2, 2
3, 0
3, 0
3, 0
3, 0
3, 0
3, 0
3, 0
3, 0
3, 0
3, 0
3, 0
3, 0
3, 0
3, 0
1, 0x95740
0, 0x59730
0, 0x95760
2, 2
3, 0
3, 0
3, 0
3, 0
3, 0
3, 0
3, 0
3, 0
3, 0
3, 0
3, 0
3, 0
3, 0
3, 0
0, 0x59750
0, 0x95780
0, 0x59770
0, 0x957a0
0, 0x59790
0, 0x957c0
0, 0x597b0
0, 0x957e0
1, 0x95760
0, 0x59750
0, 0x95780
2, 2
3, 0
3, 0
3, 0
3, 0
3, 0
3, 0
3, 0
3, 0
3, 0
3, 0
3, 0
3, 0
3, 0
3, 0
1, 0x95780
0, 0x59770
0, 0x957a0
2, 2
3, 0
3, 0
3, 0
3, 0
3, 0
3, 0
3, 0
3, 0
3, 0
3, 0
3, 0
3, 0
3, 0
3, 0
1, 0x957a0
0, 0x59790
0, 0x957c0
2, 2
3, 0
3, 0
3, 0
3, 0
3, 0
3, 0
3, 0
3, 0
3, 0
3, 0
3, 0
3, 0
3, 0
3, 0
1, 0x957c0
0, 0x597b0
0, 0x957e0
2, 2
3, 0
3, 0
3, 0
3, 0
3, 0
3, 0
3, 0
3, 0
3, 0
3, 0
3, 0
3, 0
3, 0
3, 0
0, 0x597d0
0, 0x95800
0, 0x597f0
0, 0x95820
0, 0x59810
0, 0x95840
0, 0x59830
0, 0x95860
1, 0x957e0
0, 0x597d0
0, 0x95800
2, 2
3, 0
3, 0
3, 0
3, 0
3, 0
3, 0
3, 0
3, 0
3, 0
3, 0
3, 0
3, 0
3, 0
3, 0
1, 0x95800
0, 0x597f0
0, 0x95820
2, 2
3, 0
3, 0
3, 0
3, 0
3, 0
3, 0
3, 0
3, 0
3, 0
3, 0
3, 0
3, 0
3, 0
3, 0
1, 0x95820
0, 0x59810
0, 0x95840
2, 2
3, 0
3, 0
3, 0
3, 0
3, 0
3, 0
3, 0
3, 0
3, 0
3, 0
3, 0
3, 0
3, 0
3, 0
1, 0x95840
0, 0x59830
0, 0x95860
2, 2
3, 0
3, 0
3, 0
3, 0
3, 0
3, 0
3, 0
3, 0
3, 0
3, 0
3, 0
3, 0
3, 0
3, 0
0, 0x59850
0, 0x95880
0, 0x59870
0, 0x958a0
0, 0x59890
0, 0x958c0
0, 0x598b0
0, 0x958e0
1, 0x95860
0, 0x59850
0, 0x95880
2, 2
3, 0
3, 0
3, 0
3, 0
3, 0
3, 0
3, 0
3, 0
3, 0
3, 0
3, 0
3, 0
3, 0
3, 0
1, 0x95880
0, 0x59870
0, 0x958a0
2, 2
3, 0
3, 0
3, 0
3, 0
3, 0
3, 0
3, 0
3, 0
3, 0
3, 0
3, 0
3, 0
3, 0
3, 0
1, 0x958a0
0, 0x59890
0, 0x958c0
2, 2
3, 0
3, 0
3, 0
3, 0
3, 0
3, 0
3, 0
3, 0
3, 0
3, 0
3, 0
3, 0
3, 0
3, 0
1, 0x958c0
0, 0x598b0
0, 0x958e0
2, 2
3, 0
3, 0
3, 0
3, 0
3, 0
3, 0
3, 0
3, 0
3, 0
3, 0
3, 0
3, 0
3, 0
3, 0
0, 0x598d0
0, 0x95900
0, 0x598f0
0, 0x95920
0, 0x59910
0, 0x95940
0, 0x59930
0, 0x95960
1, 0x958e0
0, 0x598d0
0, 0x95900
2, 2
3, 0
3, 0
3, 0
3, 0
3, 0
3, 0
3, 0
3, 0
3, 0
3, 0
3, 0
3, 0
3, 0
3, 0
1, 0x95900
0, 0x598f0
0, 0x95920
2, 2
3, 0
3, 0
3, 0
3, 0
3, 0
3, 0
3, 0
3, 0
3, 0
3, 0
3, 0
3, 0
3, 0
3, 0
1, 0x95920
0, 0x59910
0, 0x95940
2, 2
3, 0
3, 0
3, 0
3, 0
3, 0
3, 0
3, 0
3, 0
3, 0
3, 0
3, 0
3, 0
3, 0
3, 0
1, 0x95940
0, 0x59930
0, 0x95960
2, 2
3, 0
3, 0
3, 0
3, 0
3, 0
3, 0
3, 0
3, 0
3, 0
3, 0
3, 0
3, 0
3, 0
3, 0
0, 0x59950
0, 0x95980
0, 0x59970
0, 0x959a0
0, 0x59990
0, 0x959c0
0, 0x599b0
0, 0x959e0
1, 0x95960
0, 0x59950
0, 0x95980
2, 2
3, 0
3, 0
3, 0
3, 0
3, 0
3, 0
3, 0
3, 0
3, 0
3, 0
3, 0
3, 0
3, 0
3, 0
1, 0x95980
0, 0x59970
0, 0x959a0
2, 2
3, 0
3, 0
3, 0
3, 0
3, 0
3, 0
3, 0
3, 0
3, 0
3, 0
3, 0
3, 0
3, 0
3, 0
1, 0x959a0
0, 0x59990
0, 0x959c0
2, 2
3, 0
3, 0
3, 0
3, 0
3, 0
3, 0
3, 0
3, 0
3, 0
3, 0
3, 0
3, 0
3, 0
3, 0
1, 0x959c0
0, 0x599b0
0, 0x959e0
2, 2
3, 0
3, 0
3, 0
3, 0
3, 0
3, 0
3, 0
3, 0
3, 0
3, 0
3, 0
3, 0
3, 0
3, 0
0, 0x599d0
0, 0x95a00
0, 0x599f0
0, 0x95a20
0, 0x59a10
0, 0x95a40
0, 0x59a30
0, 0x95a60
1, 0x959e0
0, 0x599d0
0, 0x95a00
2, 2
3, 0
3, 0
3, 0
3, 0
3, 0
3, 0
3, 0
3, 0
3, 0
3, 0
3, 0
3, 0
3, 0
3, 0
1, 0x95a00
0, 0x599f0
0, 0x95a20
2, 2
3, 0
3, 0
3, 0
3, 0
3, 0
3, 0
3, 0
3, 0
3, 0
3, 0
3, 0
3, 0
3, 0
3, 0
1, 0x95a20
0, 0x59a10
0, 0x95a40
2, 2
3, 0
3, 0
3, 0
3, 0
3, 0
3, 0
3, 0
3, 0
3, 0
3, 0
3, 0
3, 0
3, 0
3, 0
1, 0x95a40
0, 0x59a30
0, 0x95a60
2, 2
3, 0
3, 0
3, 0
3, 0
3, 0
3, 0
3, 0
3, 0
3, 0
3, 0
3, 0
3, 0
3, 0
3, 0
0, 0x59a50
0, 0x95a80
0, 0x59a70
0, 0x95aa0
0, 0x59a90
0, 0x95ac0
0, 0x59ab0
0, 0x95ae0
1, 0x95a60
0, 0x59a50
0, 0x95a80
2, 2
3, 0
3, 0
3, 0
3, 0
3, 0
3, 0
3, 0
3, 0
3, 0
3, 0
3, 0
3, 0
3, 0
3, 0
1, 0x95a80
0, 0x59a70
0, 0x95aa0
2, 2
3, 0
3, 0
3, 0
3, 0
3, 0
3, 0
3, 0
3, 0
3, 0
3, 0
3, 0
3, 0
3, 0
3, 0
1, 0x95aa0
0, 0x59a90
0, 0x95ac0
2, 2
3, 0
3, 0
3, 0
3, 0
3, 0
3, 0
3, 0
3, 0
3, 0
3, 0
3, 0
3, 0
3, 0
3, 0
1, 0x95ac0
0, 0x59ab0
0, 0x95ae0
2, 2
3, 0
3, 0
3, 0
3, 0
3, 0
3, 0
3, 0
3, 0
3, 0
3, 0
3, 0
3, 0
3, 0
3, 0
0, 0x59ad0
0, 0x95b00
0, 0x59af0
0, 0x95b20
0, 0x59b10
0, 0x95b40
0, 0x59b30
0, 0x95b60
1, 0x95ae0
0, 0x59ad0
0, 0x95b00
2, 2
3, 0
3, 0
3, 0
3, 0
3, 0
3, 0
3, 0
3, 0
3, 0
3, 0
3, 0
3, 0
3, 0
3, 0
1, 0x95b00
0, 0x59af0
0, 0x95b20
2, 2
3, 0
3, 0
3, 0
3, 0
3, 0
3, 0
3, 0
3, 0
3, 0
3, 0
3, 0
3, 0
3, 0
3, 0
1, 0x95b20
0, 0x59b10
0, 0x95b40
2, 2
3, 0
3, 0
3, 0
3, 0
3, 0
3, 0
3, 0
3, 0
3, 0
3, 0
3, 0
3, 0
3, 0
3, 0
1, 0x95b40
0, 0x59b30
0, 0x95b60
2, 2
3, 0
3, 0
3, 0
3, 0
3, 0
3, 0
3, 0
3, 0
3, 0
3, 0
3, 0
3, 0
3, 0
3, 0
0, 0x59b50
0, 0x95b80
0, 0x59b70
0, 0x95ba0
0, 0x59b90
0, 0x95bc0
0, 0x59bb0
0, 0x95be0
1, 0x95b60
0, 0x59b50
0, 0x95b80
2, 2
3, 0
3, 0
3, 0
3, 0
3, 0
3, 0
3, 0
3, 0
3, 0
3, 0
3, 0
3, 0
3, 0
3, 0
1, 0x95b80
0, 0x59b70
0, 0x95ba0
2, 2
3, 0
3, 0
3, 0
3, 0
3, 0
3, 0
3, 0
3, 0
3, 0
3, 0
3, 0
3, 0
3, 0
3, 0
1, 0x95ba0
0, 0x59b90
0, 0x95bc0
2, 2
3, 0
3, 0
3, 0
3, 0
3, 0
3, 0
3, 0
3, 0
3, 0
3, 0
3, 0
3, 0
3, 0
3, 0
1, 0x95bc0
0, 0x59bb0
0, 0x95be0
2, 2
3, 0
3, 0
3, 0
3, 0
3, 0
3, 0
3, 0
3, 0
3, 0
3, 0
3, 0
3, 0
3, 0
3, 0
0, 0x59bd0
0, 0x95c00
0, 0x59bf0
0, 0x95c20
0, 0x59c10
0, 0x95c40
0, 0x59c30
0, 0x95c60
1, 0x95be0
0, 0x59bd0
0, 0x95c00
2, 2
3, 0
3, 0
3, 0
3, 0
3, 0
3, 0
3, 0
3, 0
3, 0
3, 0
3, 0
3, 0
3, 0
3, 0
1, 0x95c00
0, 0x59bf0
0, 0x95c20
2, 2
3, 0
3, 0
3, 0
3, 0
3, 0
3, 0
3, 0
3, 0
3, 0
3, 0
3, 0
3, 0
3, 0
3, 0
1, 0x95c20
0, 0x59c10
0, 0x95c40
2, 2
3, 0
3, 0
3, 0
3, 0
3, 0
3, 0
3, 0
3, 0
3, 0
3, 0
3, 0
3, 0
3, 0
3, 0
1, 0x95c40
0, 0x59c30
0, 0x95c60
2, 2
3, 0
3, 0
3, 0
3, 0
3, 0
3, 0
3, 0
3, 0
3, 0
3, 0
3, 0
3, 0
3, 0
3, 0
0, 0x59c50
0, 0x95c80
0, 0x59c70
0, 0x95ca0
0, 0x59c90
0, 0x95cc0
0, 0x59cb0
0, 0x95ce0
1, 0x95c60
0, 0x59c50
0, 0x95c80
2, 2
3, 0
3, 0
3, 0
3, 0
3, 0
3, 0
3, 0
3, 0
3, 0
3, 0
3, 0
3, 0
3, 0
3, 0
1, 0x95c80
0, 0x59c70
0, 0x95ca0
2, 2
3, 0
3, 0
3, 0
3, 0
3, 0
3, 0
3, 0
3, 0
3, 0
3, 0
3, 0
3, 0
3, 0
3, 0
1, 0x95ca0
0, 0x59c90
0, 0x95cc0
2, 2
3, 0
3, 0
3, 0
3, 0
3, 0
3, 0
3, 0
3, 0
3, 0
3, 0
3, 0
3, 0
3, 0
3, 0
1, 0x95cc0
0, 0x59cb0
0, 0x95ce0
2, 2
3, 0
3, 0
3, 0
3, 0
3, 0
3, 0
3, 0
3, 0
3, 0
3, 0
3, 0
3, 0
3, 0
3, 0
0, 0x59cd0
0, 0x95d00
0, 0x59cf0
0, 0x95d20
0, 0x59d10
0, 0x95d40
0, 0x59d30
0, 0x95d60
1, 0x95ce0
0, 0x59cd0
0, 0x95d00
2, 2
3, 0
3, 0
3, 0
3, 0
3, 0
3, 0
3, 0
3, 0
3, 0
3, 0
3, 0
3, 0
3, 0
3, 0
1, 0x95d00
0, 0x59cf0
0, 0x95d20
2, 2
3, 0
3, 0
3, 0
3, 0
3, 0
3, 0
3, 0
3, 0
3, 0
3, 0
3, 0
3, 0
3, 0
3, 0
1, 0x95d20
0, 0x59d10
0, 0x95d40
2, 2
3, 0
3, 0
3, 0
3, 0
3, 0
3, 0
3, 0
3, 0
3, 0
3, 0
3, 0
3, 0
3, 0
3, 0
1, 0x95d40
0, 0x59d30
0, 0x95d60
2, 2
3, 0
3, 0
3, 0
3, 0
3, 0
3, 0
3, 0
3, 0
3, 0
3, 0
3, 0
3, 0
3, 0
3, 0
0, 0x59d50
0, 0x95d80
0, 0x59d70
0, 0x95da0
0, 0x59d90
0, 0x95dc0
0, 0x59db0
0, 0x95de0
1, 0x95d60
0, 0x59d50
0, 0x95d80
2, 2
3, 0
3, 0
3, 0
3, 0
3, 0
3, 0
3, 0
3, 0
3, 0
3, 0
3, 0
3, 0
3, 0
3, 0
1, 0x95d80
0, 0x59d70
0, 0x95da0
2, 2
3, 0
3, 0
3, 0
3, 0
3, 0
3, 0
3, 0
3, 0
3, 0
3, 0
3, 0
3, 0
3, 0
3, 0
1, 0x95da0
0, 0x59d90
0, 0x95dc0
2, 2
3, 0
3, 0
3, 0
3, 0
3, 0
3, 0
3, 0
3, 0
3, 0
3, 0
3, 0
3, 0
3, 0
3, 0
1, 0x95dc0
0, 0x59db0
0, 0x95de0
2, 2
3, 0
3, 0
3, 0
3, 0
3, 0
3, 0
3, 0
3, 0
3, 0
3, 0
3, 0
3, 0
3, 0
3, 0
0, 0x59dd0
0, 0x95e00
0, 0x59df0
0, 0x95e20
0, 0x59e10
0, 0x95e40
0, 0x59e30
0, 0x95e60
1, 0x95de0
0, 0x59dd0
0, 0x95e00
2, 2
3, 0
3, 0
3, 0
3, 0
3, 0
3, 0
3, 0
3, 0
3, 0
3, 0
3, 0
3, 0
3, 0
3, 0
1, 0x95e00
0, 0x59df0
0, 0x95e20
2, 2
3, 0
3, 0
3, 0
3, 0
3, 0
3, 0
3, 0
3, 0
3, 0
3, 0
3, 0
3, 0
3, 0
3, 0
1, 0x95e20
0, 0x59e10
0, 0x95e40
2, 2
3, 0
3, 0
3, 0
3, 0
3, 0
3, 0
3, 0
3, 0
3, 0
3, 0
3, 0
3, 0
3, 0
3, 0
1, 0x95e40
0, 0x59e30
0, 0x95e60
2, 2
3, 0
3, 0
3, 0
3, 0
3, 0
3, 0
3, 0
3, 0
3, 0
3, 0
3, 0
3, 0
3, 0
3, 0
0, 0x59e50
0, 0x95e80
0, 0x59e70
0, 0x95ea0
0, 0x59e90
0, 0x95ec0
0, 0x59eb0
0, 0x95ee0
1, 0x95e60
0, 0x59e50
0, 0x95e80
2, 2
3, 0
3, 0
3, 0
3, 0
3, 0
3, 0
3, 0
3, 0
3, 0
3, 0
3, 0
3, 0
3, 0
3, 0
1, 0x95e80
0, 0x59e70
0, 0x95ea0
2, 2
3, 0
3, 0
3, 0
3, 0
3, 0
3, 0
3, 0
3, 0
3, 0
3, 0
3, 0
3, 0
3, 0
3, 0
1, 0x95ea0
0, 0x59e90
0, 0x95ec0
2, 2
3, 0
3, 0
3, 0
3, 0
3, 0
3, 0
3, 0
3, 0
3, 0
3, 0
3, 0
3, 0
3, 0
3, 0
1, 0x95ec0
0, 0x59eb0
0, 0x95ee0
2, 2
3, 0
3, 0
3, 0
3, 0
3, 0
3, 0
3, 0
3, 0
3, 0
3, 0
3, 0
3, 0
3, 0
3, 0
0, 0x59ed0
0, 0x95f00
0, 0x59ef0
0, 0x95f20
0, 0x59f10
0, 0x95f40
0, 0x59f30
0, 0x95f60
1, 0x95ee0
0, 0x59ed0
0, 0x95f00
2, 2
3, 0
3, 0
3, 0
3, 0
3, 0
3, 0
3, 0
3, 0
3, 0
3, 0
3, 0
3, 0
3, 0
3, 0
1, 0x95f00
0, 0x59ef0
0, 0x95f20
2, 2
3, 0
3, 0
3, 0
3, 0
3, 0
3, 0
3, 0
3, 0
3, 0
3, 0
3, 0
3, 0
3, 0
3, 0
1, 0x95f20
0, 0x59f10
0, 0x95f40
2, 2
3, 0
3, 0
3, 0
3, 0
3, 0
3, 0
3, 0
3, 0
3, 0
3, 0
3, 0
3, 0
3, 0
3, 0
1, 0x95f40
0, 0x59f30
0, 0x95f60
2, 2
3, 0
3, 0
3, 0
3, 0
3, 0
3, 0
3, 0
3, 0
3, 0
3, 0
3, 0
3, 0
3, 0
3, 0
0, 0x59f50
0, 0x95f80
0, 0x59f70
0, 0x95fa0
0, 0x59f90
0, 0x95fc0
0, 0x59fb0
0, 0x95fe0
1, 0x95f60
0, 0x59f50
0, 0x95f80
2, 2
3, 0
3, 0
3, 0
3, 0
3, 0
3, 0
3, 0
3, 0
3, 0
3, 0
3, 0
3, 0
3, 0
3, 0
1, 0x95f80
0, 0x59f70
0, 0x95fa0
2, 2
3, 0
3, 0
3, 0
3, 0
3, 0
3, 0
3, 0
3, 0
3, 0
3, 0
3, 0
3, 0
3, 0
3, 0
1, 0x95fa0
0, 0x59f90
0, 0x95fc0
2, 2
3, 0
3, 0
3, 0
3, 0
3, 0
3, 0
3, 0
3, 0
3, 0
3, 0
3, 0
3, 0
3, 0
3, 0
1, 0x95fc0
0, 0x59fb0
0, 0x95fe0
2, 2
3, 0
3, 0
3, 0
3, 0
3, 0
3, 0
3, 0
3, 0
3, 0
3, 0
3, 0
3, 0
3, 0
3, 0
0, 0x59fd0
0, 0x96000
0, 0x59ff0
0, 0x96020
0, 0x5a010
0, 0x96040
0, 0x5a030
0, 0x96060
1, 0x95fe0
0, 0x59fd0
0, 0x96000
2, 2
3, 0
3, 0
3, 0
3, 0
3, 0
3, 0
3, 0
3, 0
3, 0
3, 0
3, 0
3, 0
3, 0
3, 0
1, 0x96000
0, 0x59ff0
0, 0x96020
2, 2
3, 0
3, 0
3, 0
3, 0
3, 0
3, 0
3, 0
3, 0
3, 0
3, 0
3, 0
3, 0
3, 0
3, 0
1, 0x96020
0, 0x5a010
0, 0x96040
2, 2
3, 0
3, 0
3, 0
3, 0
3, 0
3, 0
3, 0
3, 0
3, 0
3, 0
3, 0
3, 0
3, 0
3, 0
1, 0x96040
0, 0x5a030
0, 0x96060
2, 2
3, 0
3, 0
3, 0
3, 0
3, 0
3, 0
3, 0
3, 0
3, 0
3, 0
3, 0
3, 0
3, 0
3, 0
0, 0x5a050
0, 0x96080
0, 0x5a070
0, 0x960a0
0, 0x5a090
0, 0x960c0
0, 0x5a0b0
0, 0x960e0
1, 0x96060
0, 0x5a050
0, 0x96080
2, 2
3, 0
3, 0
3, 0
3, 0
3, 0
3, 0
3, 0
3, 0
3, 0
3, 0
3, 0
3, 0
3, 0
3, 0
1, 0x96080
0, 0x5a070
0, 0x960a0
2, 2
3, 0
3, 0
3, 0
3, 0
3, 0
3, 0
3, 0
3, 0
3, 0
3, 0
3, 0
3, 0
3, 0
3, 0
1, 0x960a0
0, 0x5a090
0, 0x960c0
2, 2
3, 0
3, 0
3, 0
3, 0
3, 0
3, 0
3, 0
3, 0
3, 0
3, 0
3, 0
3, 0
3, 0
3, 0
1, 0x960c0
0, 0x5a0b0
0, 0x960e0
2, 2
3, 0
3, 0
3, 0
3, 0
3, 0
3, 0
3, 0
3, 0
3, 0
3, 0
3, 0
3, 0
3, 0
3, 0
0, 0x5a0d0
0, 0x96100
0, 0x5a0f0
0, 0x96120
0, 0x5a110
0, 0x96140
0, 0x5a130
0, 0x96160
1, 0x960e0
0, 0x5a0d0
0, 0x96100
2, 2
3, 0
3, 0
3, 0
3, 0
3, 0
3, 0
3, 0
3, 0
3, 0
3, 0
3, 0
3, 0
3, 0
3, 0
1, 0x96100
0, 0x5a0f0
0, 0x96120
2, 2
3, 0
3, 0
3, 0
3, 0
3, 0
3, 0
3, 0
3, 0
3, 0
3, 0
3, 0
3, 0
3, 0
3, 0
1, 0x96120
0, 0x5a110
0, 0x96140
2, 2
3, 0
3, 0
3, 0
3, 0
3, 0
3, 0
3, 0
3, 0
3, 0
3, 0
3, 0
3, 0
3, 0
3, 0
1, 0x96140
0, 0x5a130
0, 0x96160
2, 2
3, 0
3, 0
3, 0
3, 0
3, 0
3, 0
3, 0
3, 0
3, 0
3, 0
3, 0
3, 0
3, 0
3, 0
0, 0x5a150
0, 0x96180
0, 0x5a170
0, 0x961a0
0, 0x5a190
0, 0x961c0
0, 0x5a1b0
0, 0x961e0
1, 0x96160
0, 0x5a150
0, 0x96180
2, 2
3, 0
3, 0
3, 0
3, 0
3, 0
3, 0
3, 0
3, 0
3, 0
3, 0
3, 0
3, 0
3, 0
3, 0
1, 0x96180
0, 0x5a170
0, 0x961a0
2, 2
3, 0
3, 0
3, 0
3, 0
3, 0
3, 0
3, 0
3, 0
3, 0
3, 0
3, 0
3, 0
3, 0
3, 0
1, 0x961a0
0, 0x5a190
0, 0x961c0
2, 2
3, 0
3, 0
3, 0
3, 0
3, 0
3, 0
3, 0
3, 0
3, 0
3, 0
3, 0
3, 0
3, 0
3, 0
1, 0x961c0
0, 0x5a1b0
0, 0x961e0
2, 2
3, 0
3, 0
3, 0
3, 0
3, 0
3, 0
3, 0
3, 0
3, 0
3, 0
3, 0
3, 0
3, 0
3, 0
0, 0x5a1d0
0, 0x96200
0, 0x5a1f0
0, 0x96220
0, 0x5a210
0, 0x96240
0, 0x5a230
0, 0x96260
1, 0x961e0
0, 0x5a1d0
0, 0x96200
2, 2
3, 0
3, 0
3, 0
3, 0
3, 0
3, 0
3, 0
3, 0
3, 0
3, 0
3, 0
3, 0
3, 0
3, 0
1, 0x96200
0, 0x5a1f0
0, 0x96220
2, 2
3, 0
3, 0
3, 0
3, 0
3, 0
3, 0
3, 0
3, 0
3, 0
3, 0
3, 0
3, 0
3, 0
3, 0
1, 0x96220
0, 0x5a210
0, 0x96240
2, 2
3, 0
3, 0
3, 0
3, 0
3, 0
3, 0
3, 0
3, 0
3, 0
3, 0
3, 0
3, 0
3, 0
3, 0
1, 0x96240
0, 0x5a230
0, 0x96260
2, 2
3, 0
3, 0
3, 0
3, 0
3, 0
3, 0
3, 0
3, 0
3, 0
3, 0
3, 0
3, 0
3, 0
3, 0
0, 0x5a250
0, 0x96280
0, 0x5a270
0, 0x962a0
0, 0x5a290
0, 0x962c0
0, 0x5a2b0
0, 0x962e0
1, 0x96260
0, 0x5a250
0, 0x96280
2, 2
3, 0
3, 0
3, 0
3, 0
3, 0
3, 0
3, 0
3, 0
3, 0
3, 0
3, 0
3, 0
3, 0
3, 0
1, 0x96280
0, 0x5a270
0, 0x962a0
2, 2
3, 0
3, 0
3, 0
3, 0
3, 0
3, 0
3, 0
3, 0
3, 0
3, 0
3, 0
3, 0
3, 0
3, 0
1, 0x962a0
0, 0x5a290
0, 0x962c0
2, 2
3, 0
3, 0
3, 0
3, 0
3, 0
3, 0
3, 0
3, 0
3, 0
3, 0
3, 0
3, 0
3, 0
3, 0
1, 0x962c0
0, 0x5a2b0
0, 0x962e0
2, 2
3, 0
3, 0
3, 0
3, 0
3, 0
3, 0
3, 0
3, 0
3, 0
3, 0
3, 0
3, 0
3, 0
3, 0
0, 0x5a2d0
0, 0x96300
0, 0x5a2f0
0, 0x96320
0, 0x5a310
0, 0x96340
0, 0x5a330
0, 0x96360
1, 0x962e0
0, 0x5a2d0
0, 0x96300
2, 2
3, 0
3, 0
3, 0
3, 0
3, 0
3, 0
3, 0
3, 0
3, 0
3, 0
3, 0
3, 0
3, 0
3, 0
1, 0x96300
0, 0x5a2f0
0, 0x96320
2, 2
3, 0
3, 0
3, 0
3, 0
3, 0
3, 0
3, 0
3, 0
3, 0
3, 0
3, 0
3, 0
3, 0
3, 0
1, 0x96320
0, 0x5a310
0, 0x96340
2, 2
3, 0
3, 0
3, 0
3, 0
3, 0
3, 0
3, 0
3, 0
3, 0
3, 0
3, 0
3, 0
3, 0
3, 0
1, 0x96340
0, 0x5a330
0, 0x96360
2, 2
3, 0
3, 0
3, 0
3, 0
3, 0
3, 0
3, 0
3, 0
3, 0
3, 0
3, 0
3, 0
3, 0
3, 0
0, 0x5a350
0, 0x96380
0, 0x5a370
0, 0x963a0
0, 0x5a390
0, 0x963c0
0, 0x5a3b0
0, 0x963e0
1, 0x96360
0, 0x5a350
0, 0x96380
2, 2
3, 0
3, 0
3, 0
3, 0
3, 0
3, 0
3, 0
3, 0
3, 0
3, 0
3, 0
3, 0
3, 0
3, 0
1, 0x96380
0, 0x5a370
0, 0x963a0
2, 2
3, 0
3, 0
3, 0
3, 0
3, 0
3, 0
3, 0
3, 0
3, 0
3, 0
3, 0
3, 0
3, 0
3, 0
1, 0x963a0
0, 0x5a390
0, 0x963c0
2, 2
3, 0
3, 0
3, 0
3, 0
3, 0
3, 0
3, 0
3, 0
3, 0
3, 0
3, 0
3, 0
3, 0
3, 0
1, 0x963c0
0, 0x5a3b0
0, 0x963e0
2, 2
3, 0
3, 0
3, 0
3, 0
3, 0
3, 0
3, 0
3, 0
3, 0
3, 0
3, 0
3, 0
3, 0
3, 0
0, 0x5a3d0
0, 0x96400
0, 0x5a3f0
0, 0x96420
0, 0x5a410
0, 0x96440
0, 0x5a430
0, 0x96460
1, 0x963e0
0, 0x5a3d0
0, 0x96400
2, 2
3, 0
3, 0
3, 0
3, 0
3, 0
3, 0
3, 0
3, 0
3, 0
3, 0
3, 0
3, 0
3, 0
3, 0
1, 0x96400
0, 0x5a3f0
0, 0x96420
2, 2
3, 0
3, 0
3, 0
3, 0
3, 0
3, 0
3, 0
3, 0
3, 0
3, 0
3, 0
3, 0
3, 0
3, 0
1, 0x96420
0, 0x5a410
0, 0x96440
2, 2
3, 0
3, 0
3, 0
3, 0
3, 0
3, 0
3, 0
3, 0
3, 0
3, 0
3, 0
3, 0
3, 0
3, 0
1, 0x96440
0, 0x5a430
0, 0x96460
2, 2
3, 0
3, 0
3, 0
3, 0
3, 0
3, 0
3, 0
3, 0
3, 0
3, 0
3, 0
3, 0
3, 0
3, 0
0, 0x5a450
0, 0x96480
0, 0x5a470
0, 0x964a0
0, 0x5a490
0, 0x964c0
0, 0x5a4b0
0, 0x964e0
1, 0x96460
0, 0x5a450
0, 0x96480
2, 2
3, 0
3, 0
3, 0
3, 0
3, 0
3, 0
3, 0
3, 0
3, 0
3, 0
3, 0
3, 0
3, 0
3, 0
1, 0x96480
0, 0x5a470
0, 0x964a0
2, 2
3, 0
3, 0
3, 0
3, 0
3, 0
3, 0
3, 0
3, 0
3, 0
3, 0
3, 0
3, 0
3, 0
3, 0
1, 0x964a0
0, 0x5a490
0, 0x964c0
2, 2
3, 0
3, 0
3, 0
3, 0
3, 0
3, 0
3, 0
3, 0
3, 0
3, 0
3, 0
3, 0
3, 0
3, 0
1, 0x964c0
0, 0x5a4b0
0, 0x964e0
2, 2
3, 0
3, 0
3, 0
3, 0
3, 0
3, 0
3, 0
3, 0
3, 0
3, 0
3, 0
3, 0
3, 0
3, 0
0, 0x5a4d0
0, 0x96500
0, 0x5a4f0
0, 0x96520
0, 0x5a510
0, 0x96540
0, 0x5a530
0, 0x96560
1, 0x964e0
0, 0x5a4d0
0, 0x96500
2, 2
3, 0
3, 0
3, 0
3, 0
3, 0
3, 0
3, 0
3, 0
3, 0
3, 0
3, 0
3, 0
3, 0
3, 0
1, 0x96500
0, 0x5a4f0
0, 0x96520
2, 2
3, 0
3, 0
3, 0
3, 0
3, 0
3, 0
3, 0
3, 0
3, 0
3, 0
3, 0
3, 0
3, 0
3, 0
1, 0x96520
0, 0x5a510
0, 0x96540
2, 2
3, 0
3, 0
3, 0
3, 0
3, 0
3, 0
3, 0
3, 0
3, 0
3, 0
3, 0
3, 0
3, 0
3, 0
1, 0x96540
0, 0x5a530
0, 0x96560
2, 2
3, 0
3, 0
3, 0
3, 0
3, 0
3, 0
3, 0
3, 0
3, 0
3, 0
3, 0
3, 0
3, 0
3, 0
0, 0x5a550
0, 0x96580
0, 0x5a570
0, 0x965a0
0, 0x5a590
0, 0x965c0
0, 0x5a5b0
0, 0x965e0
1, 0x96560
0, 0x5a550
0, 0x96580
2, 2
3, 0
3, 0
3, 0
3, 0
3, 0
3, 0
3, 0
3, 0
3, 0
3, 0
3, 0
3, 0
3, 0
3, 0
1, 0x96580
0, 0x5a570
0, 0x965a0
2, 2
3, 0
3, 0
3, 0
3, 0
3, 0
3, 0
3, 0
3, 0
3, 0
3, 0
3, 0
3, 0
3, 0
3, 0
1, 0x965a0
0, 0x5a590
0, 0x965c0
2, 2
3, 0
3, 0
3, 0
3, 0
3, 0
3, 0
3, 0
3, 0
3, 0
3, 0
3, 0
3, 0
3, 0
3, 0
1, 0x965c0
0, 0x5a5b0
0, 0x965e0
2, 2
3, 0
3, 0
3, 0
3, 0
3, 0
3, 0
3, 0
3, 0
3, 0
3, 0
3, 0
3, 0
3, 0
3, 0
0, 0x5a5d0
0, 0x96600
0, 0x5a5f0
0, 0x96620
0, 0x5a610
0, 0x96640
0, 0x5a630
0, 0x96660
1, 0x965e0
0, 0x5a5d0
0, 0x96600
2, 2
3, 0
3, 0
3, 0
3, 0
3, 0
3, 0
3, 0
3, 0
3, 0
3, 0
3, 0
3, 0
3, 0
3, 0
1, 0x96600
0, 0x5a5f0
0, 0x96620
2, 2
3, 0
3, 0
3, 0
3, 0
3, 0
3, 0
3, 0
3, 0
3, 0
3, 0
3, 0
3, 0
3, 0
3, 0
1, 0x96620
0, 0x5a610
0, 0x96640
2, 2
3, 0
3, 0
3, 0
3, 0
3, 0
3, 0
3, 0
3, 0
3, 0
3, 0
3, 0
3, 0
3, 0
3, 0
1, 0x96640
0, 0x5a630
0, 0x96660
2, 2
3, 0
3, 0
3, 0
3, 0
3, 0
3, 0
3, 0
3, 0
3, 0
3, 0
3, 0
3, 0
3, 0
3, 0
0, 0x5a650
0, 0x96680
0, 0x5a670
0, 0x966a0
0, 0x5a690
0, 0x966c0
0, 0x5a6b0
0, 0x966e0
1, 0x96660
0, 0x5a650
0, 0x96680
2, 2
3, 0
3, 0
3, 0
3, 0
3, 0
3, 0
3, 0
3, 0
3, 0
3, 0
3, 0
3, 0
3, 0
3, 0
1, 0x96680
0, 0x5a670
0, 0x966a0
2, 2
3, 0
3, 0
3, 0
3, 0
3, 0
3, 0
3, 0
3, 0
3, 0
3, 0
3, 0
3, 0
3, 0
3, 0
1, 0x966a0
0, 0x5a690
0, 0x966c0
2, 2
3, 0
3, 0
3, 0
3, 0
3, 0
3, 0
3, 0
3, 0
3, 0
3, 0
3, 0
3, 0
3, 0
3, 0
1, 0x966c0
0, 0x5a6b0
0, 0x966e0
2, 2
3, 0
3, 0
3, 0
3, 0
3, 0
3, 0
3, 0
3, 0
3, 0
3, 0
3, 0
3, 0
3, 0
3, 0
0, 0x5a6d0
0, 0x96700
0, 0x5a6f0
0, 0x96720
0, 0x5a710
0, 0x96740
0, 0x5a730
0, 0x96760
1, 0x966e0
0, 0x5a6d0
0, 0x96700
2, 2
3, 0
3, 0
3, 0
3, 0
3, 0
3, 0
3, 0
3, 0
3, 0
3, 0
3, 0
3, 0
3, 0
3, 0
1, 0x96700
0, 0x5a6f0
0, 0x96720
2, 2
3, 0
3, 0
3, 0
3, 0
3, 0
3, 0
3, 0
3, 0
3, 0
3, 0
3, 0
3, 0
3, 0
3, 0
1, 0x96720
0, 0x5a710
0, 0x96740
2, 2
3, 0
3, 0
3, 0
3, 0
3, 0
3, 0
3, 0
3, 0
3, 0
3, 0
3, 0
3, 0
3, 0
3, 0
1, 0x96740
0, 0x5a730
0, 0x96760
2, 2
3, 0
3, 0
3, 0
3, 0
3, 0
3, 0
3, 0
3, 0
3, 0
3, 0
3, 0
3, 0
3, 0
3, 0
0, 0x5a750
0, 0x96780
0, 0x5a770
0, 0x967a0
0, 0x5a790
0, 0x967c0
0, 0x5a7b0
0, 0x967e0
1, 0x96760
0, 0x5a750
0, 0x96780
2, 2
3, 0
3, 0
3, 0
3, 0
3, 0
3, 0
3, 0
3, 0
3, 0
3, 0
3, 0
3, 0
3, 0
3, 0
1, 0x96780
0, 0x5a770
0, 0x967a0
2, 2
3, 0
3, 0
3, 0
3, 0
3, 0
3, 0
3, 0
3, 0
3, 0
3, 0
3, 0
3, 0
3, 0
3, 0
1, 0x967a0
0, 0x5a790
0, 0x967c0
2, 2
3, 0
3, 0
3, 0
3, 0
3, 0
3, 0
3, 0
3, 0
3, 0
3, 0
3, 0
3, 0
3, 0
3, 0
1, 0x967c0
0, 0x5a7b0
0, 0x967e0
2, 2
3, 0
3, 0
3, 0
3, 0
3, 0
3, 0
3, 0
3, 0
3, 0
3, 0
3, 0
3, 0
3, 0
3, 0
0, 0x5a7d0
0, 0x96800
0, 0x5a7f0
0, 0x96820
0, 0x5a810
0, 0x96840
0, 0x5a830
0, 0x96860
1, 0x967e0
0, 0x5a7d0
0, 0x96800
2, 2
3, 0
3, 0
3, 0
3, 0
3, 0
3, 0
3, 0
3, 0
3, 0
3, 0
3, 0
3, 0
3, 0
3, 0
1, 0x96800
0, 0x5a7f0
0, 0x96820
2, 2
3, 0
3, 0
3, 0
3, 0
3, 0
3, 0
3, 0
3, 0
3, 0
3, 0
3, 0
3, 0
3, 0
3, 0
1, 0x96820
0, 0x5a810
0, 0x96840
2, 2
3, 0
3, 0
3, 0
3, 0
3, 0
3, 0
3, 0
3, 0
3, 0
3, 0
3, 0
3, 0
3, 0
3, 0
1, 0x96840
0, 0x5a830
0, 0x96860
2, 2
3, 0
3, 0
3, 0
3, 0
3, 0
3, 0
3, 0
3, 0
3, 0
3, 0
3, 0
3, 0
3, 0
3, 0
0, 0x5a850
0, 0x96880
0, 0x5a870
0, 0x968a0
0, 0x5a890
0, 0x968c0
0, 0x5a8b0
0, 0x968e0
1, 0x96860
0, 0x5a850
0, 0x96880
2, 2
3, 0
3, 0
3, 0
3, 0
3, 0
3, 0
3, 0
3, 0
3, 0
3, 0
3, 0
3, 0
3, 0
3, 0
1, 0x96880
0, 0x5a870
0, 0x968a0
2, 2
3, 0
3, 0
3, 0
3, 0
3, 0
3, 0
3, 0
3, 0
3, 0
3, 0
3, 0
3, 0
3, 0
3, 0
1, 0x968a0
0, 0x5a890
0, 0x968c0
2, 2
3, 0
3, 0
3, 0
3, 0
3, 0
3, 0
3, 0
3, 0
3, 0
3, 0
3, 0
3, 0
3, 0
3, 0
1, 0x968c0
0, 0x5a8b0
0, 0x968e0
2, 2
3, 0
3, 0
3, 0
3, 0
3, 0
3, 0
3, 0
3, 0
3, 0
3, 0
3, 0
3, 0
3, 0
3, 0
0, 0x5a8d0
0, 0x96900
0, 0x5a8f0
0, 0x96920
0, 0x5a910
0, 0x96940
0, 0x5a930
0, 0x96960
1, 0x968e0
0, 0x5a8d0
0, 0x96900
2, 2
3, 0
3, 0
3, 0
3, 0
3, 0
3, 0
3, 0
3, 0
3, 0
3, 0
3, 0
3, 0
3, 0
3, 0
1, 0x96900
0, 0x5a8f0
0, 0x96920
2, 2
3, 0
3, 0
3, 0
3, 0
3, 0
3, 0
3, 0
3, 0
3, 0
3, 0
3, 0
3, 0
3, 0
3, 0
1, 0x96920
0, 0x5a910
0, 0x96940
2, 2
3, 0
3, 0
3, 0
3, 0
3, 0
3, 0
3, 0
3, 0
3, 0
3, 0
3, 0
3, 0
3, 0
3, 0
1, 0x96940
0, 0x5a930
0, 0x96960
2, 2
3, 0
3, 0
3, 0
3, 0
3, 0
3, 0
3, 0
3, 0
3, 0
3, 0
3, 0
3, 0
3, 0
3, 0
0, 0x5a950
0, 0x96980
0, 0x5a970
0, 0x969a0
0, 0x5a990
0, 0x969c0
0, 0x5a9b0
0, 0x969e0
1, 0x96960
0, 0x5a950
0, 0x96980
2, 2
3, 0
3, 0
3, 0
3, 0
3, 0
3, 0
3, 0
3, 0
3, 0
3, 0
3, 0
3, 0
3, 0
3, 0
1, 0x96980
0, 0x5a970
0, 0x969a0
2, 2
3, 0
3, 0
3, 0
3, 0
3, 0
3, 0
3, 0
3, 0
3, 0
3, 0
3, 0
3, 0
3, 0
3, 0
1, 0x969a0
0, 0x5a990
0, 0x969c0
2, 2
3, 0
3, 0
3, 0
3, 0
3, 0
3, 0
3, 0
3, 0
3, 0
3, 0
3, 0
3, 0
3, 0
3, 0
1, 0x969c0
0, 0x5a9b0
0, 0x969e0
2, 2
3, 0
3, 0
3, 0
3, 0
3, 0
3, 0
3, 0
3, 0
3, 0
3, 0
3, 0
3, 0
3, 0
3, 0
0, 0x5a9d0
0, 0x96a00
0, 0x5a9f0
0, 0x96a20
0, 0x5aa10
0, 0x96a40
0, 0x5aa30
0, 0x96a60
1, 0x969e0
0, 0x5a9d0
0, 0x96a00
2, 2
3, 0
3, 0
3, 0
3, 0
3, 0
3, 0
3, 0
3, 0
3, 0
3, 0
3, 0
3, 0
3, 0
3, 0
1, 0x96a00
0, 0x5a9f0
0, 0x96a20
2, 2
3, 0
3, 0
3, 0
3, 0
3, 0
3, 0
3, 0
3, 0
3, 0
3, 0
3, 0
3, 0
3, 0
3, 0
1, 0x96a20
0, 0x5aa10
0, 0x96a40
2, 2
3, 0
3, 0
3, 0
3, 0
3, 0
3, 0
3, 0
3, 0
3, 0
3, 0
3, 0
3, 0
3, 0
3, 0
1, 0x96a40
0, 0x5aa30
0, 0x96a60
2, 2
3, 0
3, 0
3, 0
3, 0
3, 0
3, 0
3, 0
3, 0
3, 0
3, 0
3, 0
3, 0
3, 0
3, 0
0, 0x5aa50
0, 0x96a80
0, 0x5aa70
0, 0x96aa0
0, 0x5aa90
0, 0x96ac0
0, 0x5aab0
0, 0x96ae0
1, 0x96a60
0, 0x5aa50
0, 0x96a80
2, 2
3, 0
3, 0
3, 0
3, 0
3, 0
3, 0
3, 0
3, 0
3, 0
3, 0
3, 0
3, 0
3, 0
3, 0
1, 0x96a80
0, 0x5aa70
0, 0x96aa0
2, 2
3, 0
3, 0
3, 0
3, 0
3, 0
3, 0
3, 0
3, 0
3, 0
3, 0
3, 0
3, 0
3, 0
3, 0
1, 0x96aa0
0, 0x5aa90
0, 0x96ac0
2, 2
3, 0
3, 0
3, 0
3, 0
3, 0
3, 0
3, 0
3, 0
3, 0
3, 0
3, 0
3, 0
3, 0
3, 0
1, 0x96ac0
0, 0x5aab0
0, 0x96ae0
2, 2
3, 0
3, 0
3, 0
3, 0
3, 0
3, 0
3, 0
3, 0
3, 0
3, 0
3, 0
3, 0
3, 0
3, 0
0, 0x5aad0
0, 0x96b00
0, 0x5aaf0
0, 0x96b20
0, 0x5ab10
0, 0x96b40
0, 0x5ab30
0, 0x96b60
1, 0x96ae0
0, 0x5aad0
0, 0x96b00
2, 2
3, 0
3, 0
3, 0
3, 0
3, 0
3, 0
3, 0
3, 0
3, 0
3, 0
3, 0
3, 0
3, 0
3, 0
1, 0x96b00
0, 0x5aaf0
0, 0x96b20
2, 2
3, 0
3, 0
3, 0
3, 0
3, 0
3, 0
3, 0
3, 0
3, 0
3, 0
3, 0
3, 0
3, 0
3, 0
1, 0x96b20
0, 0x5ab10
0, 0x96b40
2, 2
3, 0
3, 0
3, 0
3, 0
3, 0
3, 0
3, 0
3, 0
3, 0
3, 0
3, 0
3, 0
3, 0
3, 0
1, 0x96b40
0, 0x5ab30
0, 0x96b60
2, 2
3, 0
3, 0
3, 0
3, 0
3, 0
3, 0
3, 0
3, 0
3, 0
3, 0
3, 0
3, 0
3, 0
3, 0
0, 0x5ab50
0, 0x96b80
0, 0x5ab70
0, 0x96ba0
0, 0x5ab90
0, 0x96bc0
0, 0x5abb0
0, 0x96be0
1, 0x96b60
0, 0x5ab50
0, 0x96b80
2, 2
3, 0
3, 0
3, 0
3, 0
3, 0
3, 0
3, 0
3, 0
3, 0
3, 0
3, 0
3, 0
3, 0
3, 0
1, 0x96b80
0, 0x5ab70
0, 0x96ba0
2, 2
3, 0
3, 0
3, 0
3, 0
3, 0
3, 0
3, 0
3, 0
3, 0
3, 0
3, 0
3, 0
3, 0
3, 0
1, 0x96ba0
0, 0x5ab90
0, 0x96bc0
2, 2
3, 0
3, 0
3, 0
3, 0
3, 0
3, 0
3, 0
3, 0
3, 0
3, 0
3, 0
3, 0
3, 0
3, 0
1, 0x96bc0
0, 0x5abb0
0, 0x96be0
2, 2
3, 0
3, 0
3, 0
3, 0
3, 0
3, 0
3, 0
3, 0
3, 0
3, 0
3, 0
3, 0
3, 0
3, 0
0, 0x5abd0
0, 0x96c00
0, 0x5abf0
0, 0x96c20
0, 0x5ac10
0, 0x96c40
0, 0x5ac30
0, 0x96c60
1, 0x96be0
0, 0x5abd0
0, 0x96c00
2, 2
3, 0
3, 0
3, 0
3, 0
3, 0
3, 0
3, 0
3, 0
3, 0
3, 0
3, 0
3, 0
3, 0
3, 0
1, 0x96c00
0, 0x5abf0
0, 0x96c20
2, 2
3, 0
3, 0
3, 0
3, 0
3, 0
3, 0
3, 0
3, 0
3, 0
3, 0
3, 0
3, 0
3, 0
3, 0
1, 0x96c20
0, 0x5ac10
0, 0x96c40
2, 2
3, 0
3, 0
3, 0
3, 0
3, 0
3, 0
3, 0
3, 0
3, 0
3, 0
3, 0
3, 0
3, 0
3, 0
1, 0x96c40
0, 0x5ac30
0, 0x96c60
2, 2
3, 0
3, 0
3, 0
3, 0
3, 0
3, 0
3, 0
3, 0
3, 0
3, 0
3, 0
3, 0
3, 0
3, 0
0, 0x5ac50
0, 0x96c80
0, 0x5ac70
0, 0x96ca0
0, 0x5ac90
0, 0x96cc0
0, 0x5acb0
0, 0x96ce0
1, 0x96c60
0, 0x5ac50
0, 0x96c80
2, 2
3, 0
3, 0
3, 0
3, 0
3, 0
3, 0
3, 0
3, 0
3, 0
3, 0
3, 0
3, 0
3, 0
3, 0
1, 0x96c80
0, 0x5ac70
0, 0x96ca0
2, 2
3, 0
3, 0
3, 0
3, 0
3, 0
3, 0
3, 0
3, 0
3, 0
3, 0
3, 0
3, 0
3, 0
3, 0
1, 0x96ca0
0, 0x5ac90
0, 0x96cc0
2, 2
3, 0
3, 0
3, 0
3, 0
3, 0
3, 0
3, 0
3, 0
3, 0
3, 0
3, 0
3, 0
3, 0
3, 0
1, 0x96cc0
0, 0x5acb0
0, 0x96ce0
2, 2
3, 0
3, 0
3, 0
3, 0
3, 0
3, 0
3, 0
3, 0
3, 0
3, 0
3, 0
3, 0
3, 0
3, 0
0, 0x5acd0
0, 0x96d00
0, 0x5acf0
0, 0x96d20
0, 0x5ad10
0, 0x96d40
0, 0x5ad30
0, 0x96d60
1, 0x96ce0
0, 0x5acd0
0, 0x96d00
2, 2
3, 0
3, 0
3, 0
3, 0
3, 0
3, 0
3, 0
3, 0
3, 0
3, 0
3, 0
3, 0
3, 0
3, 0
1, 0x96d00
0, 0x5acf0
0, 0x96d20
2, 2
3, 0
3, 0
3, 0
3, 0
3, 0
3, 0
3, 0
3, 0
3, 0
3, 0
3, 0
3, 0
3, 0
3, 0
1, 0x96d20
0, 0x5ad10
0, 0x96d40
2, 2
3, 0
3, 0
3, 0
3, 0
3, 0
3, 0
3, 0
3, 0
3, 0
3, 0
3, 0
3, 0
3, 0
3, 0
1, 0x96d40
0, 0x5ad30
0, 0x96d60
2, 2
3, 0
3, 0
3, 0
3, 0
3, 0
3, 0
3, 0
3, 0
3, 0
3, 0
3, 0
3, 0
3, 0
3, 0
0, 0x5ad50
0, 0x96d80
0, 0x5ad70
0, 0x96da0
0, 0x5ad90
0, 0x96dc0
0, 0x5adb0
0, 0x96de0
1, 0x96d60
0, 0x5ad50
0, 0x96d80
2, 2
3, 0
3, 0
3, 0
3, 0
3, 0
3, 0
3, 0
3, 0
3, 0
3, 0
3, 0
3, 0
3, 0
3, 0
1, 0x96d80
0, 0x5ad70
0, 0x96da0
2, 2
3, 0
3, 0
3, 0
3, 0
3, 0
3, 0
3, 0
3, 0
3, 0
3, 0
3, 0
3, 0
3, 0
3, 0
1, 0x96da0
0, 0x5ad90
0, 0x96dc0
2, 2
3, 0
3, 0
3, 0
3, 0
3, 0
3, 0
3, 0
3, 0
3, 0
3, 0
3, 0
3, 0
3, 0
3, 0
1, 0x96dc0
0, 0x5adb0
0, 0x96de0
2, 2
3, 0
3, 0
3, 0
3, 0
3, 0
3, 0
3, 0
3, 0
3, 0
3, 0
3, 0
3, 0
3, 0
3, 0
0, 0x5add0
0, 0x96e00
0, 0x5adf0
0, 0x96e20
0, 0x5ae10
0, 0x96e40
0, 0x5ae30
0, 0x96e60
1, 0x96de0
0, 0x5add0
0, 0x96e00
2, 2
3, 0
3, 0
3, 0
3, 0
3, 0
3, 0
3, 0
3, 0
3, 0
3, 0
3, 0
3, 0
3, 0
3, 0
1, 0x96e00
0, 0x5adf0
0, 0x96e20
2, 2
3, 0
3, 0
3, 0
3, 0
3, 0
3, 0
3, 0
3, 0
3, 0
3, 0
3, 0
3, 0
3, 0
3, 0
1, 0x96e20
0, 0x5ae10
0, 0x96e40
2, 2
3, 0
3, 0
3, 0
3, 0
3, 0
3, 0
3, 0
3, 0
3, 0
3, 0
3, 0
3, 0
3, 0
3, 0
1, 0x96e40
0, 0x5ae30
0, 0x96e60
2, 2
3, 0
3, 0
3, 0
3, 0
3, 0
3, 0
3, 0
3, 0
3, 0
3, 0
3, 0
3, 0
3, 0
3, 0
0, 0x5ae50
0, 0x96e80
0, 0x5ae70
0, 0x96ea0
0, 0x5ae90
0, 0x96ec0
0, 0x5aeb0
0, 0x96ee0
1, 0x96e60
0, 0x5ae50
0, 0x96e80
2, 2
3, 0
3, 0
3, 0
3, 0
3, 0
3, 0
3, 0
3, 0
3, 0
3, 0
3, 0
3, 0
3, 0
3, 0
1, 0x96e80
0, 0x5ae70
0, 0x96ea0
2, 2
3, 0
3, 0
3, 0
3, 0
3, 0
3, 0
3, 0
3, 0
3, 0
3, 0
3, 0
3, 0
3, 0
3, 0
1, 0x96ea0
0, 0x5ae90
0, 0x96ec0
2, 2
3, 0
3, 0
3, 0
3, 0
3, 0
3, 0
3, 0
3, 0
3, 0
3, 0
3, 0
3, 0
3, 0
3, 0
1, 0x96ec0
0, 0x5aeb0
0, 0x96ee0
2, 2
3, 0
3, 0
3, 0
3, 0
3, 0
3, 0
3, 0
3, 0
3, 0
3, 0
3, 0
3, 0
3, 0
3, 0
0, 0x5aed0
0, 0x96f00
0, 0x5aef0
0, 0x96f20
0, 0x5af10
0, 0x96f40
0, 0x5af30
0, 0x96f60
1, 0x96ee0
0, 0x5aed0
0, 0x96f00
2, 2
3, 0
3, 0
3, 0
3, 0
3, 0
3, 0
3, 0
3, 0
3, 0
3, 0
3, 0
3, 0
3, 0
3, 0
1, 0x96f00
0, 0x5aef0
0, 0x96f20
2, 2
3, 0
3, 0
3, 0
3, 0
3, 0
3, 0
3, 0
3, 0
3, 0
3, 0
3, 0
3, 0
3, 0
3, 0
1, 0x96f20
0, 0x5af10
0, 0x96f40
2, 2
3, 0
3, 0
3, 0
3, 0
3, 0
3, 0
3, 0
3, 0
3, 0
3, 0
3, 0
3, 0
3, 0
3, 0
1, 0x96f40
0, 0x5af30
0, 0x96f60
2, 2
3, 0
3, 0
3, 0
3, 0
3, 0
3, 0
3, 0
3, 0
3, 0
3, 0
3, 0
3, 0
3, 0
3, 0
0, 0x5af50
0, 0x96f80
0, 0x5af70
0, 0x96fa0
0, 0x5af90
0, 0x96fc0
0, 0x5afb0
0, 0x96fe0
1, 0x96f60
0, 0x5af50
0, 0x96f80
2, 2
3, 0
3, 0
3, 0
3, 0
3, 0
3, 0
3, 0
3, 0
3, 0
3, 0
3, 0
3, 0
3, 0
3, 0
1, 0x96f80
0, 0x5af70
0, 0x96fa0
2, 2
3, 0
3, 0
3, 0
3, 0
3, 0
3, 0
3, 0
3, 0
3, 0
3, 0
3, 0
3, 0
3, 0
3, 0
1, 0x96fa0
0, 0x5af90
0, 0x96fc0
2, 2
3, 0
3, 0
3, 0
3, 0
3, 0
3, 0
3, 0
3, 0
3, 0
3, 0
3, 0
3, 0
3, 0
3, 0
1, 0x96fc0
0, 0x5afb0
0, 0x96fe0
2, 2
3, 0
3, 0
3, 0
3, 0
3, 0
3, 0
3, 0
3, 0
3, 0
3, 0
3, 0
3, 0
3, 0
3, 0
0, 0x5afd0
0, 0x97000
0, 0x5aff0
0, 0x97020
0, 0x5b010
0, 0x97040
0, 0x5b030
0, 0x97060
1, 0x96fe0
0, 0x5afd0
0, 0x97000
2, 2
3, 0
3, 0
3, 0
3, 0
3, 0
3, 0
3, 0
3, 0
3, 0
3, 0
3, 0
3, 0
3, 0
3, 0
1, 0x97000
0, 0x5aff0
0, 0x97020
2, 2
3, 0
3, 0
3, 0
3, 0
3, 0
3, 0
3, 0
3, 0
3, 0
3, 0
3, 0
3, 0
3, 0
3, 0
1, 0x97020
0, 0x5b010
0, 0x97040
2, 2
3, 0
3, 0
3, 0
3, 0
3, 0
3, 0
3, 0
3, 0
3, 0
3, 0
3, 0
3, 0
3, 0
3, 0
1, 0x97040
0, 0x5b030
0, 0x97060
2, 2
3, 0
3, 0
3, 0
3, 0
3, 0
3, 0
3, 0
3, 0
3, 0
3, 0
3, 0
3, 0
3, 0
3, 0
0, 0x5b050
0, 0x97080
0, 0x5b070
0, 0x970a0
0, 0x5b090
0, 0x970c0
0, 0x5b0b0
0, 0x970e0
1, 0x97060
0, 0x5b050
0, 0x97080
2, 2
3, 0
3, 0
3, 0
3, 0
3, 0
3, 0
3, 0
3, 0
3, 0
3, 0
3, 0
3, 0
3, 0
3, 0
1, 0x97080
0, 0x5b070
0, 0x970a0
2, 2
3, 0
3, 0
3, 0
3, 0
3, 0
3, 0
3, 0
3, 0
3, 0
3, 0
3, 0
3, 0
3, 0
3, 0
1, 0x970a0
0, 0x5b090
0, 0x970c0
2, 2
3, 0
3, 0
3, 0
3, 0
3, 0
3, 0
3, 0
3, 0
3, 0
3, 0
3, 0
3, 0
3, 0
3, 0
1, 0x970c0
0, 0x5b0b0
0, 0x970e0
2, 2
3, 0
3, 0
3, 0
3, 0
3, 0
3, 0
3, 0
3, 0
3, 0
3, 0
3, 0
3, 0
3, 0
3, 0
0, 0x5b0d0
0, 0x97100
0, 0x5b0f0
0, 0x97120
0, 0x5b110
0, 0x97140
0, 0x5b130
0, 0x97160
1, 0x970e0
0, 0x5b0d0
0, 0x97100
2, 2
3, 0
3, 0
3, 0
3, 0
3, 0
3, 0
3, 0
3, 0
3, 0
3, 0
3, 0
3, 0
3, 0
3, 0
1, 0x97100
0, 0x5b0f0
0, 0x97120
2, 2
3, 0
3, 0
3, 0
3, 0
3, 0
3, 0
3, 0
3, 0
3, 0
3, 0
3, 0
3, 0
3, 0
3, 0
1, 0x97120
0, 0x5b110
0, 0x97140
2, 2
3, 0
3, 0
3, 0
3, 0
3, 0
3, 0
3, 0
3, 0
3, 0
3, 0
3, 0
3, 0
3, 0
3, 0
1, 0x97140
0, 0x5b130
0, 0x97160
2, 2
3, 0
3, 0
3, 0
3, 0
3, 0
3, 0
3, 0
3, 0
3, 0
3, 0
3, 0
3, 0
3, 0
3, 0
0, 0x5b150
0, 0x97180
0, 0x5b170
0, 0x971a0
0, 0x5b190
0, 0x971c0
0, 0x5b1b0
0, 0x971e0
1, 0x97160
0, 0x5b150
0, 0x97180
2, 2
3, 0
3, 0
3, 0
3, 0
3, 0
3, 0
3, 0
3, 0
3, 0
3, 0
3, 0
3, 0
3, 0
3, 0
1, 0x97180
0, 0x5b170
0, 0x971a0
2, 2
3, 0
3, 0
3, 0
3, 0
3, 0
3, 0
3, 0
3, 0
3, 0
3, 0
3, 0
3, 0
3, 0
3, 0
1, 0x971a0
0, 0x5b190
0, 0x971c0
2, 2
3, 0
3, 0
3, 0
3, 0
3, 0
3, 0
3, 0
3, 0
3, 0
3, 0
3, 0
3, 0
3, 0
3, 0
1, 0x971c0
0, 0x5b1b0
0, 0x971e0
2, 2
3, 0
3, 0
3, 0
3, 0
3, 0
3, 0
3, 0
3, 0
3, 0
3, 0
3, 0
3, 0
3, 0
3, 0
0, 0x5b1d0
0, 0x97200
0, 0x5b1f0
0, 0x97220
0, 0x5b210
0, 0x97240
0, 0x5b230
0, 0x97260
1, 0x971e0
0, 0x5b1d0
0, 0x97200
2, 2
3, 0
3, 0
3, 0
3, 0
3, 0
3, 0
3, 0
3, 0
3, 0
3, 0
3, 0
3, 0
3, 0
3, 0
1, 0x97200
0, 0x5b1f0
0, 0x97220
2, 2
3, 0
3, 0
3, 0
3, 0
3, 0
3, 0
3, 0
3, 0
3, 0
3, 0
3, 0
3, 0
3, 0
3, 0
1, 0x97220
0, 0x5b210
0, 0x97240
2, 2
3, 0
3, 0
3, 0
3, 0
3, 0
3, 0
3, 0
3, 0
3, 0
3, 0
3, 0
3, 0
3, 0
3, 0
1, 0x97240
0, 0x5b230
0, 0x97260
2, 2
3, 0
3, 0
3, 0
3, 0
3, 0
3, 0
3, 0
3, 0
3, 0
3, 0
3, 0
3, 0
3, 0
3, 0
0, 0x5b250
0, 0x97280
0, 0x5b270
0, 0x972a0
0, 0x5b290
0, 0x972c0
0, 0x5b2b0
0, 0x972e0
1, 0x97260
0, 0x5b250
0, 0x97280
2, 2
3, 0
3, 0
3, 0
3, 0
3, 0
3, 0
3, 0
3, 0
3, 0
3, 0
3, 0
3, 0
3, 0
3, 0
1, 0x97280
0, 0x5b270
0, 0x972a0
2, 2
3, 0
3, 0
3, 0
3, 0
3, 0
3, 0
3, 0
3, 0
3, 0
3, 0
3, 0
3, 0
3, 0
3, 0
1, 0x972a0
0, 0x5b290
0, 0x972c0
2, 2
3, 0
3, 0
3, 0
3, 0
3, 0
3, 0
3, 0
3, 0
3, 0
3, 0
3, 0
3, 0
3, 0
3, 0
1, 0x972c0
0, 0x5b2b0
0, 0x972e0
2, 2
3, 0
3, 0
3, 0
3, 0
3, 0
3, 0
3, 0
3, 0
3, 0
3, 0
3, 0
3, 0
3, 0
3, 0
0, 0x5b2d0
0, 0x97300
0, 0x5b2f0
0, 0x97320
0, 0x5b310
0, 0x97340
0, 0x5b330
0, 0x97360
1, 0x972e0
0, 0x5b2d0
0, 0x97300
2, 2
3, 0
3, 0
3, 0
3, 0
3, 0
3, 0
3, 0
3, 0
3, 0
3, 0
3, 0
3, 0
3, 0
3, 0
1, 0x97300
0, 0x5b2f0
0, 0x97320
2, 2
3, 0
3, 0
3, 0
3, 0
3, 0
3, 0
3, 0
3, 0
3, 0
3, 0
3, 0
3, 0
3, 0
3, 0
1, 0x97320
0, 0x5b310
0, 0x97340
2, 2
3, 0
3, 0
3, 0
3, 0
3, 0
3, 0
3, 0
3, 0
3, 0
3, 0
3, 0
3, 0
3, 0
3, 0
1, 0x97340
0, 0x5b330
0, 0x97360
2, 2
3, 0
3, 0
3, 0
3, 0
3, 0
3, 0
3, 0
3, 0
3, 0
3, 0
3, 0
3, 0
3, 0
3, 0
0, 0x5b350
0, 0x97380
0, 0x5b370
0, 0x973a0
0, 0x5b390
0, 0x973c0
0, 0x5b3b0
0, 0x973e0
1, 0x97360
0, 0x5b350
0, 0x97380
2, 2
3, 0
3, 0
3, 0
3, 0
3, 0
3, 0
3, 0
3, 0
3, 0
3, 0
3, 0
3, 0
3, 0
3, 0
1, 0x97380
0, 0x5b370
0, 0x973a0
2, 2
3, 0
3, 0
3, 0
3, 0
3, 0
3, 0
3, 0
3, 0
3, 0
3, 0
3, 0
3, 0
3, 0
3, 0
1, 0x973a0
0, 0x5b390
0, 0x973c0
2, 2
3, 0
3, 0
3, 0
3, 0
3, 0
3, 0
3, 0
3, 0
3, 0
3, 0
3, 0
3, 0
3, 0
3, 0
1, 0x973c0
0, 0x5b3b0
0, 0x973e0
2, 2
3, 0
3, 0
3, 0
3, 0
3, 0
3, 0
3, 0
3, 0
3, 0
3, 0
3, 0
3, 0
3, 0
3, 0
0, 0x5b3d0
0, 0x97400
0, 0x5b3f0
0, 0x97420
0, 0x5b410
0, 0x97440
0, 0x5b430
0, 0x97460
1, 0x973e0
0, 0x5b3d0
0, 0x97400
2, 2
3, 0
3, 0
3, 0
3, 0
3, 0
3, 0
3, 0
3, 0
3, 0
3, 0
3, 0
3, 0
3, 0
3, 0
1, 0x97400
0, 0x5b3f0
0, 0x97420
2, 2
3, 0
3, 0
3, 0
3, 0
3, 0
3, 0
3, 0
3, 0
3, 0
3, 0
3, 0
3, 0
3, 0
3, 0
1, 0x97420
0, 0x5b410
0, 0x97440
2, 2
3, 0
3, 0
3, 0
3, 0
3, 0
3, 0
3, 0
3, 0
3, 0
3, 0
3, 0
3, 0
3, 0
3, 0
1, 0x97440
0, 0x5b430
0, 0x97460
2, 2
3, 0
3, 0
3, 0
3, 0
3, 0
3, 0
3, 0
3, 0
3, 0
3, 0
3, 0
3, 0
3, 0
3, 0
0, 0x5b450
0, 0x97480
0, 0x5b470
0, 0x974a0
0, 0x5b490
0, 0x974c0
0, 0x5b4b0
0, 0x974e0
1, 0x97460
0, 0x5b450
0, 0x97480
2, 2
3, 0
3, 0
3, 0
3, 0
3, 0
3, 0
3, 0
3, 0
3, 0
3, 0
3, 0
3, 0
3, 0
3, 0
1, 0x97480
0, 0x5b470
0, 0x974a0
2, 2
3, 0
3, 0
3, 0
3, 0
3, 0
3, 0
3, 0
3, 0
3, 0
3, 0
3, 0
3, 0
3, 0
3, 0
1, 0x974a0
0, 0x5b490
0, 0x974c0
2, 2
3, 0
3, 0
3, 0
3, 0
3, 0
3, 0
3, 0
3, 0
3, 0
3, 0
3, 0
3, 0
3, 0
3, 0
1, 0x974c0
0, 0x5b4b0
0, 0x974e0
2, 2
3, 0
3, 0
3, 0
3, 0
3, 0
3, 0
3, 0
3, 0
3, 0
3, 0
3, 0
3, 0
3, 0
3, 0
0, 0x5b4d0
0, 0x97500
0, 0x5b4f0
0, 0x97520
0, 0x5b510
0, 0x97540
0, 0x5b530
0, 0x97560
1, 0x974e0
0, 0x5b4d0
0, 0x97500
2, 2
3, 0
3, 0
3, 0
3, 0
3, 0
3, 0
3, 0
3, 0
3, 0
3, 0
3, 0
3, 0
3, 0
3, 0
1, 0x97500
0, 0x5b4f0
0, 0x97520
2, 2
3, 0
3, 0
3, 0
3, 0
3, 0
3, 0
3, 0
3, 0
3, 0
3, 0
3, 0
3, 0
3, 0
3, 0
1, 0x97520
0, 0x5b510
0, 0x97540
2, 2
3, 0
3, 0
3, 0
3, 0
3, 0
3, 0
3, 0
3, 0
3, 0
3, 0
3, 0
3, 0
3, 0
3, 0
1, 0x97540
0, 0x5b530
0, 0x97560
2, 2
3, 0
3, 0
3, 0
3, 0
3, 0
3, 0
3, 0
3, 0
3, 0
3, 0
3, 0
3, 0
3, 0
3, 0
0, 0x5b550
0, 0x97580
0, 0x5b570
0, 0x975a0
0, 0x5b590
0, 0x975c0
0, 0x5b5b0
0, 0x975e0
1, 0x97560
0, 0x5b550
0, 0x97580
2, 2
3, 0
3, 0
3, 0
3, 0
3, 0
3, 0
3, 0
3, 0
3, 0
3, 0
3, 0
3, 0
3, 0
3, 0
1, 0x97580
0, 0x5b570
0, 0x975a0
2, 2
3, 0
3, 0
3, 0
3, 0
3, 0
3, 0
3, 0
3, 0
3, 0
3, 0
3, 0
3, 0
3, 0
3, 0
1, 0x975a0
0, 0x5b590
0, 0x975c0
2, 2
3, 0
3, 0
3, 0
3, 0
3, 0
3, 0
3, 0
3, 0
3, 0
3, 0
3, 0
3, 0
3, 0
3, 0
1, 0x975c0
0, 0x5b5b0
0, 0x975e0
2, 2
3, 0
3, 0
3, 0
3, 0
3, 0
3, 0
3, 0
3, 0
3, 0
3, 0
3, 0
3, 0
3, 0
3, 0
0, 0x5b5d0
0, 0x97600
0, 0x5b5f0
0, 0x97620
0, 0x5b610
0, 0x97640
0, 0x5b630
0, 0x97660
1, 0x975e0
0, 0x5b5d0
0, 0x97600
2, 2
3, 0
3, 0
3, 0
3, 0
3, 0
3, 0
3, 0
3, 0
3, 0
3, 0
3, 0
3, 0
3, 0
3, 0
1, 0x97600
0, 0x5b5f0
0, 0x97620
2, 2
3, 0
3, 0
3, 0
3, 0
3, 0
3, 0
3, 0
3, 0
3, 0
3, 0
3, 0
3, 0
3, 0
3, 0
1, 0x97620
0, 0x5b610
0, 0x97640
2, 2
3, 0
3, 0
3, 0
3, 0
3, 0
3, 0
3, 0
3, 0
3, 0
3, 0
3, 0
3, 0
3, 0
3, 0
1, 0x97640
0, 0x5b630
0, 0x97660
2, 2
3, 0
3, 0
3, 0
3, 0
3, 0
3, 0
3, 0
3, 0
3, 0
3, 0
3, 0
3, 0
3, 0
3, 0
0, 0x5b650
0, 0x97680
0, 0x5b670
0, 0x976a0
0, 0x5b690
0, 0x976c0
0, 0x5b6b0
0, 0x976e0
1, 0x97660
0, 0x5b650
0, 0x97680
2, 2
3, 0
3, 0
3, 0
3, 0
3, 0
3, 0
3, 0
3, 0
3, 0
3, 0
3, 0
3, 0
3, 0
3, 0
1, 0x97680
0, 0x5b670
0, 0x976a0
2, 2
3, 0
3, 0
3, 0
3, 0
3, 0
3, 0
3, 0
3, 0
3, 0
3, 0
3, 0
3, 0
3, 0
3, 0
1, 0x976a0
0, 0x5b690
0, 0x976c0
2, 2
3, 0
3, 0
3, 0
3, 0
3, 0
3, 0
3, 0
3, 0
3, 0
3, 0
3, 0
3, 0
3, 0
3, 0
1, 0x976c0
0, 0x5b6b0
0, 0x976e0
2, 2
3, 0
3, 0
3, 0
3, 0
3, 0
3, 0
3, 0
3, 0
3, 0
3, 0
3, 0
3, 0
3, 0
3, 0
0, 0x5b6d0
0, 0x97700
0, 0x5b6f0
0, 0x97720
0, 0x5b710
0, 0x97740
0, 0x5b730
0, 0x97760
1, 0x976e0
0, 0x5b6d0
0, 0x97700
2, 2
3, 0
3, 0
3, 0
3, 0
3, 0
3, 0
3, 0
3, 0
3, 0
3, 0
3, 0
3, 0
3, 0
3, 0
1, 0x97700
0, 0x5b6f0
0, 0x97720
2, 2
3, 0
3, 0
3, 0
3, 0
3, 0
3, 0
3, 0
3, 0
3, 0
3, 0
3, 0
3, 0
3, 0
3, 0
1, 0x97720
0, 0x5b710
0, 0x97740
2, 2
3, 0
3, 0
3, 0
3, 0
3, 0
3, 0
3, 0
3, 0
3, 0
3, 0
3, 0
3, 0
3, 0
3, 0
1, 0x97740
0, 0x5b730
0, 0x97760
2, 2
3, 0
3, 0
3, 0
3, 0
3, 0
3, 0
3, 0
3, 0
3, 0
3, 0
3, 0
3, 0
3, 0
3, 0
0, 0x5b750
0, 0x97780
0, 0x5b770
0, 0x977a0
0, 0x5b790
0, 0x977c0
0, 0x5b7b0
0, 0x977e0
1, 0x97760
0, 0x5b750
0, 0x97780
2, 2
3, 0
3, 0
3, 0
3, 0
3, 0
3, 0
3, 0
3, 0
3, 0
3, 0
3, 0
3, 0
3, 0
3, 0
1, 0x97780
0, 0x5b770
0, 0x977a0
2, 2
3, 0
3, 0
3, 0
3, 0
3, 0
3, 0
3, 0
3, 0
3, 0
3, 0
3, 0
3, 0
3, 0
3, 0
1, 0x977a0
0, 0x5b790
0, 0x977c0
2, 2
3, 0
3, 0
3, 0
3, 0
3, 0
3, 0
3, 0
3, 0
3, 0
3, 0
3, 0
3, 0
3, 0
3, 0
1, 0x977c0
0, 0x5b7b0
0, 0x977e0
2, 2
3, 0
3, 0
3, 0
3, 0
3, 0
3, 0
3, 0
3, 0
3, 0
3, 0
3, 0
3, 0
3, 0
3, 0
0, 0x5b7d0
0, 0x97800
0, 0x5b7f0
0, 0x97820
0, 0x5b810
0, 0x97840
0, 0x5b830
0, 0x97860
1, 0x977e0
0, 0x5b7d0
0, 0x97800
2, 2
3, 0
3, 0
3, 0
3, 0
3, 0
3, 0
3, 0
3, 0
3, 0
3, 0
3, 0
3, 0
3, 0
3, 0
1, 0x97800
0, 0x5b7f0
0, 0x97820
2, 2
3, 0
3, 0
3, 0
3, 0
3, 0
3, 0
3, 0
3, 0
3, 0
3, 0
3, 0
3, 0
3, 0
3, 0
1, 0x97820
0, 0x5b810
0, 0x97840
2, 2
3, 0
3, 0
3, 0
3, 0
3, 0
3, 0
3, 0
3, 0
3, 0
3, 0
3, 0
3, 0
3, 0
3, 0
1, 0x97840
0, 0x5b830
0, 0x97860
2, 2
3, 0
3, 0
3, 0
3, 0
3, 0
3, 0
3, 0
3, 0
3, 0
3, 0
3, 0
3, 0
3, 0
3, 0
0, 0x5b850
0, 0x97880
0, 0x5b870
0, 0x978a0
0, 0x5b890
0, 0x978c0
0, 0x5b8b0
0, 0x978e0
1, 0x97860
0, 0x5b850
0, 0x97880
2, 2
3, 0
3, 0
3, 0
3, 0
3, 0
3, 0
3, 0
3, 0
3, 0
3, 0
3, 0
3, 0
3, 0
3, 0
1, 0x97880
0, 0x5b870
0, 0x978a0
2, 2
3, 0
3, 0
3, 0
3, 0
3, 0
3, 0
3, 0
3, 0
3, 0
3, 0
3, 0
3, 0
3, 0
3, 0
1, 0x978a0
0, 0x5b890
0, 0x978c0
2, 2
3, 0
3, 0
3, 0
3, 0
3, 0
3, 0
3, 0
3, 0
3, 0
3, 0
3, 0
3, 0
3, 0
3, 0
1, 0x978c0
0, 0x5b8b0
0, 0x978e0
2, 2
3, 0
3, 0
3, 0
3, 0
3, 0
3, 0
3, 0
3, 0
3, 0
3, 0
3, 0
3, 0
3, 0
3, 0
0, 0x5b8d0
0, 0x97900
0, 0x5b8f0
0, 0x97920
0, 0x5b910
0, 0x97940
0, 0x5b930
0, 0x97960
1, 0x978e0
0, 0x5b8d0
0, 0x97900
2, 2
3, 0
3, 0
3, 0
3, 0
3, 0
3, 0
3, 0
3, 0
3, 0
3, 0
3, 0
3, 0
3, 0
3, 0
1, 0x97900
0, 0x5b8f0
0, 0x97920
2, 2
3, 0
3, 0
3, 0
3, 0
3, 0
3, 0
3, 0
3, 0
3, 0
3, 0
3, 0
3, 0
3, 0
3, 0
1, 0x97920
0, 0x5b910
0, 0x97940
2, 2
3, 0
3, 0
3, 0
3, 0
3, 0
3, 0
3, 0
3, 0
3, 0
3, 0
3, 0
3, 0
3, 0
3, 0
1, 0x97940
0, 0x5b930
0, 0x97960
2, 2
3, 0
3, 0
3, 0
3, 0
3, 0
3, 0
3, 0
3, 0
3, 0
3, 0
3, 0
3, 0
3, 0
3, 0
0, 0x5b950
0, 0x97980
0, 0x5b970
0, 0x979a0
0, 0x5b990
0, 0x979c0
0, 0x5b9b0
0, 0x979e0
1, 0x97960
0, 0x5b950
0, 0x97980
2, 2
3, 0
3, 0
3, 0
3, 0
3, 0
3, 0
3, 0
3, 0
3, 0
3, 0
3, 0
3, 0
3, 0
3, 0
1, 0x97980
0, 0x5b970
0, 0x979a0
2, 2
3, 0
3, 0
3, 0
3, 0
3, 0
3, 0
3, 0
3, 0
3, 0
3, 0
3, 0
3, 0
3, 0
3, 0
1, 0x979a0
0, 0x5b990
0, 0x979c0
2, 2
3, 0
3, 0
3, 0
3, 0
3, 0
3, 0
3, 0
3, 0
3, 0
3, 0
3, 0
3, 0
3, 0
3, 0
1, 0x979c0
0, 0x5b9b0
0, 0x979e0
2, 2
3, 0
3, 0
3, 0
3, 0
3, 0
3, 0
3, 0
3, 0
3, 0
3, 0
3, 0
3, 0
3, 0
3, 0
0, 0x5b9d0
0, 0x97a00
0, 0x5b9f0
0, 0x97a20
0, 0x5ba10
0, 0x97a40
0, 0x5ba30
0, 0x97a60
1, 0x979e0
0, 0x5b9d0
0, 0x97a00
2, 2
3, 0
3, 0
3, 0
3, 0
3, 0
3, 0
3, 0
3, 0
3, 0
3, 0
3, 0
3, 0
3, 0
3, 0
1, 0x97a00
0, 0x5b9f0
0, 0x97a20
2, 2
3, 0
3, 0
3, 0
3, 0
3, 0
3, 0
3, 0
3, 0
3, 0
3, 0
3, 0
3, 0
3, 0
3, 0
1, 0x97a20
0, 0x5ba10
0, 0x97a40
2, 2
3, 0
3, 0
3, 0
3, 0
3, 0
3, 0
3, 0
3, 0
3, 0
3, 0
3, 0
3, 0
3, 0
3, 0
1, 0x97a40
0, 0x5ba30
0, 0x97a60
2, 2
3, 0
3, 0
3, 0
3, 0
3, 0
3, 0
3, 0
3, 0
3, 0
3, 0
3, 0
3, 0
3, 0
3, 0
0, 0x5ba50
0, 0x97a80
0, 0x5ba70
0, 0x97aa0
0, 0x5ba90
0, 0x97ac0
0, 0x5bab0
0, 0x97ae0
1, 0x97a60
0, 0x5ba50
0, 0x97a80
2, 2
3, 0
3, 0
3, 0
3, 0
3, 0
3, 0
3, 0
3, 0
3, 0
3, 0
3, 0
3, 0
3, 0
3, 0
1, 0x97a80
0, 0x5ba70
0, 0x97aa0
2, 2
3, 0
3, 0
3, 0
3, 0
3, 0
3, 0
3, 0
3, 0
3, 0
3, 0
3, 0
3, 0
3, 0
3, 0
1, 0x97aa0
0, 0x5ba90
0, 0x97ac0
2, 2
3, 0
3, 0
3, 0
3, 0
3, 0
3, 0
3, 0
3, 0
3, 0
3, 0
3, 0
3, 0
3, 0
3, 0
1, 0x97ac0
0, 0x5bab0
0, 0x97ae0
2, 2
3, 0
3, 0
3, 0
3, 0
3, 0
3, 0
3, 0
3, 0
3, 0
3, 0
3, 0
3, 0
3, 0
3, 0
0, 0x5bad0
0, 0x97b00
0, 0x5baf0
0, 0x97b20
0, 0x5bb10
0, 0x97b40
0, 0x5bb30
0, 0x97b60
1, 0x97ae0
0, 0x5bad0
0, 0x97b00
2, 2
3, 0
3, 0
3, 0
3, 0
3, 0
3, 0
3, 0
3, 0
3, 0
3, 0
3, 0
3, 0
3, 0
3, 0
1, 0x97b00
0, 0x5baf0
0, 0x97b20
2, 2
3, 0
3, 0
3, 0
3, 0
3, 0
3, 0
3, 0
3, 0
3, 0
3, 0
3, 0
3, 0
3, 0
3, 0
1, 0x97b20
0, 0x5bb10
0, 0x97b40
2, 2
3, 0
3, 0
3, 0
3, 0
3, 0
3, 0
3, 0
3, 0
3, 0
3, 0
3, 0
3, 0
3, 0
3, 0
1, 0x97b40
0, 0x5bb30
0, 0x97b60
2, 2
3, 0
3, 0
3, 0
3, 0
3, 0
3, 0
3, 0
3, 0
3, 0
3, 0
3, 0
3, 0
3, 0
3, 0
0, 0x5bb50
0, 0x97b80
0, 0x5bb70
0, 0x97ba0
0, 0x5bb90
0, 0x97bc0
0, 0x5bbb0
0, 0x97be0
1, 0x97b60
0, 0x5bb50
0, 0x97b80
2, 2
3, 0
3, 0
3, 0
3, 0
3, 0
3, 0
3, 0
3, 0
3, 0
3, 0
3, 0
3, 0
3, 0
3, 0
1, 0x97b80
0, 0x5bb70
0, 0x97ba0
2, 2
3, 0
3, 0
3, 0
3, 0
3, 0
3, 0
3, 0
3, 0
3, 0
3, 0
3, 0
3, 0
3, 0
3, 0
1, 0x97ba0
0, 0x5bb90
0, 0x97bc0
2, 2
3, 0
3, 0
3, 0
3, 0
3, 0
3, 0
3, 0
3, 0
3, 0
3, 0
3, 0
3, 0
3, 0
3, 0
1, 0x97bc0
0, 0x5bbb0
0, 0x97be0
2, 2
3, 0
3, 0
3, 0
3, 0
3, 0
3, 0
3, 0
3, 0
3, 0
3, 0
3, 0
3, 0
3, 0
3, 0
0, 0x5bbd0
0, 0x97c00
0, 0x5bbf0
0, 0x97c20
0, 0x5bc10
0, 0x97c40
0, 0x5bc30
0, 0x97c60
1, 0x97be0
0, 0x5bbd0
0, 0x97c00
2, 2
3, 0
3, 0
3, 0
3, 0
3, 0
3, 0
3, 0
3, 0
3, 0
3, 0
3, 0
3, 0
3, 0
3, 0
1, 0x97c00
0, 0x5bbf0
0, 0x97c20
2, 2
3, 0
3, 0
3, 0
3, 0
3, 0
3, 0
3, 0
3, 0
3, 0
3, 0
3, 0
3, 0
3, 0
3, 0
1, 0x97c20
0, 0x5bc10
0, 0x97c40
2, 2
3, 0
3, 0
3, 0
3, 0
3, 0
3, 0
3, 0
3, 0
3, 0
3, 0
3, 0
3, 0
3, 0
3, 0
1, 0x97c40
0, 0x5bc30
0, 0x97c60
2, 2
3, 0
3, 0
3, 0
3, 0
3, 0
3, 0
3, 0
3, 0
3, 0
3, 0
3, 0
3, 0
3, 0
3, 0
0, 0x5bc50
0, 0x97c80
0, 0x5bc70
0, 0x97ca0
0, 0x5bc90
0, 0x97cc0
0, 0x5bcb0
0, 0x97ce0
1, 0x97c60
0, 0x5bc50
0, 0x97c80
2, 2
3, 0
3, 0
3, 0
3, 0
3, 0
3, 0
3, 0
3, 0
3, 0
3, 0
3, 0
3, 0
3, 0
3, 0
1, 0x97c80
0, 0x5bc70
0, 0x97ca0
2, 2
3, 0
3, 0
3, 0
3, 0
3, 0
3, 0
3, 0
3, 0
3, 0
3, 0
3, 0
3, 0
3, 0
3, 0
1, 0x97ca0
0, 0x5bc90
0, 0x97cc0
2, 2
3, 0
3, 0
3, 0
3, 0
3, 0
3, 0
3, 0
3, 0
3, 0
3, 0
3, 0
3, 0
3, 0
3, 0
1, 0x97cc0
0, 0x5bcb0
0, 0x97ce0
2, 2
3, 0
3, 0
3, 0
3, 0
3, 0
3, 0
3, 0
3, 0
3, 0
3, 0
3, 0
3, 0
3, 0
3, 0
0, 0x5bcd0
0, 0x97d00
0, 0x5bcf0
0, 0x97d20
0, 0x5bd10
0, 0x97d40
0, 0x5bd30
0, 0x97d60
1, 0x97ce0
0, 0x5bcd0
0, 0x97d00
2, 2
3, 0
3, 0
3, 0
3, 0
3, 0
3, 0
3, 0
3, 0
3, 0
3, 0
3, 0
3, 0
3, 0
3, 0
1, 0x97d00
0, 0x5bcf0
0, 0x97d20
2, 2
3, 0
3, 0
3, 0
3, 0
3, 0
3, 0
3, 0
3, 0
3, 0
3, 0
3, 0
3, 0
3, 0
3, 0
1, 0x97d20
0, 0x5bd10
0, 0x97d40
2, 2
3, 0
3, 0
3, 0
3, 0
3, 0
3, 0
3, 0
3, 0
3, 0
3, 0
3, 0
3, 0
3, 0
3, 0
1, 0x97d40
0, 0x5bd30
0, 0x97d60
2, 2
3, 0
3, 0
3, 0
3, 0
3, 0
3, 0
3, 0
3, 0
3, 0
3, 0
3, 0
3, 0
3, 0
3, 0
0, 0x5bd50
0, 0x97d80
0, 0x5bd70
0, 0x97da0
0, 0x5bd90
0, 0x97dc0
0, 0x5bdb0
0, 0x97de0
1, 0x97d60
0, 0x5bd50
0, 0x97d80
2, 2
3, 0
3, 0
3, 0
3, 0
3, 0
3, 0
3, 0
3, 0
3, 0
3, 0
3, 0
3, 0
3, 0
3, 0
1, 0x97d80
0, 0x5bd70
0, 0x97da0
2, 2
3, 0
3, 0
3, 0
3, 0
3, 0
3, 0
3, 0
3, 0
3, 0
3, 0
3, 0
3, 0
3, 0
3, 0
1, 0x97da0
0, 0x5bd90
0, 0x97dc0
2, 2
3, 0
3, 0
3, 0
3, 0
3, 0
3, 0
3, 0
3, 0
3, 0
3, 0
3, 0
3, 0
3, 0
3, 0
1, 0x97dc0
0, 0x5bdb0
0, 0x97de0
2, 2
3, 0
3, 0
3, 0
3, 0
3, 0
3, 0
3, 0
3, 0
3, 0
3, 0
3, 0
3, 0
3, 0
3, 0
0, 0x5bdd0
0, 0x97e00
0, 0x5bdf0
0, 0x97e20
0, 0x5be10
0, 0x97e40
0, 0x5be30
0, 0x97e60
1, 0x97de0
0, 0x5bdd0
0, 0x97e00
2, 2
3, 0
3, 0
3, 0
3, 0
3, 0
3, 0
3, 0
3, 0
3, 0
3, 0
3, 0
3, 0
3, 0
3, 0
1, 0x97e00
0, 0x5bdf0
0, 0x97e20
2, 2
3, 0
3, 0
3, 0
3, 0
3, 0
3, 0
3, 0
3, 0
3, 0
3, 0
3, 0
3, 0
3, 0
3, 0
1, 0x97e20
0, 0x5be10
0, 0x97e40
2, 2
3, 0
3, 0
3, 0
3, 0
3, 0
3, 0
3, 0
3, 0
3, 0
3, 0
3, 0
3, 0
3, 0
3, 0
1, 0x97e40
0, 0x5be30
0, 0x97e60
2, 2
3, 0
3, 0
3, 0
3, 0
3, 0
3, 0
3, 0
3, 0
3, 0
3, 0
3, 0
3, 0
3, 0
3, 0
0, 0x5be50
0, 0x97e80
0, 0x5be70
0, 0x97ea0
0, 0x5be90
0, 0x97ec0
0, 0x5beb0
0, 0x97ee0
1, 0x97e60
0, 0x5be50
0, 0x97e80
2, 2
3, 0
3, 0
3, 0
3, 0
3, 0
3, 0
3, 0
3, 0
3, 0
3, 0
3, 0
3, 0
3, 0
3, 0
1, 0x97e80
0, 0x5be70
0, 0x97ea0
2, 2
3, 0
3, 0
3, 0
3, 0
3, 0
3, 0
3, 0
3, 0
3, 0
3, 0
3, 0
3, 0
3, 0
3, 0
1, 0x97ea0
0, 0x5be90
0, 0x97ec0
2, 2
3, 0
3, 0
3, 0
3, 0
3, 0
3, 0
3, 0
3, 0
3, 0
3, 0
3, 0
3, 0
3, 0
3, 0
1, 0x97ec0
0, 0x5beb0
0, 0x97ee0
2, 2
3, 0
3, 0
3, 0
3, 0
3, 0
3, 0
3, 0
3, 0
3, 0
3, 0
3, 0
3, 0
3, 0
3, 0
0, 0x5bed0
0, 0x97f00
0, 0x5bef0
0, 0x97f20
0, 0x5bf10
0, 0x97f40
0, 0x5bf30
0, 0x97f60
1, 0x97ee0
0, 0x5bed0
0, 0x97f00
2, 2
3, 0
3, 0
3, 0
3, 0
3, 0
3, 0
3, 0
3, 0
3, 0
3, 0
3, 0
3, 0
3, 0
3, 0
1, 0x97f00
0, 0x5bef0
0, 0x97f20
2, 2
3, 0
3, 0
3, 0
3, 0
3, 0
3, 0
3, 0
3, 0
3, 0
3, 0
3, 0
3, 0
3, 0
3, 0
1, 0x97f20
0, 0x5bf10
0, 0x97f40
2, 2
3, 0
3, 0
3, 0
3, 0
3, 0
3, 0
3, 0
3, 0
3, 0
3, 0
3, 0
3, 0
3, 0
3, 0
1, 0x97f40
0, 0x5bf30
0, 0x97f60
2, 2
3, 0
3, 0
3, 0
3, 0
3, 0
3, 0
3, 0
3, 0
3, 0
3, 0
3, 0
3, 0
3, 0
3, 0
0, 0x5bf50
0, 0x97f80
0, 0x5bf70
0, 0x97fa0
0, 0x5bf90
0, 0x97fc0
0, 0x5bfb0
0, 0x97fe0
1, 0x97f60
0, 0x5bf50
0, 0x97f80
2, 2
3, 0
3, 0
3, 0
3, 0
3, 0
3, 0
3, 0
3, 0
3, 0
3, 0
3, 0
3, 0
3, 0
3, 0
1, 0x97f80
0, 0x5bf70
0, 0x97fa0
2, 2
3, 0
3, 0
3, 0
3, 0
3, 0
3, 0
3, 0
3, 0
3, 0
3, 0
3, 0
3, 0
3, 0
3, 0
1, 0x97fa0
0, 0x5bf90
0, 0x97fc0
2, 2
3, 0
3, 0
3, 0
3, 0
3, 0
3, 0
3, 0
3, 0
3, 0
3, 0
3, 0
3, 0
3, 0
3, 0
1, 0x97fc0
0, 0x5bfb0
0, 0x97fe0
2, 2
3, 0
3, 0
3, 0
3, 0
3, 0
3, 0
3, 0
3, 0
3, 0
3, 0
3, 0
3, 0
3, 0
3, 0
0, 0x5bfd0
0, 0x98000
0, 0x5bff0
0, 0x98020
0, 0x5c010
0, 0x98040
0, 0x5c030
0, 0x98060
1, 0x97fe0
0, 0x5bfd0
0, 0x98000
2, 2
3, 0
3, 0
3, 0
3, 0
3, 0
3, 0
3, 0
3, 0
3, 0
3, 0
3, 0
3, 0
3, 0
3, 0
1, 0x98000
0, 0x5bff0
0, 0x98020
2, 2
3, 0
3, 0
3, 0
3, 0
3, 0
3, 0
3, 0
3, 0
3, 0
3, 0
3, 0
3, 0
3, 0
3, 0
1, 0x98020
0, 0x5c010
0, 0x98040
2, 2
3, 0
3, 0
3, 0
3, 0
3, 0
3, 0
3, 0
3, 0
3, 0
3, 0
3, 0
3, 0
3, 0
3, 0
1, 0x98040
0, 0x5c030
0, 0x98060
2, 2
3, 0
3, 0
3, 0
3, 0
3, 0
3, 0
3, 0
3, 0
3, 0
3, 0
3, 0
3, 0
3, 0
3, 0
0, 0x5c050
0, 0x98080
0, 0x5c070
0, 0x980a0
0, 0x5c090
0, 0x980c0
0, 0x5c0b0
0, 0x980e0
1, 0x98060
0, 0x5c050
0, 0x98080
2, 2
3, 0
3, 0
3, 0
3, 0
3, 0
3, 0
3, 0
3, 0
3, 0
3, 0
3, 0
3, 0
3, 0
3, 0
1, 0x98080
0, 0x5c070
0, 0x980a0
2, 2
3, 0
3, 0
3, 0
3, 0
3, 0
3, 0
3, 0
3, 0
3, 0
3, 0
3, 0
3, 0
3, 0
3, 0
1, 0x980a0
0, 0x5c090
0, 0x980c0
2, 2
3, 0
3, 0
3, 0
3, 0
3, 0
3, 0
3, 0
3, 0
3, 0
3, 0
3, 0
3, 0
3, 0
3, 0
1, 0x980c0
0, 0x5c0b0
0, 0x980e0
2, 2
3, 0
3, 0
3, 0
3, 0
3, 0
3, 0
3, 0
3, 0
3, 0
3, 0
3, 0
3, 0
3, 0
3, 0
0, 0x5c0d0
0, 0x98100
0, 0x5c0f0
0, 0x98120
0, 0x5c110
0, 0x98140
0, 0x5c130
0, 0x98160
1, 0x980e0
0, 0x5c0d0
0, 0x98100
2, 2
3, 0
3, 0
3, 0
3, 0
3, 0
3, 0
3, 0
3, 0
3, 0
3, 0
3, 0
3, 0
3, 0
3, 0
1, 0x98100
0, 0x5c0f0
0, 0x98120
2, 2
3, 0
3, 0
3, 0
3, 0
3, 0
3, 0
3, 0
3, 0
3, 0
3, 0
3, 0
3, 0
3, 0
3, 0
1, 0x98120
0, 0x5c110
0, 0x98140
2, 2
3, 0
3, 0
3, 0
3, 0
3, 0
3, 0
3, 0
3, 0
3, 0
3, 0
3, 0
3, 0
3, 0
3, 0
1, 0x98140
0, 0x5c130
0, 0x98160
2, 2
3, 0
3, 0
3, 0
3, 0
3, 0
3, 0
3, 0
3, 0
3, 0
3, 0
3, 0
3, 0
3, 0
3, 0
0, 0x5c150
0, 0x98180
0, 0x5c170
0, 0x981a0
0, 0x5c190
0, 0x981c0
0, 0x5c1b0
0, 0x981e0
1, 0x98160
0, 0x5c150
0, 0x98180
2, 2
3, 0
3, 0
3, 0
3, 0
3, 0
3, 0
3, 0
3, 0
3, 0
3, 0
3, 0
3, 0
3, 0
3, 0
1, 0x98180
0, 0x5c170
0, 0x981a0
2, 2
3, 0
3, 0
3, 0
3, 0
3, 0
3, 0
3, 0
3, 0
3, 0
3, 0
3, 0
3, 0
3, 0
3, 0
1, 0x981a0
0, 0x5c190
0, 0x981c0
2, 2
3, 0
3, 0
3, 0
3, 0
3, 0
3, 0
3, 0
3, 0
3, 0
3, 0
3, 0
3, 0
3, 0
3, 0
1, 0x981c0
0, 0x5c1b0
0, 0x981e0
2, 2
3, 0
3, 0
3, 0
3, 0
3, 0
3, 0
3, 0
3, 0
3, 0
3, 0
3, 0
3, 0
3, 0
3, 0
0, 0x5c1d0
0, 0x98200
0, 0x5c1f0
0, 0x98220
0, 0x5c210
0, 0x98240
0, 0x5c230
0, 0x98260
1, 0x981e0
0, 0x5c1d0
0, 0x98200
2, 2
3, 0
3, 0
3, 0
3, 0
3, 0
3, 0
3, 0
3, 0
3, 0
3, 0
3, 0
3, 0
3, 0
3, 0
1, 0x98200
0, 0x5c1f0
0, 0x98220
2, 2
3, 0
3, 0
3, 0
3, 0
3, 0
3, 0
3, 0
3, 0
3, 0
3, 0
3, 0
3, 0
3, 0
3, 0
1, 0x98220
0, 0x5c210
0, 0x98240
2, 2
3, 0
3, 0
3, 0
3, 0
3, 0
3, 0
3, 0
3, 0
3, 0
3, 0
3, 0
3, 0
3, 0
3, 0
1, 0x98240
0, 0x5c230
0, 0x98260
2, 2
3, 0
3, 0
3, 0
3, 0
3, 0
3, 0
3, 0
3, 0
3, 0
3, 0
3, 0
3, 0
3, 0
3, 0
0, 0x5c250
0, 0x98280
0, 0x5c270
0, 0x982a0
0, 0x5c290
0, 0x982c0
0, 0x5c2b0
0, 0x982e0
1, 0x98260
0, 0x5c250
0, 0x98280
2, 2
3, 0
3, 0
3, 0
3, 0
3, 0
3, 0
3, 0
3, 0
3, 0
3, 0
3, 0
3, 0
3, 0
3, 0
1, 0x98280
0, 0x5c270
0, 0x982a0
2, 2
3, 0
3, 0
3, 0
3, 0
3, 0
3, 0
3, 0
3, 0
3, 0
3, 0
3, 0
3, 0
3, 0
3, 0
1, 0x982a0
0, 0x5c290
0, 0x982c0
2, 2
3, 0
3, 0
3, 0
3, 0
3, 0
3, 0
3, 0
3, 0
3, 0
3, 0
3, 0
3, 0
3, 0
3, 0
1, 0x982c0
0, 0x5c2b0
0, 0x982e0
2, 2
3, 0
3, 0
3, 0
3, 0
3, 0
3, 0
3, 0
3, 0
3, 0
3, 0
3, 0
3, 0
3, 0
3, 0
0, 0x5c2d0
0, 0x98300
0, 0x5c2f0
0, 0x98320
0, 0x5c310
0, 0x98340
0, 0x5c330
0, 0x98360
1, 0x982e0
0, 0x5c2d0
0, 0x98300
2, 2
3, 0
3, 0
3, 0
3, 0
3, 0
3, 0
3, 0
3, 0
3, 0
3, 0
3, 0
3, 0
3, 0
3, 0
1, 0x98300
0, 0x5c2f0
0, 0x98320
2, 2
3, 0
3, 0
3, 0
3, 0
3, 0
3, 0
3, 0
3, 0
3, 0
3, 0
3, 0
3, 0
3, 0
3, 0
1, 0x98320
0, 0x5c310
0, 0x98340
2, 2
3, 0
3, 0
3, 0
3, 0
3, 0
3, 0
3, 0
3, 0
3, 0
3, 0
3, 0
3, 0
3, 0
3, 0
1, 0x98340
0, 0x5c330
0, 0x98360
2, 2
3, 0
3, 0
3, 0
3, 0
3, 0
3, 0
3, 0
3, 0
3, 0
3, 0
3, 0
3, 0
3, 0
3, 0
0, 0x5c350
0, 0x98380
0, 0x5c370
0, 0x983a0
0, 0x5c390
0, 0x983c0
0, 0x5c3b0
0, 0x983e0
1, 0x98360
0, 0x5c350
0, 0x98380
2, 2
3, 0
3, 0
3, 0
3, 0
3, 0
3, 0
3, 0
3, 0
3, 0
3, 0
3, 0
3, 0
3, 0
3, 0
1, 0x98380
0, 0x5c370
0, 0x983a0
2, 2
3, 0
3, 0
3, 0
3, 0
3, 0
3, 0
3, 0
3, 0
3, 0
3, 0
3, 0
3, 0
3, 0
3, 0
1, 0x983a0
0, 0x5c390
0, 0x983c0
2, 2
3, 0
3, 0
3, 0
3, 0
3, 0
3, 0
3, 0
3, 0
3, 0
3, 0
3, 0
3, 0
3, 0
3, 0
1, 0x983c0
0, 0x5c3b0
0, 0x983e0
2, 2
3, 0
3, 0
3, 0
3, 0
3, 0
3, 0
3, 0
3, 0
3, 0
3, 0
3, 0
3, 0
3, 0
3, 0
0, 0x5c3d0
0, 0x98400
0, 0x5c3f0
0, 0x98420
0, 0x5c410
0, 0x98440
0, 0x5c430
0, 0x98460
1, 0x983e0
0, 0x5c3d0
0, 0x98400
2, 2
3, 0
3, 0
3, 0
3, 0
3, 0
3, 0
3, 0
3, 0
3, 0
3, 0
3, 0
3, 0
3, 0
3, 0
1, 0x98400
0, 0x5c3f0
0, 0x98420
2, 2
3, 0
3, 0
3, 0
3, 0
3, 0
3, 0
3, 0
3, 0
3, 0
3, 0
3, 0
3, 0
3, 0
3, 0
1, 0x98420
0, 0x5c410
0, 0x98440
2, 2
3, 0
3, 0
3, 0
3, 0
3, 0
3, 0
3, 0
3, 0
3, 0
3, 0
3, 0
3, 0
3, 0
3, 0
1, 0x98440
0, 0x5c430
0, 0x98460
2, 2
3, 0
3, 0
3, 0
3, 0
3, 0
3, 0
3, 0
3, 0
3, 0
3, 0
3, 0
3, 0
3, 0
3, 0
0, 0x5c450
0, 0x98480
0, 0x5c470
0, 0x984a0
0, 0x5c490
0, 0x984c0
0, 0x5c4b0
0, 0x984e0
1, 0x98460
0, 0x5c450
0, 0x98480
2, 2
3, 0
3, 0
3, 0
3, 0
3, 0
3, 0
3, 0
3, 0
3, 0
3, 0
3, 0
3, 0
3, 0
3, 0
1, 0x98480
0, 0x5c470
0, 0x984a0
2, 2
3, 0
3, 0
3, 0
3, 0
3, 0
3, 0
3, 0
3, 0
3, 0
3, 0
3, 0
3, 0
3, 0
3, 0
1, 0x984a0
0, 0x5c490
0, 0x984c0
2, 2
3, 0
3, 0
3, 0
3, 0
3, 0
3, 0
3, 0
3, 0
3, 0
3, 0
3, 0
3, 0
3, 0
3, 0
1, 0x984c0
0, 0x5c4b0
0, 0x984e0
2, 2
3, 0
3, 0
3, 0
3, 0
3, 0
3, 0
3, 0
3, 0
3, 0
3, 0
3, 0
3, 0
3, 0
3, 0
0, 0x5c4d0
0, 0x98500
0, 0x5c4f0
0, 0x98520
0, 0x5c510
0, 0x98540
0, 0x5c530
0, 0x98560
1, 0x984e0
0, 0x5c4d0
0, 0x98500
2, 2
3, 0
3, 0
3, 0
3, 0
3, 0
3, 0
3, 0
3, 0
3, 0
3, 0
3, 0
3, 0
3, 0
3, 0
1, 0x98500
0, 0x5c4f0
0, 0x98520
2, 2
3, 0
3, 0
3, 0
3, 0
3, 0
3, 0
3, 0
3, 0
3, 0
3, 0
3, 0
3, 0
3, 0
3, 0
1, 0x98520
0, 0x5c510
0, 0x98540
2, 2
3, 0
3, 0
3, 0
3, 0
3, 0
3, 0
3, 0
3, 0
3, 0
3, 0
3, 0
3, 0
3, 0
3, 0
1, 0x98540
0, 0x5c530
0, 0x98560
2, 2
3, 0
3, 0
3, 0
3, 0
3, 0
3, 0
3, 0
3, 0
3, 0
3, 0
3, 0
3, 0
3, 0
3, 0
0, 0x5c550
0, 0x98580
0, 0x5c570
0, 0x985a0
0, 0x5c590
0, 0x985c0
0, 0x5c5b0
0, 0x985e0
1, 0x98560
0, 0x5c550
0, 0x98580
2, 2
3, 0
3, 0
3, 0
3, 0
3, 0
3, 0
3, 0
3, 0
3, 0
3, 0
3, 0
3, 0
3, 0
3, 0
1, 0x98580
0, 0x5c570
0, 0x985a0
2, 2
3, 0
3, 0
3, 0
3, 0
3, 0
3, 0
3, 0
3, 0
3, 0
3, 0
3, 0
3, 0
3, 0
3, 0
1, 0x985a0
0, 0x5c590
0, 0x985c0
2, 2
3, 0
3, 0
3, 0
3, 0
3, 0
3, 0
3, 0
3, 0
3, 0
3, 0
3, 0
3, 0
3, 0
3, 0
1, 0x985c0
0, 0x5c5b0
0, 0x985e0
2, 2
3, 0
3, 0
3, 0
3, 0
3, 0
3, 0
3, 0
3, 0
3, 0
3, 0
3, 0
3, 0
3, 0
3, 0
0, 0x5c5d0
0, 0x98600
0, 0x5c5f0
0, 0x98620
0, 0x5c610
0, 0x98640
0, 0x5c630
0, 0x98660
1, 0x985e0
0, 0x5c5d0
0, 0x98600
2, 2
3, 0
3, 0
3, 0
3, 0
3, 0
3, 0
3, 0
3, 0
3, 0
3, 0
3, 0
3, 0
3, 0
3, 0
1, 0x98600
0, 0x5c5f0
0, 0x98620
2, 2
3, 0
3, 0
3, 0
3, 0
3, 0
3, 0
3, 0
3, 0
3, 0
3, 0
3, 0
3, 0
3, 0
3, 0
1, 0x98620
0, 0x5c610
0, 0x98640
2, 2
3, 0
3, 0
3, 0
3, 0
3, 0
3, 0
3, 0
3, 0
3, 0
3, 0
3, 0
3, 0
3, 0
3, 0
1, 0x98640
0, 0x5c630
0, 0x98660
2, 2
3, 0
3, 0
3, 0
3, 0
3, 0
3, 0
3, 0
3, 0
3, 0
3, 0
3, 0
3, 0
3, 0
3, 0
0, 0x5c650
0, 0x98680
0, 0x5c670
0, 0x986a0
0, 0x5c690
0, 0x986c0
0, 0x5c6b0
0, 0x986e0
1, 0x98660
0, 0x5c650
0, 0x98680
2, 2
3, 0
3, 0
3, 0
3, 0
3, 0
3, 0
3, 0
3, 0
3, 0
3, 0
3, 0
3, 0
3, 0
3, 0
1, 0x98680
0, 0x5c670
0, 0x986a0
2, 2
3, 0
3, 0
3, 0
3, 0
3, 0
3, 0
3, 0
3, 0
3, 0
3, 0
3, 0
3, 0
3, 0
3, 0
1, 0x986a0
0, 0x5c690
0, 0x986c0
2, 2
3, 0
3, 0
3, 0
3, 0
3, 0
3, 0
3, 0
3, 0
3, 0
3, 0
3, 0
3, 0
3, 0
3, 0
1, 0x986c0
0, 0x5c6b0
0, 0x986e0
2, 2
3, 0
3, 0
3, 0
3, 0
3, 0
3, 0
3, 0
3, 0
3, 0
3, 0
3, 0
3, 0
3, 0
3, 0
0, 0x5c6d0
0, 0x98700
0, 0x5c6f0
0, 0x98720
0, 0x5c710
0, 0x98740
0, 0x5c730
0, 0x98760
1, 0x986e0
0, 0x5c6d0
0, 0x98700
2, 2
3, 0
3, 0
3, 0
3, 0
3, 0
3, 0
3, 0
3, 0
3, 0
3, 0
3, 0
3, 0
3, 0
3, 0
1, 0x98700
0, 0x5c6f0
0, 0x98720
2, 2
3, 0
3, 0
3, 0
3, 0
3, 0
3, 0
3, 0
3, 0
3, 0
3, 0
3, 0
3, 0
3, 0
3, 0
1, 0x98720
0, 0x5c710
0, 0x98740
2, 2
3, 0
3, 0
3, 0
3, 0
3, 0
3, 0
3, 0
3, 0
3, 0
3, 0
3, 0
3, 0
3, 0
3, 0
1, 0x98740
0, 0x5c730
0, 0x98760
2, 2
3, 0
3, 0
3, 0
3, 0
3, 0
3, 0
3, 0
3, 0
3, 0
3, 0
3, 0
3, 0
3, 0
3, 0
0, 0x5c750
0, 0x98780
0, 0x5c770
0, 0x987a0
0, 0x5c790
0, 0x987c0
0, 0x5c7b0
0, 0x987e0
1, 0x98760
0, 0x5c750
0, 0x98780
2, 2
3, 0
3, 0
3, 0
3, 0
3, 0
3, 0
3, 0
3, 0
3, 0
3, 0
3, 0
3, 0
3, 0
3, 0
1, 0x98780
0, 0x5c770
0, 0x987a0
2, 2
3, 0
3, 0
3, 0
3, 0
3, 0
3, 0
3, 0
3, 0
3, 0
3, 0
3, 0
3, 0
3, 0
3, 0
1, 0x987a0
0, 0x5c790
0, 0x987c0
2, 2
3, 0
3, 0
3, 0
3, 0
3, 0
3, 0
3, 0
3, 0
3, 0
3, 0
3, 0
3, 0
3, 0
3, 0
1, 0x987c0
0, 0x5c7b0
0, 0x987e0
2, 2
3, 0
3, 0
3, 0
3, 0
3, 0
3, 0
3, 0
3, 0
3, 0
3, 0
3, 0
3, 0
3, 0
3, 0
0, 0x5c7d0
0, 0x98800
0, 0x5c7f0
0, 0x98820
0, 0x5c810
0, 0x98840
0, 0x5c830
0, 0x98860
1, 0x987e0
0, 0x5c7d0
0, 0x98800
2, 2
3, 0
3, 0
3, 0
3, 0
3, 0
3, 0
3, 0
3, 0
3, 0
3, 0
3, 0
3, 0
3, 0
3, 0
1, 0x98800
0, 0x5c7f0
0, 0x98820
2, 2
3, 0
3, 0
3, 0
3, 0
3, 0
3, 0
3, 0
3, 0
3, 0
3, 0
3, 0
3, 0
3, 0
3, 0
1, 0x98820
0, 0x5c810
0, 0x98840
2, 2
3, 0
3, 0
3, 0
3, 0
3, 0
3, 0
3, 0
3, 0
3, 0
3, 0
3, 0
3, 0
3, 0
3, 0
1, 0x98840
0, 0x5c830
0, 0x98860
2, 2
3, 0
3, 0
3, 0
3, 0
3, 0
3, 0
3, 0
3, 0
3, 0
3, 0
3, 0
3, 0
3, 0
3, 0
0, 0x5c850
0, 0x98880
0, 0x5c870
0, 0x988a0
0, 0x5c890
0, 0x988c0
0, 0x5c8b0
0, 0x988e0
1, 0x98860
0, 0x5c850
0, 0x98880
2, 2
3, 0
3, 0
3, 0
3, 0
3, 0
3, 0
3, 0
3, 0
3, 0
3, 0
3, 0
3, 0
3, 0
3, 0
1, 0x98880
0, 0x5c870
0, 0x988a0
2, 2
3, 0
3, 0
3, 0
3, 0
3, 0
3, 0
3, 0
3, 0
3, 0
3, 0
3, 0
3, 0
3, 0
3, 0
1, 0x988a0
0, 0x5c890
0, 0x988c0
2, 2
3, 0
3, 0
3, 0
3, 0
3, 0
3, 0
3, 0
3, 0
3, 0
3, 0
3, 0
3, 0
3, 0
3, 0
1, 0x988c0
0, 0x5c8b0
0, 0x988e0
2, 2
3, 0
3, 0
3, 0
3, 0
3, 0
3, 0
3, 0
3, 0
3, 0
3, 0
3, 0
3, 0
3, 0
3, 0
0, 0x5c8d0
0, 0x98900
0, 0x5c8f0
0, 0x98920
0, 0x5c910
0, 0x98940
0, 0x5c930
0, 0x98960
1, 0x988e0
0, 0x5c8d0
0, 0x98900
2, 2
3, 0
3, 0
3, 0
3, 0
3, 0
3, 0
3, 0
3, 0
3, 0
3, 0
3, 0
3, 0
3, 0
3, 0
1, 0x98900
0, 0x5c8f0
0, 0x98920
2, 2
3, 0
3, 0
3, 0
3, 0
3, 0
3, 0
3, 0
3, 0
3, 0
3, 0
3, 0
3, 0
3, 0
3, 0
1, 0x98920
0, 0x5c910
0, 0x98940
2, 2
3, 0
3, 0
3, 0
3, 0
3, 0
3, 0
3, 0
3, 0
3, 0
3, 0
3, 0
3, 0
3, 0
3, 0
1, 0x98940
0, 0x5c930
0, 0x98960
2, 2
3, 0
3, 0
3, 0
3, 0
3, 0
3, 0
3, 0
3, 0
3, 0
3, 0
3, 0
3, 0
3, 0
3, 0
0, 0x5c950
0, 0x98980
0, 0x5c970
0, 0x989a0
0, 0x5c990
0, 0x989c0
0, 0x5c9b0
0, 0x989e0
1, 0x98960
0, 0x5c950
0, 0x98980
2, 2
3, 0
3, 0
3, 0
3, 0
3, 0
3, 0
3, 0
3, 0
3, 0
3, 0
3, 0
3, 0
3, 0
3, 0
1, 0x98980
0, 0x5c970
0, 0x989a0
2, 2
3, 0
3, 0
3, 0
3, 0
3, 0
3, 0
3, 0
3, 0
3, 0
3, 0
3, 0
3, 0
3, 0
3, 0
1, 0x989a0
0, 0x5c990
0, 0x989c0
2, 2
3, 0
3, 0
3, 0
3, 0
3, 0
3, 0
3, 0
3, 0
3, 0
3, 0
3, 0
3, 0
3, 0
3, 0
1, 0x989c0
0, 0x5c9b0
0, 0x989e0
2, 2
3, 0
3, 0
3, 0
3, 0
3, 0
3, 0
3, 0
3, 0
3, 0
3, 0
3, 0
3, 0
3, 0
3, 0
0, 0x5c9d0
0, 0x98a00
0, 0x5c9f0
0, 0x98a20
0, 0x5ca10
0, 0x98a40
0, 0x5ca30
0, 0x98a60
1, 0x989e0
0, 0x5c9d0
0, 0x98a00
2, 2
3, 0
3, 0
3, 0
3, 0
3, 0
3, 0
3, 0
3, 0
3, 0
3, 0
3, 0
3, 0
3, 0
3, 0
1, 0x98a00
0, 0x5c9f0
0, 0x98a20
2, 2
3, 0
3, 0
3, 0
3, 0
3, 0
3, 0
3, 0
3, 0
3, 0
3, 0
3, 0
3, 0
3, 0
3, 0
1, 0x98a20
0, 0x5ca10
0, 0x98a40
2, 2
3, 0
3, 0
3, 0
3, 0
3, 0
3, 0
3, 0
3, 0
3, 0
3, 0
3, 0
3, 0
3, 0
3, 0
1, 0x98a40
0, 0x5ca30
0, 0x98a60
2, 2
3, 0
3, 0
3, 0
3, 0
3, 0
3, 0
3, 0
3, 0
3, 0
3, 0
3, 0
3, 0
3, 0
3, 0
0, 0x5ca50
0, 0x98a80
0, 0x5ca70
0, 0x98aa0
0, 0x5ca90
0, 0x98ac0
0, 0x5cab0
0, 0x98ae0
1, 0x98a60
0, 0x5ca50
0, 0x98a80
2, 2
3, 0
3, 0
3, 0
3, 0
3, 0
3, 0
3, 0
3, 0
3, 0
3, 0
3, 0
3, 0
3, 0
3, 0
1, 0x98a80
0, 0x5ca70
0, 0x98aa0
2, 2
3, 0
3, 0
3, 0
3, 0
3, 0
3, 0
3, 0
3, 0
3, 0
3, 0
3, 0
3, 0
3, 0
3, 0
1, 0x98aa0
0, 0x5ca90
0, 0x98ac0
2, 2
3, 0
3, 0
3, 0
3, 0
3, 0
3, 0
3, 0
3, 0
3, 0
3, 0
3, 0
3, 0
3, 0
3, 0
1, 0x98ac0
0, 0x5cab0
0, 0x98ae0
2, 2
3, 0
3, 0
3, 0
3, 0
3, 0
3, 0
3, 0
3, 0
3, 0
3, 0
3, 0
3, 0
3, 0
3, 0
0, 0x5cad0
0, 0x98b00
0, 0x5caf0
0, 0x98b20
0, 0x5cb10
0, 0x98b40
0, 0x5cb30
0, 0x98b60
1, 0x98ae0
0, 0x5cad0
0, 0x98b00
2, 2
3, 0
3, 0
3, 0
3, 0
3, 0
3, 0
3, 0
3, 0
3, 0
3, 0
3, 0
3, 0
3, 0
3, 0
1, 0x98b00
0, 0x5caf0
0, 0x98b20
2, 2
3, 0
3, 0
3, 0
3, 0
3, 0
3, 0
3, 0
3, 0
3, 0
3, 0
3, 0
3, 0
3, 0
3, 0
1, 0x98b20
0, 0x5cb10
0, 0x98b40
2, 2
3, 0
3, 0
3, 0
3, 0
3, 0
3, 0
3, 0
3, 0
3, 0
3, 0
3, 0
3, 0
3, 0
3, 0
1, 0x98b40
0, 0x5cb30
0, 0x98b60
2, 2
3, 0
3, 0
3, 0
3, 0
3, 0
3, 0
3, 0
3, 0
3, 0
3, 0
3, 0
3, 0
3, 0
3, 0
0, 0x5cb50
0, 0x98b80
0, 0x5cb70
0, 0x98ba0
0, 0x5cb90
0, 0x98bc0
0, 0x5cbb0
0, 0x98be0
1, 0x98b60
0, 0x5cb50
0, 0x98b80
2, 2
3, 0
3, 0
3, 0
3, 0
3, 0
3, 0
3, 0
3, 0
3, 0
3, 0
3, 0
3, 0
3, 0
3, 0
1, 0x98b80
0, 0x5cb70
0, 0x98ba0
2, 2
3, 0
3, 0
3, 0
3, 0
3, 0
3, 0
3, 0
3, 0
3, 0
3, 0
3, 0
3, 0
3, 0
3, 0
1, 0x98ba0
0, 0x5cb90
0, 0x98bc0
2, 2
3, 0
3, 0
3, 0
3, 0
3, 0
3, 0
3, 0
3, 0
3, 0
3, 0
3, 0
3, 0
3, 0
3, 0
1, 0x98bc0
0, 0x5cbb0
0, 0x98be0
2, 2
3, 0
3, 0
3, 0
3, 0
3, 0
3, 0
3, 0
3, 0
3, 0
3, 0
3, 0
3, 0
3, 0
3, 0
0, 0x5cbd0
0, 0x98c00
0, 0x5cbf0
0, 0x98c20
0, 0x5cc10
0, 0x98c40
0, 0x5cc30
0, 0x98c60
1, 0x98be0
0, 0x5cbd0
0, 0x98c00
2, 2
3, 0
3, 0
3, 0
3, 0
3, 0
3, 0
3, 0
3, 0
3, 0
3, 0
3, 0
3, 0
3, 0
3, 0
1, 0x98c00
0, 0x5cbf0
0, 0x98c20
2, 2
3, 0
3, 0
3, 0
3, 0
3, 0
3, 0
3, 0
3, 0
3, 0
3, 0
3, 0
3, 0
3, 0
3, 0
1, 0x98c20
0, 0x5cc10
0, 0x98c40
2, 2
3, 0
3, 0
3, 0
3, 0
3, 0
3, 0
3, 0
3, 0
3, 0
3, 0
3, 0
3, 0
3, 0
3, 0
1, 0x98c40
0, 0x5cc30
0, 0x98c60
2, 2
3, 0
3, 0
3, 0
3, 0
3, 0
3, 0
3, 0
3, 0
3, 0
3, 0
3, 0
3, 0
3, 0
3, 0
0, 0x5cc50
0, 0x98c80
0, 0x5cc70
0, 0x98ca0
0, 0x5cc90
0, 0x98cc0
0, 0x5ccb0
0, 0x98ce0
1, 0x98c60
0, 0x5cc50
0, 0x98c80
2, 2
3, 0
3, 0
3, 0
3, 0
3, 0
3, 0
3, 0
3, 0
3, 0
3, 0
3, 0
3, 0
3, 0
3, 0
1, 0x98c80
0, 0x5cc70
0, 0x98ca0
2, 2
3, 0
3, 0
3, 0
3, 0
3, 0
3, 0
3, 0
3, 0
3, 0
3, 0
3, 0
3, 0
3, 0
3, 0
1, 0x98ca0
0, 0x5cc90
0, 0x98cc0
2, 2
3, 0
3, 0
3, 0
3, 0
3, 0
3, 0
3, 0
3, 0
3, 0
3, 0
3, 0
3, 0
3, 0
3, 0
1, 0x98cc0
0, 0x5ccb0
0, 0x98ce0
2, 2
3, 0
3, 0
3, 0
3, 0
3, 0
3, 0
3, 0
3, 0
3, 0
3, 0
3, 0
3, 0
3, 0
3, 0
0, 0x5ccd0
0, 0x98d00
0, 0x5ccf0
0, 0x98d20
0, 0x5cd10
0, 0x98d40
0, 0x5cd30
0, 0x98d60
1, 0x98ce0
0, 0x5ccd0
0, 0x98d00
2, 2
3, 0
3, 0
3, 0
3, 0
3, 0
3, 0
3, 0
3, 0
3, 0
3, 0
3, 0
3, 0
3, 0
3, 0
1, 0x98d00
0, 0x5ccf0
0, 0x98d20
2, 2
3, 0
3, 0
3, 0
3, 0
3, 0
3, 0
3, 0
3, 0
3, 0
3, 0
3, 0
3, 0
3, 0
3, 0
1, 0x98d20
0, 0x5cd10
0, 0x98d40
2, 2
3, 0
3, 0
3, 0
3, 0
3, 0
3, 0
3, 0
3, 0
3, 0
3, 0
3, 0
3, 0
3, 0
3, 0
1, 0x98d40
0, 0x5cd30
0, 0x98d60
2, 2
3, 0
3, 0
3, 0
3, 0
3, 0
3, 0
3, 0
3, 0
3, 0
3, 0
3, 0
3, 0
3, 0
3, 0
0, 0x5cd50
0, 0x98d80
0, 0x5cd70
0, 0x98da0
0, 0x5cd90
0, 0x98dc0
0, 0x5cdb0
0, 0x98de0
1, 0x98d60
0, 0x5cd50
0, 0x98d80
2, 2
3, 0
3, 0
3, 0
3, 0
3, 0
3, 0
3, 0
3, 0
3, 0
3, 0
3, 0
3, 0
3, 0
3, 0
1, 0x98d80
0, 0x5cd70
0, 0x98da0
2, 2
3, 0
3, 0
3, 0
3, 0
3, 0
3, 0
3, 0
3, 0
3, 0
3, 0
3, 0
3, 0
3, 0
3, 0
1, 0x98da0
0, 0x5cd90
0, 0x98dc0
2, 2
3, 0
3, 0
3, 0
3, 0
3, 0
3, 0
3, 0
3, 0
3, 0
3, 0
3, 0
3, 0
3, 0
3, 0
1, 0x98dc0
0, 0x5cdb0
0, 0x98de0
2, 2
3, 0
3, 0
3, 0
3, 0
3, 0
3, 0
3, 0
3, 0
3, 0
3, 0
3, 0
3, 0
3, 0
3, 0
0, 0x5cdd0
0, 0x98e00
0, 0x5cdf0
0, 0x98e20
0, 0x5ce10
0, 0x98e40
0, 0x5ce30
0, 0x98e60
1, 0x98de0
0, 0x5cdd0
0, 0x98e00
2, 2
3, 0
3, 0
3, 0
3, 0
3, 0
3, 0
3, 0
3, 0
3, 0
3, 0
3, 0
3, 0
3, 0
3, 0
1, 0x98e00
0, 0x5cdf0
0, 0x98e20
2, 2
3, 0
3, 0
3, 0
3, 0
3, 0
3, 0
3, 0
3, 0
3, 0
3, 0
3, 0
3, 0
3, 0
3, 0
1, 0x98e20
0, 0x5ce10
0, 0x98e40
2, 2
3, 0
3, 0
3, 0
3, 0
3, 0
3, 0
3, 0
3, 0
3, 0
3, 0
3, 0
3, 0
3, 0
3, 0
1, 0x98e40
0, 0x5ce30
0, 0x98e60
2, 2
3, 0
3, 0
3, 0
3, 0
3, 0
3, 0
3, 0
3, 0
3, 0
3, 0
3, 0
3, 0
3, 0
3, 0
0, 0x5ce50
0, 0x98e80
0, 0x5ce70
0, 0x98ea0
0, 0x5ce90
0, 0x98ec0
0, 0x5ceb0
0, 0x98ee0
1, 0x98e60
0, 0x5ce50
0, 0x98e80
2, 2
3, 0
3, 0
3, 0
3, 0
3, 0
3, 0
3, 0
3, 0
3, 0
3, 0
3, 0
3, 0
3, 0
3, 0
1, 0x98e80
0, 0x5ce70
0, 0x98ea0
2, 2
3, 0
3, 0
3, 0
3, 0
3, 0
3, 0
3, 0
3, 0
3, 0
3, 0
3, 0
3, 0
3, 0
3, 0
1, 0x98ea0
0, 0x5ce90
0, 0x98ec0
2, 2
3, 0
3, 0
3, 0
3, 0
3, 0
3, 0
3, 0
3, 0
3, 0
3, 0
3, 0
3, 0
3, 0
3, 0
1, 0x98ec0
0, 0x5ceb0
0, 0x98ee0
2, 2
3, 0
3, 0
3, 0
3, 0
3, 0
3, 0
3, 0
3, 0
3, 0
3, 0
3, 0
3, 0
3, 0
3, 0
0, 0x5ced0
0, 0x98f00
0, 0x5cef0
0, 0x98f20
0, 0x5cf10
0, 0x98f40
0, 0x5cf30
0, 0x98f60
1, 0x98ee0
0, 0x5ced0
0, 0x98f00
2, 2
3, 0
3, 0
3, 0
3, 0
3, 0
3, 0
3, 0
3, 0
3, 0
3, 0
3, 0
3, 0
3, 0
3, 0
1, 0x98f00
0, 0x5cef0
0, 0x98f20
2, 2
3, 0
3, 0
3, 0
3, 0
3, 0
3, 0
3, 0
3, 0
3, 0
3, 0
3, 0
3, 0
3, 0
3, 0
1, 0x98f20
0, 0x5cf10
0, 0x98f40
2, 2
3, 0
3, 0
3, 0
3, 0
3, 0
3, 0
3, 0
3, 0
3, 0
3, 0
3, 0
3, 0
3, 0
3, 0
1, 0x98f40
0, 0x5cf30
0, 0x98f60
2, 2
3, 0
3, 0
3, 0
3, 0
3, 0
3, 0
3, 0
3, 0
3, 0
3, 0
3, 0
3, 0
3, 0
3, 0
0, 0x5cf50
0, 0x98f80
0, 0x5cf70
0, 0x98fa0
0, 0x5cf90
0, 0x98fc0
0, 0x5cfb0
0, 0x98fe0
1, 0x98f60
0, 0x5cf50
0, 0x98f80
2, 2
3, 0
3, 0
3, 0
3, 0
3, 0
3, 0
3, 0
3, 0
3, 0
3, 0
3, 0
3, 0
3, 0
3, 0
1, 0x98f80
0, 0x5cf70
0, 0x98fa0
2, 2
3, 0
3, 0
3, 0
3, 0
3, 0
3, 0
3, 0
3, 0
3, 0
3, 0
3, 0
3, 0
3, 0
3, 0
1, 0x98fa0
0, 0x5cf90
0, 0x98fc0
2, 2
3, 0
3, 0
3, 0
3, 0
3, 0
3, 0
3, 0
3, 0
3, 0
3, 0
3, 0
3, 0
3, 0
3, 0
1, 0x98fc0
0, 0x5cfb0
0, 0x98fe0
2, 2
3, 0
3, 0
3, 0
3, 0
3, 0
3, 0
3, 0
3, 0
3, 0
3, 0
3, 0
3, 0
3, 0
3, 0
0, 0x5cfd0
0, 0x99000
0, 0x5cff0
0, 0x99020
0, 0x5d010
0, 0x99040
0, 0x5d030
0, 0x99060
1, 0x98fe0
0, 0x5cfd0
0, 0x99000
2, 2
3, 0
3, 0
3, 0
3, 0
3, 0
3, 0
3, 0
3, 0
3, 0
3, 0
3, 0
3, 0
3, 0
3, 0
1, 0x99000
0, 0x5cff0
0, 0x99020
2, 2
3, 0
3, 0
3, 0
3, 0
3, 0
3, 0
3, 0
3, 0
3, 0
3, 0
3, 0
3, 0
3, 0
3, 0
1, 0x99020
0, 0x5d010
0, 0x99040
2, 2
3, 0
3, 0
3, 0
3, 0
3, 0
3, 0
3, 0
3, 0
3, 0
3, 0
3, 0
3, 0
3, 0
3, 0
1, 0x99040
0, 0x5d030
0, 0x99060
2, 2
3, 0
3, 0
3, 0
3, 0
3, 0
3, 0
3, 0
3, 0
3, 0
3, 0
3, 0
3, 0
3, 0
3, 0
0, 0x5d050
0, 0x99080
0, 0x5d070
0, 0x990a0
0, 0x5d090
0, 0x990c0
0, 0x5d0b0
0, 0x990e0
1, 0x99060
0, 0x5d050
0, 0x99080
2, 2
3, 0
3, 0
3, 0
3, 0
3, 0
3, 0
3, 0
3, 0
3, 0
3, 0
3, 0
3, 0
3, 0
3, 0
1, 0x99080
0, 0x5d070
0, 0x990a0
2, 2
3, 0
3, 0
3, 0
3, 0
3, 0
3, 0
3, 0
3, 0
3, 0
3, 0
3, 0
3, 0
3, 0
3, 0
1, 0x990a0
0, 0x5d090
0, 0x990c0
2, 2
3, 0
3, 0
3, 0
3, 0
3, 0
3, 0
3, 0
3, 0
3, 0
3, 0
3, 0
3, 0
3, 0
3, 0
1, 0x990c0
0, 0x5d0b0
0, 0x990e0
2, 2
3, 0
3, 0
3, 0
3, 0
3, 0
3, 0
3, 0
3, 0
3, 0
3, 0
3, 0
3, 0
3, 0
3, 0
0, 0x5d0d0
0, 0x99100
0, 0x5d0f0
0, 0x99120
0, 0x5d110
0, 0x99140
0, 0x5d130
0, 0x99160
1, 0x990e0
0, 0x5d0d0
0, 0x99100
2, 2
3, 0
3, 0
3, 0
3, 0
3, 0
3, 0
3, 0
3, 0
3, 0
3, 0
3, 0
3, 0
3, 0
3, 0
1, 0x99100
0, 0x5d0f0
0, 0x99120
2, 2
3, 0
3, 0
3, 0
3, 0
3, 0
3, 0
3, 0
3, 0
3, 0
3, 0
3, 0
3, 0
3, 0
3, 0
1, 0x99120
0, 0x5d110
0, 0x99140
2, 2
3, 0
3, 0
3, 0
3, 0
3, 0
3, 0
3, 0
3, 0
3, 0
3, 0
3, 0
3, 0
3, 0
3, 0
1, 0x99140
0, 0x5d130
0, 0x99160
2, 2
3, 0
3, 0
3, 0
3, 0
3, 0
3, 0
3, 0
3, 0
3, 0
3, 0
3, 0
3, 0
3, 0
3, 0
0, 0x5d150
0, 0x99180
0, 0x5d170
0, 0x991a0
0, 0x5d190
0, 0x991c0
0, 0x5d1b0
0, 0x991e0
1, 0x99160
0, 0x5d150
0, 0x99180
2, 2
3, 0
3, 0
3, 0
3, 0
3, 0
3, 0
3, 0
3, 0
3, 0
3, 0
3, 0
3, 0
3, 0
3, 0
1, 0x99180
0, 0x5d170
0, 0x991a0
2, 2
3, 0
3, 0
3, 0
3, 0
3, 0
3, 0
3, 0
3, 0
3, 0
3, 0
3, 0
3, 0
3, 0
3, 0
1, 0x991a0
0, 0x5d190
0, 0x991c0
2, 2
3, 0
3, 0
3, 0
3, 0
3, 0
3, 0
3, 0
3, 0
3, 0
3, 0
3, 0
3, 0
3, 0
3, 0
1, 0x991c0
0, 0x5d1b0
0, 0x991e0
2, 2
3, 0
3, 0
3, 0
3, 0
3, 0
3, 0
3, 0
3, 0
3, 0
3, 0
3, 0
3, 0
3, 0
3, 0
0, 0x5d1d0
0, 0x99200
0, 0x5d1f0
0, 0x99220
0, 0x5d210
0, 0x99240
0, 0x5d230
0, 0x99260
1, 0x991e0
0, 0x5d1d0
0, 0x99200
2, 2
3, 0
3, 0
3, 0
3, 0
3, 0
3, 0
3, 0
3, 0
3, 0
3, 0
3, 0
3, 0
3, 0
3, 0
1, 0x99200
0, 0x5d1f0
0, 0x99220
2, 2
3, 0
3, 0
3, 0
3, 0
3, 0
3, 0
3, 0
3, 0
3, 0
3, 0
3, 0
3, 0
3, 0
3, 0
1, 0x99220
0, 0x5d210
0, 0x99240
2, 2
3, 0
3, 0
3, 0
3, 0
3, 0
3, 0
3, 0
3, 0
3, 0
3, 0
3, 0
3, 0
3, 0
3, 0
1, 0x99240
0, 0x5d230
0, 0x99260
2, 2
3, 0
3, 0
3, 0
3, 0
3, 0
3, 0
3, 0
3, 0
3, 0
3, 0
3, 0
3, 0
3, 0
3, 0
0, 0x5d250
0, 0x99280
0, 0x5d270
0, 0x992a0
0, 0x5d290
0, 0x992c0
0, 0x5d2b0
0, 0x992e0
1, 0x99260
0, 0x5d250
0, 0x99280
2, 2
3, 0
3, 0
3, 0
3, 0
3, 0
3, 0
3, 0
3, 0
3, 0
3, 0
3, 0
3, 0
3, 0
3, 0
1, 0x99280
0, 0x5d270
0, 0x992a0
2, 2
3, 0
3, 0
3, 0
3, 0
3, 0
3, 0
3, 0
3, 0
3, 0
3, 0
3, 0
3, 0
3, 0
3, 0
1, 0x992a0
0, 0x5d290
0, 0x992c0
2, 2
3, 0
3, 0
3, 0
3, 0
3, 0
3, 0
3, 0
3, 0
3, 0
3, 0
3, 0
3, 0
3, 0
3, 0
1, 0x992c0
0, 0x5d2b0
0, 0x992e0
2, 2
3, 0
3, 0
3, 0
3, 0
3, 0
3, 0
3, 0
3, 0
3, 0
3, 0
3, 0
3, 0
3, 0
3, 0
0, 0x5d2d0
0, 0x99300
0, 0x5d2f0
0, 0x99320
0, 0x5d310
0, 0x99340
0, 0x5d330
0, 0x99360
1, 0x992e0
0, 0x5d2d0
0, 0x99300
2, 2
3, 0
3, 0
3, 0
3, 0
3, 0
3, 0
3, 0
3, 0
3, 0
3, 0
3, 0
3, 0
3, 0
3, 0
1, 0x99300
0, 0x5d2f0
0, 0x99320
2, 2
3, 0
3, 0
3, 0
3, 0
3, 0
3, 0
3, 0
3, 0
3, 0
3, 0
3, 0
3, 0
3, 0
3, 0
1, 0x99320
0, 0x5d310
0, 0x99340
2, 2
3, 0
3, 0
3, 0
3, 0
3, 0
3, 0
3, 0
3, 0
3, 0
3, 0
3, 0
3, 0
3, 0
3, 0
1, 0x99340
0, 0x5d330
0, 0x99360
2, 2
3, 0
3, 0
3, 0
3, 0
3, 0
3, 0
3, 0
3, 0
3, 0
3, 0
3, 0
3, 0
3, 0
3, 0
0, 0x5d350
0, 0x99380
0, 0x5d370
0, 0x993a0
0, 0x5d390
0, 0x993c0
0, 0x5d3b0
0, 0x993e0
1, 0x99360
0, 0x5d350
0, 0x99380
2, 2
3, 0
3, 0
3, 0
3, 0
3, 0
3, 0
3, 0
3, 0
3, 0
3, 0
3, 0
3, 0
3, 0
3, 0
1, 0x99380
0, 0x5d370
0, 0x993a0
2, 2
3, 0
3, 0
3, 0
3, 0
3, 0
3, 0
3, 0
3, 0
3, 0
3, 0
3, 0
3, 0
3, 0
3, 0
1, 0x993a0
0, 0x5d390
0, 0x993c0
2, 2
3, 0
3, 0
3, 0
3, 0
3, 0
3, 0
3, 0
3, 0
3, 0
3, 0
3, 0
3, 0
3, 0
3, 0
1, 0x993c0
0, 0x5d3b0
0, 0x993e0
2, 2
3, 0
3, 0
3, 0
3, 0
3, 0
3, 0
3, 0
3, 0
3, 0
3, 0
3, 0
3, 0
3, 0
3, 0
0, 0x5d3d0
0, 0x99400
0, 0x5d3f0
0, 0x99420
0, 0x5d410
0, 0x99440
0, 0x5d430
0, 0x99460
1, 0x993e0
0, 0x5d3d0
0, 0x99400
2, 2
3, 0
3, 0
3, 0
3, 0
3, 0
3, 0
3, 0
3, 0
3, 0
3, 0
3, 0
3, 0
3, 0
3, 0
1, 0x99400
0, 0x5d3f0
0, 0x99420
2, 2
3, 0
3, 0
3, 0
3, 0
3, 0
3, 0
3, 0
3, 0
3, 0
3, 0
3, 0
3, 0
3, 0
3, 0
1, 0x99420
0, 0x5d410
0, 0x99440
2, 2
3, 0
3, 0
3, 0
3, 0
3, 0
3, 0
3, 0
3, 0
3, 0
3, 0
3, 0
3, 0
3, 0
3, 0
1, 0x99440
0, 0x5d430
0, 0x99460
2, 2
3, 0
3, 0
3, 0
3, 0
3, 0
3, 0
3, 0
3, 0
3, 0
3, 0
3, 0
3, 0
3, 0
3, 0
0, 0x5d450
0, 0x99480
0, 0x5d470
0, 0x994a0
0, 0x5d490
0, 0x994c0
0, 0x5d4b0
0, 0x994e0
1, 0x99460
0, 0x5d450
0, 0x99480
2, 2
3, 0
3, 0
3, 0
3, 0
3, 0
3, 0
3, 0
3, 0
3, 0
3, 0
3, 0
3, 0
3, 0
3, 0
1, 0x99480
0, 0x5d470
0, 0x994a0
2, 2
3, 0
3, 0
3, 0
3, 0
3, 0
3, 0
3, 0
3, 0
3, 0
3, 0
3, 0
3, 0
3, 0
3, 0
1, 0x994a0
0, 0x5d490
0, 0x994c0
2, 2
3, 0
3, 0
3, 0
3, 0
3, 0
3, 0
3, 0
3, 0
3, 0
3, 0
3, 0
3, 0
3, 0
3, 0
1, 0x994c0
0, 0x5d4b0
0, 0x994e0
2, 2
3, 0
3, 0
3, 0
3, 0
3, 0
3, 0
3, 0
3, 0
3, 0
3, 0
3, 0
3, 0
3, 0
3, 0
0, 0x5d4d0
0, 0x99500
0, 0x5d4f0
0, 0x99520
0, 0x5d510
0, 0x99540
0, 0x5d530
0, 0x99560
1, 0x994e0
0, 0x5d4d0
0, 0x99500
2, 2
3, 0
3, 0
3, 0
3, 0
3, 0
3, 0
3, 0
3, 0
3, 0
3, 0
3, 0
3, 0
3, 0
3, 0
1, 0x99500
0, 0x5d4f0
0, 0x99520
2, 2
3, 0
3, 0
3, 0
3, 0
3, 0
3, 0
3, 0
3, 0
3, 0
3, 0
3, 0
3, 0
3, 0
3, 0
1, 0x99520
0, 0x5d510
0, 0x99540
2, 2
3, 0
3, 0
3, 0
3, 0
3, 0
3, 0
3, 0
3, 0
3, 0
3, 0
3, 0
3, 0
3, 0
3, 0
1, 0x99540
0, 0x5d530
0, 0x99560
2, 2
3, 0
3, 0
3, 0
3, 0
3, 0
3, 0
3, 0
3, 0
3, 0
3, 0
3, 0
3, 0
3, 0
3, 0
0, 0x5d550
0, 0x99580
0, 0x5d570
0, 0x995a0
0, 0x5d590
0, 0x995c0
0, 0x5d5b0
0, 0x995e0
1, 0x99560
0, 0x5d550
0, 0x99580
2, 2
3, 0
3, 0
3, 0
3, 0
3, 0
3, 0
3, 0
3, 0
3, 0
3, 0
3, 0
3, 0
3, 0
3, 0
1, 0x99580
0, 0x5d570
0, 0x995a0
2, 2
3, 0
3, 0
3, 0
3, 0
3, 0
3, 0
3, 0
3, 0
3, 0
3, 0
3, 0
3, 0
3, 0
3, 0
1, 0x995a0
0, 0x5d590
0, 0x995c0
2, 2
3, 0
3, 0
3, 0
3, 0
3, 0
3, 0
3, 0
3, 0
3, 0
3, 0
3, 0
3, 0
3, 0
3, 0
1, 0x995c0
0, 0x5d5b0
0, 0x995e0
2, 2
3, 0
3, 0
3, 0
3, 0
3, 0
3, 0
3, 0
3, 0
3, 0
3, 0
3, 0
3, 0
3, 0
3, 0
0, 0x5d5d0
0, 0x99600
0, 0x5d5f0
0, 0x99620
0, 0x5d610
0, 0x99640
0, 0x5d630
0, 0x99660
1, 0x995e0
0, 0x5d5d0
0, 0x99600
2, 2
3, 0
3, 0
3, 0
3, 0
3, 0
3, 0
3, 0
3, 0
3, 0
3, 0
3, 0
3, 0
3, 0
3, 0
1, 0x99600
0, 0x5d5f0
0, 0x99620
2, 2
3, 0
3, 0
3, 0
3, 0
3, 0
3, 0
3, 0
3, 0
3, 0
3, 0
3, 0
3, 0
3, 0
3, 0
1, 0x99620
0, 0x5d610
0, 0x99640
2, 2
3, 0
3, 0
3, 0
3, 0
3, 0
3, 0
3, 0
3, 0
3, 0
3, 0
3, 0
3, 0
3, 0
3, 0
1, 0x99640
0, 0x5d630
0, 0x99660
2, 2
3, 0
3, 0
3, 0
3, 0
3, 0
3, 0
3, 0
3, 0
3, 0
3, 0
3, 0
3, 0
3, 0
3, 0
0, 0x5d650
0, 0x99680
0, 0x5d670
0, 0x996a0
0, 0x5d690
0, 0x996c0
0, 0x5d6b0
0, 0x996e0
1, 0x99660
0, 0x5d650
0, 0x99680
2, 2
3, 0
3, 0
3, 0
3, 0
3, 0
3, 0
3, 0
3, 0
3, 0
3, 0
3, 0
3, 0
3, 0
3, 0
1, 0x99680
0, 0x5d670
0, 0x996a0
2, 2
3, 0
3, 0
3, 0
3, 0
3, 0
3, 0
3, 0
3, 0
3, 0
3, 0
3, 0
3, 0
3, 0
3, 0
1, 0x996a0
0, 0x5d690
0, 0x996c0
2, 2
3, 0
3, 0
3, 0
3, 0
3, 0
3, 0
3, 0
3, 0
3, 0
3, 0
3, 0
3, 0
3, 0
3, 0
1, 0x996c0
0, 0x5d6b0
0, 0x996e0
2, 2
3, 0
3, 0
3, 0
3, 0
3, 0
3, 0
3, 0
3, 0
3, 0
3, 0
3, 0
3, 0
3, 0
3, 0
0, 0x5d6d0
0, 0x99700
0, 0x5d6f0
0, 0x99720
0, 0x5d710
0, 0x99740
0, 0x5d730
0, 0x99760
1, 0x996e0
0, 0x5d6d0
0, 0x99700
2, 2
3, 0
3, 0
3, 0
3, 0
3, 0
3, 0
3, 0
3, 0
3, 0
3, 0
3, 0
3, 0
3, 0
3, 0
1, 0x99700
0, 0x5d6f0
0, 0x99720
2, 2
3, 0
3, 0
3, 0
3, 0
3, 0
3, 0
3, 0
3, 0
3, 0
3, 0
3, 0
3, 0
3, 0
3, 0
1, 0x99720
0, 0x5d710
0, 0x99740
2, 2
3, 0
3, 0
3, 0
3, 0
3, 0
3, 0
3, 0
3, 0
3, 0
3, 0
3, 0
3, 0
3, 0
3, 0
1, 0x99740
0, 0x5d730
0, 0x99760
2, 2
3, 0
3, 0
3, 0
3, 0
3, 0
3, 0
3, 0
3, 0
3, 0
3, 0
3, 0
3, 0
3, 0
3, 0
0, 0x5d750
0, 0x99780
0, 0x5d770
0, 0x997a0
0, 0x5d790
0, 0x997c0
0, 0x5d7b0
0, 0x997e0
1, 0x99760
0, 0x5d750
0, 0x99780
2, 2
3, 0
3, 0
3, 0
3, 0
3, 0
3, 0
3, 0
3, 0
3, 0
3, 0
3, 0
3, 0
3, 0
3, 0
1, 0x99780
0, 0x5d770
0, 0x997a0
2, 2
3, 0
3, 0
3, 0
3, 0
3, 0
3, 0
3, 0
3, 0
3, 0
3, 0
3, 0
3, 0
3, 0
3, 0
1, 0x997a0
0, 0x5d790
0, 0x997c0
2, 2
3, 0
3, 0
3, 0
3, 0
3, 0
3, 0
3, 0
3, 0
3, 0
3, 0
3, 0
3, 0
3, 0
3, 0
1, 0x997c0
0, 0x5d7b0
0, 0x997e0
2, 2
3, 0
3, 0
3, 0
3, 0
3, 0
3, 0
3, 0
3, 0
3, 0
3, 0
3, 0
3, 0
3, 0
3, 0
0, 0x5d7d0
0, 0x99800
0, 0x5d7f0
0, 0x99820
0, 0x5d810
0, 0x99840
0, 0x5d830
0, 0x99860
1, 0x997e0
0, 0x5d7d0
0, 0x99800
2, 2
3, 0
3, 0
3, 0
3, 0
3, 0
3, 0
3, 0
3, 0
3, 0
3, 0
3, 0
3, 0
3, 0
3, 0
1, 0x99800
0, 0x5d7f0
0, 0x99820
2, 2
3, 0
3, 0
3, 0
3, 0
3, 0
3, 0
3, 0
3, 0
3, 0
3, 0
3, 0
3, 0
3, 0
3, 0
1, 0x99820
0, 0x5d810
0, 0x99840
2, 2
3, 0
3, 0
3, 0
3, 0
3, 0
3, 0
3, 0
3, 0
3, 0
3, 0
3, 0
3, 0
3, 0
3, 0
1, 0x99840
0, 0x5d830
0, 0x99860
2, 2
3, 0
3, 0
3, 0
3, 0
3, 0
3, 0
3, 0
3, 0
3, 0
3, 0
3, 0
3, 0
3, 0
3, 0
0, 0x5d850
0, 0x99880
0, 0x5d870
0, 0x998a0
0, 0x5d890
0, 0x998c0
0, 0x5d8b0
0, 0x998e0
1, 0x99860
0, 0x5d850
0, 0x99880
2, 2
3, 0
3, 0
3, 0
3, 0
3, 0
3, 0
3, 0
3, 0
3, 0
3, 0
3, 0
3, 0
3, 0
3, 0
1, 0x99880
0, 0x5d870
0, 0x998a0
2, 2
3, 0
3, 0
3, 0
3, 0
3, 0
3, 0
3, 0
3, 0
3, 0
3, 0
3, 0
3, 0
3, 0
3, 0
1, 0x998a0
0, 0x5d890
0, 0x998c0
2, 2
3, 0
3, 0
3, 0
3, 0
3, 0
3, 0
3, 0
3, 0
3, 0
3, 0
3, 0
3, 0
3, 0
3, 0
1, 0x998c0
0, 0x5d8b0
0, 0x998e0
2, 2
3, 0
3, 0
3, 0
3, 0
3, 0
3, 0
3, 0
3, 0
3, 0
3, 0
3, 0
3, 0
3, 0
3, 0
0, 0x5d8d0
0, 0x99900
0, 0x5d8f0
0, 0x99920
0, 0x5d910
0, 0x99940
0, 0x5d930
0, 0x99960
1, 0x998e0
0, 0x5d8d0
0, 0x99900
2, 2
3, 0
3, 0
3, 0
3, 0
3, 0
3, 0
3, 0
3, 0
3, 0
3, 0
3, 0
3, 0
3, 0
3, 0
1, 0x99900
0, 0x5d8f0
0, 0x99920
2, 2
3, 0
3, 0
3, 0
3, 0
3, 0
3, 0
3, 0
3, 0
3, 0
3, 0
3, 0
3, 0
3, 0
3, 0
1, 0x99920
0, 0x5d910
0, 0x99940
2, 2
3, 0
3, 0
3, 0
3, 0
3, 0
3, 0
3, 0
3, 0
3, 0
3, 0
3, 0
3, 0
3, 0
3, 0
1, 0x99940
0, 0x5d930
0, 0x99960
2, 2
3, 0
3, 0
3, 0
3, 0
3, 0
3, 0
3, 0
3, 0
3, 0
3, 0
3, 0
3, 0
3, 0
3, 0
0, 0x5d950
0, 0x99980
0, 0x5d970
0, 0x999a0
0, 0x5d990
0, 0x999c0
0, 0x5d9b0
0, 0x999e0
1, 0x99960
0, 0x5d950
0, 0x99980
2, 2
3, 0
3, 0
3, 0
3, 0
3, 0
3, 0
3, 0
3, 0
3, 0
3, 0
3, 0
3, 0
3, 0
3, 0
1, 0x99980
0, 0x5d970
0, 0x999a0
2, 2
3, 0
3, 0
3, 0
3, 0
3, 0
3, 0
3, 0
3, 0
3, 0
3, 0
3, 0
3, 0
3, 0
3, 0
1, 0x999a0
0, 0x5d990
0, 0x999c0
2, 2
3, 0
3, 0
3, 0
3, 0
3, 0
3, 0
3, 0
3, 0
3, 0
3, 0
3, 0
3, 0
3, 0
3, 0
1, 0x999c0
0, 0x5d9b0
0, 0x999e0
2, 2
3, 0
3, 0
3, 0
3, 0
3, 0
3, 0
3, 0
3, 0
3, 0
3, 0
3, 0
3, 0
3, 0
3, 0
0, 0x5d9d0
0, 0x99a00
0, 0x5d9f0
0, 0x99a20
0, 0x5da10
0, 0x99a40
0, 0x5da30
0, 0x99a60
1, 0x999e0
0, 0x5d9d0
0, 0x99a00
2, 2
3, 0
3, 0
3, 0
3, 0
3, 0
3, 0
3, 0
3, 0
3, 0
3, 0
3, 0
3, 0
3, 0
3, 0
1, 0x99a00
0, 0x5d9f0
0, 0x99a20
2, 2
3, 0
3, 0
3, 0
3, 0
3, 0
3, 0
3, 0
3, 0
3, 0
3, 0
3, 0
3, 0
3, 0
3, 0
1, 0x99a20
0, 0x5da10
0, 0x99a40
2, 2
3, 0
3, 0
3, 0
3, 0
3, 0
3, 0
3, 0
3, 0
3, 0
3, 0
3, 0
3, 0
3, 0
3, 0
1, 0x99a40
0, 0x5da30
0, 0x99a60
2, 2
3, 0
3, 0
3, 0
3, 0
3, 0
3, 0
3, 0
3, 0
3, 0
3, 0
3, 0
3, 0
3, 0
3, 0
0, 0x5da50
0, 0x99a80
0, 0x5da70
0, 0x99aa0
0, 0x5da90
0, 0x99ac0
0, 0x5dab0
0, 0x99ae0
1, 0x99a60
0, 0x5da50
0, 0x99a80
2, 2
3, 0
3, 0
3, 0
3, 0
3, 0
3, 0
3, 0
3, 0
3, 0
3, 0
3, 0
3, 0
3, 0
3, 0
1, 0x99a80
0, 0x5da70
0, 0x99aa0
2, 2
3, 0
3, 0
3, 0
3, 0
3, 0
3, 0
3, 0
3, 0
3, 0
3, 0
3, 0
3, 0
3, 0
3, 0
1, 0x99aa0
0, 0x5da90
0, 0x99ac0
2, 2
3, 0
3, 0
3, 0
3, 0
3, 0
3, 0
3, 0
3, 0
3, 0
3, 0
3, 0
3, 0
3, 0
3, 0
1, 0x99ac0
0, 0x5dab0
0, 0x99ae0
2, 2
3, 0
3, 0
3, 0
3, 0
3, 0
3, 0
3, 0
3, 0
3, 0
3, 0
3, 0
3, 0
3, 0
3, 0
0, 0x5dad0
0, 0x99b00
0, 0x5daf0
0, 0x99b20
0, 0x5db10
0, 0x99b40
0, 0x5db30
0, 0x99b60
1, 0x99ae0
0, 0x5dad0
0, 0x99b00
2, 2
3, 0
3, 0
3, 0
3, 0
3, 0
3, 0
3, 0
3, 0
3, 0
3, 0
3, 0
3, 0
3, 0
3, 0
1, 0x99b00
0, 0x5daf0
0, 0x99b20
2, 2
3, 0
3, 0
3, 0
3, 0
3, 0
3, 0
3, 0
3, 0
3, 0
3, 0
3, 0
3, 0
3, 0
3, 0
1, 0x99b20
0, 0x5db10
0, 0x99b40
2, 2
3, 0
3, 0
3, 0
3, 0
3, 0
3, 0
3, 0
3, 0
3, 0
3, 0
3, 0
3, 0
3, 0
3, 0
1, 0x99b40
0, 0x5db30
0, 0x99b60
2, 2
3, 0
3, 0
3, 0
3, 0
3, 0
3, 0
3, 0
3, 0
3, 0
3, 0
3, 0
3, 0
3, 0
3, 0
0, 0x5db50
0, 0x99b80
0, 0x5db70
0, 0x99ba0
0, 0x5db90
0, 0x99bc0
0, 0x5dbb0
0, 0x99be0
1, 0x99b60
0, 0x5db50
0, 0x99b80
2, 2
3, 0
3, 0
3, 0
3, 0
3, 0
3, 0
3, 0
3, 0
3, 0
3, 0
3, 0
3, 0
3, 0
3, 0
1, 0x99b80
0, 0x5db70
0, 0x99ba0
2, 2
3, 0
3, 0
3, 0
3, 0
3, 0
3, 0
3, 0
3, 0
3, 0
3, 0
3, 0
3, 0
3, 0
3, 0
1, 0x99ba0
0, 0x5db90
0, 0x99bc0
2, 2
3, 0
3, 0
3, 0
3, 0
3, 0
3, 0
3, 0
3, 0
3, 0
3, 0
3, 0
3, 0
3, 0
3, 0
1, 0x99bc0
0, 0x5dbb0
0, 0x99be0
2, 2
3, 0
3, 0
3, 0
3, 0
3, 0
3, 0
3, 0
3, 0
3, 0
3, 0
3, 0
3, 0
3, 0
3, 0
0, 0x5dbd0
0, 0x99c00
0, 0x5dbf0
0, 0x99c20
0, 0x5dc10
0, 0x99c40
0, 0x5dc30
0, 0x99c60
1, 0x99be0
0, 0x5dbd0
0, 0x99c00
2, 2
3, 0
3, 0
3, 0
3, 0
3, 0
3, 0
3, 0
3, 0
3, 0
3, 0
3, 0
3, 0
3, 0
3, 0
1, 0x99c00
0, 0x5dbf0
0, 0x99c20
2, 2
3, 0
3, 0
3, 0
3, 0
3, 0
3, 0
3, 0
3, 0
3, 0
3, 0
3, 0
3, 0
3, 0
3, 0
1, 0x99c20
0, 0x5dc10
0, 0x99c40
2, 2
3, 0
3, 0
3, 0
3, 0
3, 0
3, 0
3, 0
3, 0
3, 0
3, 0
3, 0
3, 0
3, 0
3, 0
1, 0x99c40
0, 0x5dc30
0, 0x99c60
2, 2
3, 0
3, 0
3, 0
3, 0
3, 0
3, 0
3, 0
3, 0
3, 0
3, 0
3, 0
3, 0
3, 0
3, 0
0, 0x5dc50
0, 0x99c80
0, 0x5dc70
0, 0x99ca0
0, 0x5dc90
0, 0x99cc0
0, 0x5dcb0
0, 0x99ce0
1, 0x99c60
0, 0x5dc50
0, 0x99c80
2, 2
3, 0
3, 0
3, 0
3, 0
3, 0
3, 0
3, 0
3, 0
3, 0
3, 0
3, 0
3, 0
3, 0
3, 0
1, 0x99c80
0, 0x5dc70
0, 0x99ca0
2, 2
3, 0
3, 0
3, 0
3, 0
3, 0
3, 0
3, 0
3, 0
3, 0
3, 0
3, 0
3, 0
3, 0
3, 0
1, 0x99ca0
0, 0x5dc90
0, 0x99cc0
2, 2
3, 0
3, 0
3, 0
3, 0
3, 0
3, 0
3, 0
3, 0
3, 0
3, 0
3, 0
3, 0
3, 0
3, 0
1, 0x99cc0
0, 0x5dcb0
0, 0x99ce0
2, 2
3, 0
3, 0
3, 0
3, 0
3, 0
3, 0
3, 0
3, 0
3, 0
3, 0
3, 0
3, 0
3, 0
3, 0
0, 0x5dcd0
0, 0x99d00
0, 0x5dcf0
0, 0x99d20
0, 0x5dd10
0, 0x99d40
0, 0x5dd30
0, 0x99d60
1, 0x99ce0
0, 0x5dcd0
0, 0x99d00
2, 2
3, 0
3, 0
3, 0
3, 0
3, 0
3, 0
3, 0
3, 0
3, 0
3, 0
3, 0
3, 0
3, 0
3, 0
1, 0x99d00
0, 0x5dcf0
0, 0x99d20
2, 2
3, 0
3, 0
3, 0
3, 0
3, 0
3, 0
3, 0
3, 0
3, 0
3, 0
3, 0
3, 0
3, 0
3, 0
1, 0x99d20
0, 0x5dd10
0, 0x99d40
2, 2
3, 0
3, 0
3, 0
3, 0
3, 0
3, 0
3, 0
3, 0
3, 0
3, 0
3, 0
3, 0
3, 0
3, 0
1, 0x99d40
0, 0x5dd30
0, 0x99d60
2, 2
3, 0
3, 0
3, 0
3, 0
3, 0
3, 0
3, 0
3, 0
3, 0
3, 0
3, 0
3, 0
3, 0
3, 0
0, 0x5dd50
0, 0x99d80
0, 0x5dd70
0, 0x99da0
0, 0x5dd90
0, 0x99dc0
0, 0x5ddb0
0, 0x99de0
1, 0x99d60
0, 0x5dd50
0, 0x99d80
2, 2
3, 0
3, 0
3, 0
3, 0
3, 0
3, 0
3, 0
3, 0
3, 0
3, 0
3, 0
3, 0
3, 0
3, 0
1, 0x99d80
0, 0x5dd70
0, 0x99da0
2, 2
3, 0
3, 0
3, 0
3, 0
3, 0
3, 0
3, 0
3, 0
3, 0
3, 0
3, 0
3, 0
3, 0
3, 0
1, 0x99da0
0, 0x5dd90
0, 0x99dc0
2, 2
3, 0
3, 0
3, 0
3, 0
3, 0
3, 0
3, 0
3, 0
3, 0
3, 0
3, 0
3, 0
3, 0
3, 0
1, 0x99dc0
0, 0x5ddb0
0, 0x99de0
2, 2
3, 0
3, 0
3, 0
3, 0
3, 0
3, 0
3, 0
3, 0
3, 0
3, 0
3, 0
3, 0
3, 0
3, 0
0, 0x5ddd0
0, 0x99e00
0, 0x5ddf0
0, 0x99e20
0, 0x5de10
0, 0x99e40
0, 0x5de30
0, 0x99e60
1, 0x99de0
0, 0x5ddd0
0, 0x99e00
2, 2
3, 0
3, 0
3, 0
3, 0
3, 0
3, 0
3, 0
3, 0
3, 0
3, 0
3, 0
3, 0
3, 0
3, 0
1, 0x99e00
0, 0x5ddf0
0, 0x99e20
2, 2
3, 0
3, 0
3, 0
3, 0
3, 0
3, 0
3, 0
3, 0
3, 0
3, 0
3, 0
3, 0
3, 0
3, 0
1, 0x99e20
0, 0x5de10
0, 0x99e40
2, 2
3, 0
3, 0
3, 0
3, 0
3, 0
3, 0
3, 0
3, 0
3, 0
3, 0
3, 0
3, 0
3, 0
3, 0
1, 0x99e40
0, 0x5de30
0, 0x99e60
2, 2
3, 0
3, 0
3, 0
3, 0
3, 0
3, 0
3, 0
3, 0
3, 0
3, 0
3, 0
3, 0
3, 0
3, 0
0, 0x5de50
0, 0x99e80
0, 0x5de70
0, 0x99ea0
0, 0x5de90
0, 0x99ec0
0, 0x5deb0
0, 0x99ee0
1, 0x99e60
0, 0x5de50
0, 0x99e80
2, 2
3, 0
3, 0
3, 0
3, 0
3, 0
3, 0
3, 0
3, 0
3, 0
3, 0
3, 0
3, 0
3, 0
3, 0
1, 0x99e80
0, 0x5de70
0, 0x99ea0
2, 2
3, 0
3, 0
3, 0
3, 0
3, 0
3, 0
3, 0
3, 0
3, 0
3, 0
3, 0
3, 0
3, 0
3, 0
1, 0x99ea0
0, 0x5de90
0, 0x99ec0
2, 2
3, 0
3, 0
3, 0
3, 0
3, 0
3, 0
3, 0
3, 0
3, 0
3, 0
3, 0
3, 0
3, 0
3, 0
1, 0x99ec0
0, 0x5deb0
0, 0x99ee0
2, 2
3, 0
3, 0
3, 0
3, 0
3, 0
3, 0
3, 0
3, 0
3, 0
3, 0
3, 0
3, 0
3, 0
3, 0
0, 0x5ded0
0, 0x99f00
0, 0x5def0
0, 0x99f20
0, 0x5df10
0, 0x99f40
0, 0x5df30
0, 0x99f60
1, 0x99ee0
0, 0x5ded0
0, 0x99f00
2, 2
3, 0
3, 0
3, 0
3, 0
3, 0
3, 0
3, 0
3, 0
3, 0
3, 0
3, 0
3, 0
3, 0
3, 0
1, 0x99f00
0, 0x5def0
0, 0x99f20
2, 2
3, 0
3, 0
3, 0
3, 0
3, 0
3, 0
3, 0
3, 0
3, 0
3, 0
3, 0
3, 0
3, 0
3, 0
1, 0x99f20
0, 0x5df10
0, 0x99f40
2, 2
3, 0
3, 0
3, 0
3, 0
3, 0
3, 0
3, 0
3, 0
3, 0
3, 0
3, 0
3, 0
3, 0
3, 0
1, 0x99f40
0, 0x5df30
0, 0x99f60
2, 2
3, 0
3, 0
3, 0
3, 0
3, 0
3, 0
3, 0
3, 0
3, 0
3, 0
3, 0
3, 0
3, 0
3, 0
0, 0x5df50
0, 0x99f80
0, 0x5df70
0, 0x99fa0
0, 0x5df90
0, 0x99fc0
0, 0x5dfb0
0, 0x99fe0
1, 0x99f60
0, 0x5df50
0, 0x99f80
2, 2
3, 0
3, 0
3, 0
3, 0
3, 0
3, 0
3, 0
3, 0
3, 0
3, 0
3, 0
3, 0
3, 0
3, 0
1, 0x99f80
0, 0x5df70
0, 0x99fa0
2, 2
3, 0
3, 0
3, 0
3, 0
3, 0
3, 0
3, 0
3, 0
3, 0
3, 0
3, 0
3, 0
3, 0
3, 0
1, 0x99fa0
0, 0x5df90
0, 0x99fc0
2, 2
3, 0
3, 0
3, 0
3, 0
3, 0
3, 0
3, 0
3, 0
3, 0
3, 0
3, 0
3, 0
3, 0
3, 0
1, 0x99fc0
0, 0x5dfb0
0, 0x99fe0
2, 2
3, 0
3, 0
3, 0
3, 0
3, 0
3, 0
3, 0
3, 0
3, 0
3, 0
3, 0
3, 0
3, 0
3, 0
0, 0x5dfd0
0, 0x9a000
0, 0x5dff0
0, 0x9a020
0, 0x5e010
0, 0x9a040
0, 0x5e030
0, 0x9a060
1, 0x99fe0
0, 0x5dfd0
0, 0x9a000
2, 2
3, 0
3, 0
3, 0
3, 0
3, 0
3, 0
3, 0
3, 0
3, 0
3, 0
3, 0
3, 0
3, 0
3, 0
1, 0x9a000
0, 0x5dff0
0, 0x9a020
2, 2
3, 0
3, 0
3, 0
3, 0
3, 0
3, 0
3, 0
3, 0
3, 0
3, 0
3, 0
3, 0
3, 0
3, 0
1, 0x9a020
0, 0x5e010
0, 0x9a040
2, 2
3, 0
3, 0
3, 0
3, 0
3, 0
3, 0
3, 0
3, 0
3, 0
3, 0
3, 0
3, 0
3, 0
3, 0
1, 0x9a040
0, 0x5e030
0, 0x9a060
2, 2
3, 0
3, 0
3, 0
3, 0
3, 0
3, 0
3, 0
3, 0
3, 0
3, 0
3, 0
3, 0
3, 0
3, 0
0, 0x5e050
0, 0x9a080
0, 0x5e070
0, 0x9a0a0
0, 0x5e090
0, 0x9a0c0
0, 0x5e0b0
0, 0x9a0e0
1, 0x9a060
0, 0x5e050
0, 0x9a080
2, 2
3, 0
3, 0
3, 0
3, 0
3, 0
3, 0
3, 0
3, 0
3, 0
3, 0
3, 0
3, 0
3, 0
3, 0
1, 0x9a080
0, 0x5e070
0, 0x9a0a0
2, 2
3, 0
3, 0
3, 0
3, 0
3, 0
3, 0
3, 0
3, 0
3, 0
3, 0
3, 0
3, 0
3, 0
3, 0
1, 0x9a0a0
0, 0x5e090
0, 0x9a0c0
2, 2
3, 0
3, 0
3, 0
3, 0
3, 0
3, 0
3, 0
3, 0
3, 0
3, 0
3, 0
3, 0
3, 0
3, 0
1, 0x9a0c0
0, 0x5e0b0
0, 0x9a0e0
2, 2
3, 0
3, 0
3, 0
3, 0
3, 0
3, 0
3, 0
3, 0
3, 0
3, 0
3, 0
3, 0
3, 0
3, 0
0, 0x5e0d0
0, 0x9a100
0, 0x5e0f0
0, 0x9a120
0, 0x5e110
0, 0x9a140
0, 0x5e130
0, 0x9a160
1, 0x9a0e0
0, 0x5e0d0
0, 0x9a100
2, 2
3, 0
3, 0
3, 0
3, 0
3, 0
3, 0
3, 0
3, 0
3, 0
3, 0
3, 0
3, 0
3, 0
3, 0
1, 0x9a100
0, 0x5e0f0
0, 0x9a120
2, 2
3, 0
3, 0
3, 0
3, 0
3, 0
3, 0
3, 0
3, 0
3, 0
3, 0
3, 0
3, 0
3, 0
3, 0
1, 0x9a120
0, 0x5e110
0, 0x9a140
2, 2
3, 0
3, 0
3, 0
3, 0
3, 0
3, 0
3, 0
3, 0
3, 0
3, 0
3, 0
3, 0
3, 0
3, 0
1, 0x9a140
0, 0x5e130
0, 0x9a160
2, 2
3, 0
3, 0
3, 0
3, 0
3, 0
3, 0
3, 0
3, 0
3, 0
3, 0
3, 0
3, 0
3, 0
3, 0
0, 0x5e150
0, 0x9a180
0, 0x5e170
0, 0x9a1a0
0, 0x5e190
0, 0x9a1c0
0, 0x5e1b0
0, 0x9a1e0
1, 0x9a160
0, 0x5e150
0, 0x9a180
2, 2
3, 0
3, 0
3, 0
3, 0
3, 0
3, 0
3, 0
3, 0
3, 0
3, 0
3, 0
3, 0
3, 0
3, 0
1, 0x9a180
0, 0x5e170
0, 0x9a1a0
2, 2
3, 0
3, 0
3, 0
3, 0
3, 0
3, 0
3, 0
3, 0
3, 0
3, 0
3, 0
3, 0
3, 0
3, 0
1, 0x9a1a0
0, 0x5e190
0, 0x9a1c0
2, 2
3, 0
3, 0
3, 0
3, 0
3, 0
3, 0
3, 0
3, 0
3, 0
3, 0
3, 0
3, 0
3, 0
3, 0
1, 0x9a1c0
0, 0x5e1b0
0, 0x9a1e0
2, 2
3, 0
3, 0
3, 0
3, 0
3, 0
3, 0
3, 0
3, 0
3, 0
3, 0
3, 0
3, 0
3, 0
3, 0
0, 0x5e1d0
0, 0x9a200
0, 0x5e1f0
0, 0x9a220
0, 0x5e210
0, 0x9a240
0, 0x5e230
0, 0x9a260
1, 0x9a1e0
0, 0x5e1d0
0, 0x9a200
2, 2
3, 0
3, 0
3, 0
3, 0
3, 0
3, 0
3, 0
3, 0
3, 0
3, 0
3, 0
3, 0
3, 0
3, 0
1, 0x9a200
0, 0x5e1f0
0, 0x9a220
2, 2
3, 0
3, 0
3, 0
3, 0
3, 0
3, 0
3, 0
3, 0
3, 0
3, 0
3, 0
3, 0
3, 0
3, 0
1, 0x9a220
0, 0x5e210
0, 0x9a240
2, 2
3, 0
3, 0
3, 0
3, 0
3, 0
3, 0
3, 0
3, 0
3, 0
3, 0
3, 0
3, 0
3, 0
3, 0
1, 0x9a240
0, 0x5e230
0, 0x9a260
2, 2
3, 0
3, 0
3, 0
3, 0
3, 0
3, 0
3, 0
3, 0
3, 0
3, 0
3, 0
3, 0
3, 0
3, 0
0, 0x5e250
0, 0x9a280
0, 0x5e270
0, 0x9a2a0
0, 0x5e290
0, 0x9a2c0
0, 0x5e2b0
0, 0x9a2e0
1, 0x9a260
0, 0x5e250
0, 0x9a280
2, 2
3, 0
3, 0
3, 0
3, 0
3, 0
3, 0
3, 0
3, 0
3, 0
3, 0
3, 0
3, 0
3, 0
3, 0
1, 0x9a280
0, 0x5e270
0, 0x9a2a0
2, 2
3, 0
3, 0
3, 0
3, 0
3, 0
3, 0
3, 0
3, 0
3, 0
3, 0
3, 0
3, 0
3, 0
3, 0
1, 0x9a2a0
0, 0x5e290
0, 0x9a2c0
2, 2
3, 0
3, 0
3, 0
3, 0
3, 0
3, 0
3, 0
3, 0
3, 0
3, 0
3, 0
3, 0
3, 0
3, 0
1, 0x9a2c0
0, 0x5e2b0
0, 0x9a2e0
2, 2
3, 0
3, 0
3, 0
3, 0
3, 0
3, 0
3, 0
3, 0
3, 0
3, 0
3, 0
3, 0
3, 0
3, 0
0, 0x5e2d0
0, 0x9a300
0, 0x5e2f0
0, 0x9a320
0, 0x5e310
0, 0x9a340
0, 0x5e330
0, 0x9a360
1, 0x9a2e0
0, 0x5e2d0
0, 0x9a300
2, 2
3, 0
3, 0
3, 0
3, 0
3, 0
3, 0
3, 0
3, 0
3, 0
3, 0
3, 0
3, 0
3, 0
3, 0
1, 0x9a300
0, 0x5e2f0
0, 0x9a320
2, 2
3, 0
3, 0
3, 0
3, 0
3, 0
3, 0
3, 0
3, 0
3, 0
3, 0
3, 0
3, 0
3, 0
3, 0
1, 0x9a320
0, 0x5e310
0, 0x9a340
2, 2
3, 0
3, 0
3, 0
3, 0
3, 0
3, 0
3, 0
3, 0
3, 0
3, 0
3, 0
3, 0
3, 0
3, 0
1, 0x9a340
0, 0x5e330
0, 0x9a360
2, 2
3, 0
3, 0
3, 0
3, 0
3, 0
3, 0
3, 0
3, 0
3, 0
3, 0
3, 0
3, 0
3, 0
3, 0
0, 0x5e350
0, 0x9a380
0, 0x5e370
0, 0x9a3a0
0, 0x5e390
0, 0x9a3c0
0, 0x5e3b0
0, 0x9a3e0
1, 0x9a360
0, 0x5e350
0, 0x9a380
2, 2
3, 0
3, 0
3, 0
3, 0
3, 0
3, 0
3, 0
3, 0
3, 0
3, 0
3, 0
3, 0
3, 0
3, 0
1, 0x9a380
0, 0x5e370
0, 0x9a3a0
2, 2
3, 0
3, 0
3, 0
3, 0
3, 0
3, 0
3, 0
3, 0
3, 0
3, 0
3, 0
3, 0
3, 0
3, 0
1, 0x9a3a0
0, 0x5e390
0, 0x9a3c0
2, 2
3, 0
3, 0
3, 0
3, 0
3, 0
3, 0
3, 0
3, 0
3, 0
3, 0
3, 0
3, 0
3, 0
3, 0
1, 0x9a3c0
0, 0x5e3b0
0, 0x9a3e0
2, 2
3, 0
3, 0
3, 0
3, 0
3, 0
3, 0
3, 0
3, 0
3, 0
3, 0
3, 0
3, 0
3, 0
3, 0
0, 0x5e3d0
0, 0x9a400
0, 0x5e3f0
0, 0x9a420
0, 0x5e410
0, 0x9a440
0, 0x5e430
0, 0x9a460
1, 0x9a3e0
0, 0x5e3d0
0, 0x9a400
2, 2
3, 0
3, 0
3, 0
3, 0
3, 0
3, 0
3, 0
3, 0
3, 0
3, 0
3, 0
3, 0
3, 0
3, 0
1, 0x9a400
0, 0x5e3f0
0, 0x9a420
2, 2
3, 0
3, 0
3, 0
3, 0
3, 0
3, 0
3, 0
3, 0
3, 0
3, 0
3, 0
3, 0
3, 0
3, 0
1, 0x9a420
0, 0x5e410
0, 0x9a440
2, 2
3, 0
3, 0
3, 0
3, 0
3, 0
3, 0
3, 0
3, 0
3, 0
3, 0
3, 0
3, 0
3, 0
3, 0
1, 0x9a440
0, 0x5e430
0, 0x9a460
2, 2
3, 0
3, 0
3, 0
3, 0
3, 0
3, 0
3, 0
3, 0
3, 0
3, 0
3, 0
3, 0
3, 0
3, 0
0, 0x5e450
0, 0x9a480
0, 0x5e470
0, 0x9a4a0
0, 0x5e490
0, 0x9a4c0
0, 0x5e4b0
0, 0x9a4e0
1, 0x9a460
0, 0x5e450
0, 0x9a480
2, 2
3, 0
3, 0
3, 0
3, 0
3, 0
3, 0
3, 0
3, 0
3, 0
3, 0
3, 0
3, 0
3, 0
3, 0
1, 0x9a480
0, 0x5e470
0, 0x9a4a0
2, 2
3, 0
3, 0
3, 0
3, 0
3, 0
3, 0
3, 0
3, 0
3, 0
3, 0
3, 0
3, 0
3, 0
3, 0
1, 0x9a4a0
0, 0x5e490
0, 0x9a4c0
2, 2
3, 0
3, 0
3, 0
3, 0
3, 0
3, 0
3, 0
3, 0
3, 0
3, 0
3, 0
3, 0
3, 0
3, 0
1, 0x9a4c0
0, 0x5e4b0
0, 0x9a4e0
2, 2
3, 0
3, 0
3, 0
3, 0
3, 0
3, 0
3, 0
3, 0
3, 0
3, 0
3, 0
3, 0
3, 0
3, 0
0, 0x5e4d0
0, 0x9a500
0, 0x5e4f0
0, 0x9a520
0, 0x5e510
0, 0x9a540
0, 0x5e530
0, 0x9a560
1, 0x9a4e0
0, 0x5e4d0
0, 0x9a500
2, 2
3, 0
3, 0
3, 0
3, 0
3, 0
3, 0
3, 0
3, 0
3, 0
3, 0
3, 0
3, 0
3, 0
3, 0
1, 0x9a500
0, 0x5e4f0
0, 0x9a520
2, 2
3, 0
3, 0
3, 0
3, 0
3, 0
3, 0
3, 0
3, 0
3, 0
3, 0
3, 0
3, 0
3, 0
3, 0
1, 0x9a520
0, 0x5e510
0, 0x9a540
2, 2
3, 0
3, 0
3, 0
3, 0
3, 0
3, 0
3, 0
3, 0
3, 0
3, 0
3, 0
3, 0
3, 0
3, 0
1, 0x9a540
0, 0x5e530
0, 0x9a560
2, 2
3, 0
3, 0
3, 0
3, 0
3, 0
3, 0
3, 0
3, 0
3, 0
3, 0
3, 0
3, 0
3, 0
3, 0
0, 0x5e550
0, 0x9a580
0, 0x5e570
0, 0x9a5a0
0, 0x5e590
0, 0x9a5c0
0, 0x5e5b0
0, 0x9a5e0
1, 0x9a560
0, 0x5e550
0, 0x9a580
2, 2
3, 0
3, 0
3, 0
3, 0
3, 0
3, 0
3, 0
3, 0
3, 0
3, 0
3, 0
3, 0
3, 0
3, 0
1, 0x9a580
0, 0x5e570
0, 0x9a5a0
2, 2
3, 0
3, 0
3, 0
3, 0
3, 0
3, 0
3, 0
3, 0
3, 0
3, 0
3, 0
3, 0
3, 0
3, 0
1, 0x9a5a0
0, 0x5e590
0, 0x9a5c0
2, 2
3, 0
3, 0
3, 0
3, 0
3, 0
3, 0
3, 0
3, 0
3, 0
3, 0
3, 0
3, 0
3, 0
3, 0
1, 0x9a5c0
0, 0x5e5b0
0, 0x9a5e0
2, 2
3, 0
3, 0
3, 0
3, 0
3, 0
3, 0
3, 0
3, 0
3, 0
3, 0
3, 0
3, 0
3, 0
3, 0
0, 0x5e5d0
0, 0x9a600
0, 0x5e5f0
0, 0x9a620
0, 0x5e610
0, 0x9a640
0, 0x5e630
0, 0x9a660
1, 0x9a5e0
0, 0x5e5d0
0, 0x9a600
2, 2
3, 0
3, 0
3, 0
3, 0
3, 0
3, 0
3, 0
3, 0
3, 0
3, 0
3, 0
3, 0
3, 0
3, 0
1, 0x9a600
0, 0x5e5f0
0, 0x9a620
2, 2
3, 0
3, 0
3, 0
3, 0
3, 0
3, 0
3, 0
3, 0
3, 0
3, 0
3, 0
3, 0
3, 0
3, 0
1, 0x9a620
0, 0x5e610
0, 0x9a640
2, 2
3, 0
3, 0
3, 0
3, 0
3, 0
3, 0
3, 0
3, 0
3, 0
3, 0
3, 0
3, 0
3, 0
3, 0
1, 0x9a640
0, 0x5e630
0, 0x9a660
2, 2
3, 0
3, 0
3, 0
3, 0
3, 0
3, 0
3, 0
3, 0
3, 0
3, 0
3, 0
3, 0
3, 0
3, 0
0, 0x5e650
0, 0x9a680
0, 0x5e670
0, 0x9a6a0
0, 0x5e690
0, 0x9a6c0
0, 0x5e6b0
0, 0x9a6e0
1, 0x9a660
0, 0x5e650
0, 0x9a680
2, 2
3, 0
3, 0
3, 0
3, 0
3, 0
3, 0
3, 0
3, 0
3, 0
3, 0
3, 0
3, 0
3, 0
3, 0
1, 0x9a680
0, 0x5e670
0, 0x9a6a0
2, 2
3, 0
3, 0
3, 0
3, 0
3, 0
3, 0
3, 0
3, 0
3, 0
3, 0
3, 0
3, 0
3, 0
3, 0
1, 0x9a6a0
0, 0x5e690
0, 0x9a6c0
2, 2
3, 0
3, 0
3, 0
3, 0
3, 0
3, 0
3, 0
3, 0
3, 0
3, 0
3, 0
3, 0
3, 0
3, 0
1, 0x9a6c0
0, 0x5e6b0
0, 0x9a6e0
2, 2
3, 0
3, 0
3, 0
3, 0
3, 0
3, 0
3, 0
3, 0
3, 0
3, 0
3, 0
3, 0
3, 0
3, 0
0, 0x5e6d0
0, 0x9a700
0, 0x5e6f0
0, 0x9a720
0, 0x5e710
0, 0x9a740
0, 0x5e730
0, 0x9a760
1, 0x9a6e0
0, 0x5e6d0
0, 0x9a700
2, 2
3, 0
3, 0
3, 0
3, 0
3, 0
3, 0
3, 0
3, 0
3, 0
3, 0
3, 0
3, 0
3, 0
3, 0
1, 0x9a700
0, 0x5e6f0
0, 0x9a720
2, 2
3, 0
3, 0
3, 0
3, 0
3, 0
3, 0
3, 0
3, 0
3, 0
3, 0
3, 0
3, 0
3, 0
3, 0
1, 0x9a720
0, 0x5e710
0, 0x9a740
2, 2
3, 0
3, 0
3, 0
3, 0
3, 0
3, 0
3, 0
3, 0
3, 0
3, 0
3, 0
3, 0
3, 0
3, 0
1, 0x9a740
0, 0x5e730
0, 0x9a760
2, 2
3, 0
3, 0
3, 0
3, 0
3, 0
3, 0
3, 0
3, 0
3, 0
3, 0
3, 0
3, 0
3, 0
3, 0
0, 0x5e750
0, 0x9a780
0, 0x5e770
0, 0x9a7a0
0, 0x5e790
0, 0x9a7c0
0, 0x5e7b0
0, 0x9a7e0
1, 0x9a760
0, 0x5e750
0, 0x9a780
2, 2
3, 0
3, 0
3, 0
3, 0
3, 0
3, 0
3, 0
3, 0
3, 0
3, 0
3, 0
3, 0
3, 0
3, 0
1, 0x9a780
0, 0x5e770
0, 0x9a7a0
2, 2
3, 0
3, 0
3, 0
3, 0
3, 0
3, 0
3, 0
3, 0
3, 0
3, 0
3, 0
3, 0
3, 0
3, 0
1, 0x9a7a0
0, 0x5e790
0, 0x9a7c0
2, 2
3, 0
3, 0
3, 0
3, 0
3, 0
3, 0
3, 0
3, 0
3, 0
3, 0
3, 0
3, 0
3, 0
3, 0
1, 0x9a7c0
0, 0x5e7b0
0, 0x9a7e0
2, 2
3, 0
3, 0
3, 0
3, 0
3, 0
3, 0
3, 0
3, 0
3, 0
3, 0
3, 0
3, 0
3, 0
3, 0
0, 0x5e7d0
0, 0x9a800
0, 0x5e7f0
0, 0x9a820
0, 0x5e810
0, 0x9a840
0, 0x5e830
0, 0x9a860
1, 0x9a7e0
0, 0x5e7d0
0, 0x9a800
2, 2
3, 0
3, 0
3, 0
3, 0
3, 0
3, 0
3, 0
3, 0
3, 0
3, 0
3, 0
3, 0
3, 0
3, 0
1, 0x9a800
0, 0x5e7f0
0, 0x9a820
2, 2
3, 0
3, 0
3, 0
3, 0
3, 0
3, 0
3, 0
3, 0
3, 0
3, 0
3, 0
3, 0
3, 0
3, 0
1, 0x9a820
0, 0x5e810
0, 0x9a840
2, 2
3, 0
3, 0
3, 0
3, 0
3, 0
3, 0
3, 0
3, 0
3, 0
3, 0
3, 0
3, 0
3, 0
3, 0
1, 0x9a840
0, 0x5e830
0, 0x9a860
2, 2
3, 0
3, 0
3, 0
3, 0
3, 0
3, 0
3, 0
3, 0
3, 0
3, 0
3, 0
3, 0
3, 0
3, 0
0, 0x5e850
0, 0x9a880
0, 0x5e870
0, 0x9a8a0
0, 0x5e890
0, 0x9a8c0
0, 0x5e8b0
0, 0x9a8e0
1, 0x9a860
0, 0x5e850
0, 0x9a880
2, 2
3, 0
3, 0
3, 0
3, 0
3, 0
3, 0
3, 0
3, 0
3, 0
3, 0
3, 0
3, 0
3, 0
3, 0
1, 0x9a880
0, 0x5e870
0, 0x9a8a0
2, 2
3, 0
3, 0
3, 0
3, 0
3, 0
3, 0
3, 0
3, 0
3, 0
3, 0
3, 0
3, 0
3, 0
3, 0
1, 0x9a8a0
0, 0x5e890
0, 0x9a8c0
2, 2
3, 0
3, 0
3, 0
3, 0
3, 0
3, 0
3, 0
3, 0
3, 0
3, 0
3, 0
3, 0
3, 0
3, 0
1, 0x9a8c0
0, 0x5e8b0
0, 0x9a8e0
2, 2
3, 0
3, 0
3, 0
3, 0
3, 0
3, 0
3, 0
3, 0
3, 0
3, 0
3, 0
3, 0
3, 0
3, 0
0, 0x5e8d0
0, 0x9a900
0, 0x5e8f0
0, 0x9a920
0, 0x5e910
0, 0x9a940
0, 0x5e930
0, 0x9a960
1, 0x9a8e0
0, 0x5e8d0
0, 0x9a900
2, 2
3, 0
3, 0
3, 0
3, 0
3, 0
3, 0
3, 0
3, 0
3, 0
3, 0
3, 0
3, 0
3, 0
3, 0
1, 0x9a900
0, 0x5e8f0
0, 0x9a920
2, 2
3, 0
3, 0
3, 0
3, 0
3, 0
3, 0
3, 0
3, 0
3, 0
3, 0
3, 0
3, 0
3, 0
3, 0
1, 0x9a920
0, 0x5e910
0, 0x9a940
2, 2
3, 0
3, 0
3, 0
3, 0
3, 0
3, 0
3, 0
3, 0
3, 0
3, 0
3, 0
3, 0
3, 0
3, 0
1, 0x9a940
0, 0x5e930
0, 0x9a960
2, 2
3, 0
3, 0
3, 0
3, 0
3, 0
3, 0
3, 0
3, 0
3, 0
3, 0
3, 0
3, 0
3, 0
3, 0
0, 0x5e950
0, 0x9a980
0, 0x5e970
0, 0x9a9a0
0, 0x5e990
0, 0x9a9c0
0, 0x5e9b0
0, 0x9a9e0
1, 0x9a960
0, 0x5e950
0, 0x9a980
2, 2
3, 0
3, 0
3, 0
3, 0
3, 0
3, 0
3, 0
3, 0
3, 0
3, 0
3, 0
3, 0
3, 0
3, 0
1, 0x9a980
0, 0x5e970
0, 0x9a9a0
2, 2
3, 0
3, 0
3, 0
3, 0
3, 0
3, 0
3, 0
3, 0
3, 0
3, 0
3, 0
3, 0
3, 0
3, 0
1, 0x9a9a0
0, 0x5e990
0, 0x9a9c0
2, 2
3, 0
3, 0
3, 0
3, 0
3, 0
3, 0
3, 0
3, 0
3, 0
3, 0
3, 0
3, 0
3, 0
3, 0
1, 0x9a9c0
0, 0x5e9b0
0, 0x9a9e0
2, 2
3, 0
3, 0
3, 0
3, 0
3, 0
3, 0
3, 0
3, 0
3, 0
3, 0
3, 0
3, 0
3, 0
3, 0
0, 0x5e9d0
0, 0x9aa00
0, 0x5e9f0
0, 0x9aa20
0, 0x5ea10
0, 0x9aa40
0, 0x5ea30
0, 0x9aa60
1, 0x9a9e0
0, 0x5e9d0
0, 0x9aa00
2, 2
3, 0
3, 0
3, 0
3, 0
3, 0
3, 0
3, 0
3, 0
3, 0
3, 0
3, 0
3, 0
3, 0
3, 0
1, 0x9aa00
0, 0x5e9f0
0, 0x9aa20
2, 2
3, 0
3, 0
3, 0
3, 0
3, 0
3, 0
3, 0
3, 0
3, 0
3, 0
3, 0
3, 0
3, 0
3, 0
1, 0x9aa20
0, 0x5ea10
0, 0x9aa40
2, 2
3, 0
3, 0
3, 0
3, 0
3, 0
3, 0
3, 0
3, 0
3, 0
3, 0
3, 0
3, 0
3, 0
3, 0
1, 0x9aa40
0, 0x5ea30
0, 0x9aa60
2, 2
3, 0
3, 0
3, 0
3, 0
3, 0
3, 0
3, 0
3, 0
3, 0
3, 0
3, 0
3, 0
3, 0
3, 0
0, 0x5ea50
0, 0x9aa80
0, 0x5ea70
0, 0x9aaa0
0, 0x5ea90
0, 0x9aac0
0, 0x5eab0
0, 0x9aae0
1, 0x9aa60
0, 0x5ea50
0, 0x9aa80
2, 2
3, 0
3, 0
3, 0
3, 0
3, 0
3, 0
3, 0
3, 0
3, 0
3, 0
3, 0
3, 0
3, 0
3, 0
1, 0x9aa80
0, 0x5ea70
0, 0x9aaa0
2, 2
3, 0
3, 0
3, 0
3, 0
3, 0
3, 0
3, 0
3, 0
3, 0
3, 0
3, 0
3, 0
3, 0
3, 0
1, 0x9aaa0
0, 0x5ea90
0, 0x9aac0
2, 2
3, 0
3, 0
3, 0
3, 0
3, 0
3, 0
3, 0
3, 0
3, 0
3, 0
3, 0
3, 0
3, 0
3, 0
1, 0x9aac0
0, 0x5eab0
0, 0x9aae0
2, 2
3, 0
3, 0
3, 0
3, 0
3, 0
3, 0
3, 0
3, 0
3, 0
3, 0
3, 0
3, 0
3, 0
3, 0
0, 0x5ead0
0, 0x9ab00
0, 0x5eaf0
0, 0x9ab20
0, 0x5eb10
0, 0x9ab40
0, 0x5eb30
0, 0x9ab60
1, 0x9aae0
0, 0x5ead0
0, 0x9ab00
2, 2
3, 0
3, 0
3, 0
3, 0
3, 0
3, 0
3, 0
3, 0
3, 0
3, 0
3, 0
3, 0
3, 0
3, 0
1, 0x9ab00
0, 0x5eaf0
0, 0x9ab20
2, 2
3, 0
3, 0
3, 0
3, 0
3, 0
3, 0
3, 0
3, 0
3, 0
3, 0
3, 0
3, 0
3, 0
3, 0
1, 0x9ab20
0, 0x5eb10
0, 0x9ab40
2, 2
3, 0
3, 0
3, 0
3, 0
3, 0
3, 0
3, 0
3, 0
3, 0
3, 0
3, 0
3, 0
3, 0
3, 0
1, 0x9ab40
0, 0x5eb30
0, 0x9ab60
2, 2
3, 0
3, 0
3, 0
3, 0
3, 0
3, 0
3, 0
3, 0
3, 0
3, 0
3, 0
3, 0
3, 0
3, 0
0, 0x5eb50
0, 0x9ab80
0, 0x5eb70
0, 0x9aba0
0, 0x5eb90
0, 0x9abc0
0, 0x5ebb0
0, 0x9abe0
1, 0x9ab60
0, 0x5eb50
0, 0x9ab80
2, 2
3, 0
3, 0
3, 0
3, 0
3, 0
3, 0
3, 0
3, 0
3, 0
3, 0
3, 0
3, 0
3, 0
3, 0
1, 0x9ab80
0, 0x5eb70
0, 0x9aba0
2, 2
3, 0
3, 0
3, 0
3, 0
3, 0
3, 0
3, 0
3, 0
3, 0
3, 0
3, 0
3, 0
3, 0
3, 0
1, 0x9aba0
0, 0x5eb90
0, 0x9abc0
2, 2
3, 0
3, 0
3, 0
3, 0
3, 0
3, 0
3, 0
3, 0
3, 0
3, 0
3, 0
3, 0
3, 0
3, 0
1, 0x9abc0
0, 0x5ebb0
0, 0x9abe0
2, 2
3, 0
3, 0
3, 0
3, 0
3, 0
3, 0
3, 0
3, 0
3, 0
3, 0
3, 0
3, 0
3, 0
3, 0
0, 0x5ebd0
0, 0x9ac00
0, 0x5ebf0
0, 0x9ac20
0, 0x5ec10
0, 0x9ac40
0, 0x5ec30
0, 0x9ac60
1, 0x9abe0
0, 0x5ebd0
0, 0x9ac00
2, 2
3, 0
3, 0
3, 0
3, 0
3, 0
3, 0
3, 0
3, 0
3, 0
3, 0
3, 0
3, 0
3, 0
3, 0
1, 0x9ac00
0, 0x5ebf0
0, 0x9ac20
2, 2
3, 0
3, 0
3, 0
3, 0
3, 0
3, 0
3, 0
3, 0
3, 0
3, 0
3, 0
3, 0
3, 0
3, 0
1, 0x9ac20
0, 0x5ec10
0, 0x9ac40
2, 2
3, 0
3, 0
3, 0
3, 0
3, 0
3, 0
3, 0
3, 0
3, 0
3, 0
3, 0
3, 0
3, 0
3, 0
1, 0x9ac40
0, 0x5ec30
0, 0x9ac60
2, 2
3, 0
3, 0
3, 0
3, 0
3, 0
3, 0
3, 0
3, 0
3, 0
3, 0
3, 0
3, 0
3, 0
3, 0
0, 0x5ec50
0, 0x9ac80
0, 0x5ec70
0, 0x9aca0
0, 0x5ec90
0, 0x9acc0
0, 0x5ecb0
0, 0x9ace0
1, 0x9ac60
0, 0x5ec50
0, 0x9ac80
2, 2
3, 0
3, 0
3, 0
3, 0
3, 0
3, 0
3, 0
3, 0
3, 0
3, 0
3, 0
3, 0
3, 0
3, 0
1, 0x9ac80
0, 0x5ec70
0, 0x9aca0
2, 2
3, 0
3, 0
3, 0
3, 0
3, 0
3, 0
3, 0
3, 0
3, 0
3, 0
3, 0
3, 0
3, 0
3, 0
1, 0x9aca0
0, 0x5ec90
0, 0x9acc0
2, 2
3, 0
3, 0
3, 0
3, 0
3, 0
3, 0
3, 0
3, 0
3, 0
3, 0
3, 0
3, 0
3, 0
3, 0
1, 0x9acc0
0, 0x5ecb0
0, 0x9ace0
2, 2
3, 0
3, 0
3, 0
3, 0
3, 0
3, 0
3, 0
3, 0
3, 0
3, 0
3, 0
3, 0
3, 0
3, 0
0, 0x5ecd0
0, 0x9ad00
0, 0x5ecf0
0, 0x9ad20
0, 0x5ed10
0, 0x9ad40
0, 0x5ed30
0, 0x9ad60
1, 0x9ace0
0, 0x5ecd0
0, 0x9ad00
2, 2
3, 0
3, 0
3, 0
3, 0
3, 0
3, 0
3, 0
3, 0
3, 0
3, 0
3, 0
3, 0
3, 0
3, 0
1, 0x9ad00
0, 0x5ecf0
0, 0x9ad20
2, 2
3, 0
3, 0
3, 0
3, 0
3, 0
3, 0
3, 0
3, 0
3, 0
3, 0
3, 0
3, 0
3, 0
3, 0
1, 0x9ad20
0, 0x5ed10
0, 0x9ad40
2, 2
3, 0
3, 0
3, 0
3, 0
3, 0
3, 0
3, 0
3, 0
3, 0
3, 0
3, 0
3, 0
3, 0
3, 0
1, 0x9ad40
0, 0x5ed30
0, 0x9ad60
2, 2
3, 0
3, 0
3, 0
3, 0
3, 0
3, 0
3, 0
3, 0
3, 0
3, 0
3, 0
3, 0
3, 0
3, 0
0, 0x5ed50
0, 0x9ad80
0, 0x5ed70
0, 0x9ada0
0, 0x5ed90
0, 0x9adc0
0, 0x5edb0
0, 0x9ade0
1, 0x9ad60
0, 0x5ed50
0, 0x9ad80
2, 2
3, 0
3, 0
3, 0
3, 0
3, 0
3, 0
3, 0
3, 0
3, 0
3, 0
3, 0
3, 0
3, 0
3, 0
1, 0x9ad80
0, 0x5ed70
0, 0x9ada0
2, 2
3, 0
3, 0
3, 0
3, 0
3, 0
3, 0
3, 0
3, 0
3, 0
3, 0
3, 0
3, 0
3, 0
3, 0
1, 0x9ada0
0, 0x5ed90
0, 0x9adc0
2, 2
3, 0
3, 0
3, 0
3, 0
3, 0
3, 0
3, 0
3, 0
3, 0
3, 0
3, 0
3, 0
3, 0
3, 0
1, 0x9adc0
0, 0x5edb0
0, 0x9ade0
2, 2
3, 0
3, 0
3, 0
3, 0
3, 0
3, 0
3, 0
3, 0
3, 0
3, 0
3, 0
3, 0
3, 0
3, 0
0, 0x5edd0
0, 0x9ae00
0, 0x5edf0
0, 0x9ae20
0, 0x5ee10
0, 0x9ae40
0, 0x5ee30
0, 0x9ae60
1, 0x9ade0
0, 0x5edd0
0, 0x9ae00
2, 2
3, 0
3, 0
3, 0
3, 0
3, 0
3, 0
3, 0
3, 0
3, 0
3, 0
3, 0
3, 0
3, 0
3, 0
1, 0x9ae00
0, 0x5edf0
0, 0x9ae20
2, 2
3, 0
3, 0
3, 0
3, 0
3, 0
3, 0
3, 0
3, 0
3, 0
3, 0
3, 0
3, 0
3, 0
3, 0
1, 0x9ae20
0, 0x5ee10
0, 0x9ae40
2, 2
3, 0
3, 0
3, 0
3, 0
3, 0
3, 0
3, 0
3, 0
3, 0
3, 0
3, 0
3, 0
3, 0
3, 0
1, 0x9ae40
0, 0x5ee30
0, 0x9ae60
2, 2
3, 0
3, 0
3, 0
3, 0
3, 0
3, 0
3, 0
3, 0
3, 0
3, 0
3, 0
3, 0
3, 0
3, 0
0, 0x5ee50
0, 0x9ae80
0, 0x5ee70
0, 0x9aea0
0, 0x5ee90
0, 0x9aec0
0, 0x5eeb0
0, 0x9aee0
1, 0x9ae60
0, 0x5ee50
0, 0x9ae80
2, 2
3, 0
3, 0
3, 0
3, 0
3, 0
3, 0
3, 0
3, 0
3, 0
3, 0
3, 0
3, 0
3, 0
3, 0
1, 0x9ae80
0, 0x5ee70
0, 0x9aea0
2, 2
3, 0
3, 0
3, 0
3, 0
3, 0
3, 0
3, 0
3, 0
3, 0
3, 0
3, 0
3, 0
3, 0
3, 0
1, 0x9aea0
0, 0x5ee90
0, 0x9aec0
2, 2
3, 0
3, 0
3, 0
3, 0
3, 0
3, 0
3, 0
3, 0
3, 0
3, 0
3, 0
3, 0
3, 0
3, 0
1, 0x9aec0
0, 0x5eeb0
0, 0x9aee0
2, 2
3, 0
3, 0
3, 0
3, 0
3, 0
3, 0
3, 0
3, 0
3, 0
3, 0
3, 0
3, 0
3, 0
3, 0
0, 0x5eed0
0, 0x9af00
0, 0x5eef0
0, 0x9af20
0, 0x5ef10
0, 0x9af40
0, 0x5ef30
0, 0x9af60
1, 0x9aee0
0, 0x5eed0
0, 0x9af00
2, 2
3, 0
3, 0
3, 0
3, 0
3, 0
3, 0
3, 0
3, 0
3, 0
3, 0
3, 0
3, 0
3, 0
3, 0
1, 0x9af00
0, 0x5eef0
0, 0x9af20
2, 2
3, 0
3, 0
3, 0
3, 0
3, 0
3, 0
3, 0
3, 0
3, 0
3, 0
3, 0
3, 0
3, 0
3, 0
1, 0x9af20
0, 0x5ef10
0, 0x9af40
2, 2
3, 0
3, 0
3, 0
3, 0
3, 0
3, 0
3, 0
3, 0
3, 0
3, 0
3, 0
3, 0
3, 0
3, 0
1, 0x9af40
0, 0x5ef30
0, 0x9af60
2, 2
3, 0
3, 0
3, 0
3, 0
3, 0
3, 0
3, 0
3, 0
3, 0
3, 0
3, 0
3, 0
3, 0
3, 0
0, 0x5ef50
0, 0x9af80
0, 0x5ef70
0, 0x9afa0
0, 0x5ef90
0, 0x9afc0
0, 0x5efb0
0, 0x9afe0
1, 0x9af60
0, 0x5ef50
0, 0x9af80
2, 2
3, 0
3, 0
3, 0
3, 0
3, 0
3, 0
3, 0
3, 0
3, 0
3, 0
3, 0
3, 0
3, 0
3, 0
1, 0x9af80
0, 0x5ef70
0, 0x9afa0
2, 2
3, 0
3, 0
3, 0
3, 0
3, 0
3, 0
3, 0
3, 0
3, 0
3, 0
3, 0
3, 0
3, 0
3, 0
1, 0x9afa0
0, 0x5ef90
0, 0x9afc0
2, 2
3, 0
3, 0
3, 0
3, 0
3, 0
3, 0
3, 0
3, 0
3, 0
3, 0
3, 0
3, 0
3, 0
3, 0
1, 0x9afc0
0, 0x5efb0
0, 0x9afe0
2, 2
3, 0
3, 0
3, 0
3, 0
3, 0
3, 0
3, 0
3, 0
3, 0
3, 0
3, 0
3, 0
3, 0
3, 0
0, 0x5efd0
0, 0x9b000
0, 0x5eff0
0, 0x9b020
0, 0x5f010
0, 0x9b040
0, 0x5f030
0, 0x9b060
1, 0x9afe0
0, 0x5efd0
0, 0x9b000
2, 2
3, 0
3, 0
3, 0
3, 0
3, 0
3, 0
3, 0
3, 0
3, 0
3, 0
3, 0
3, 0
3, 0
3, 0
1, 0x9b000
0, 0x5eff0
0, 0x9b020
2, 2
3, 0
3, 0
3, 0
3, 0
3, 0
3, 0
3, 0
3, 0
3, 0
3, 0
3, 0
3, 0
3, 0
3, 0
1, 0x9b020
0, 0x5f010
0, 0x9b040
2, 2
3, 0
3, 0
3, 0
3, 0
3, 0
3, 0
3, 0
3, 0
3, 0
3, 0
3, 0
3, 0
3, 0
3, 0
1, 0x9b040
0, 0x5f030
0, 0x9b060
2, 2
3, 0
3, 0
3, 0
3, 0
3, 0
3, 0
3, 0
3, 0
3, 0
3, 0
3, 0
3, 0
3, 0
3, 0
0, 0x5f050
0, 0x9b080
0, 0x5f070
0, 0x9b0a0
0, 0x5f090
0, 0x9b0c0
0, 0x5f0b0
0, 0x9b0e0
1, 0x9b060
0, 0x5f050
0, 0x9b080
2, 2
3, 0
3, 0
3, 0
3, 0
3, 0
3, 0
3, 0
3, 0
3, 0
3, 0
3, 0
3, 0
3, 0
3, 0
1, 0x9b080
0, 0x5f070
0, 0x9b0a0
2, 2
3, 0
3, 0
3, 0
3, 0
3, 0
3, 0
3, 0
3, 0
3, 0
3, 0
3, 0
3, 0
3, 0
3, 0
1, 0x9b0a0
0, 0x5f090
0, 0x9b0c0
2, 2
3, 0
3, 0
3, 0
3, 0
3, 0
3, 0
3, 0
3, 0
3, 0
3, 0
3, 0
3, 0
3, 0
3, 0
1, 0x9b0c0
0, 0x5f0b0
0, 0x9b0e0
2, 2
3, 0
3, 0
3, 0
3, 0
3, 0
3, 0
3, 0
3, 0
3, 0
3, 0
3, 0
3, 0
3, 0
3, 0
0, 0x5f0d0
0, 0x9b100
0, 0x5f0f0
0, 0x9b120
0, 0x5f110
0, 0x9b140
0, 0x5f130
0, 0x9b160
1, 0x9b0e0
0, 0x5f0d0
0, 0x9b100
2, 2
3, 0
3, 0
3, 0
3, 0
3, 0
3, 0
3, 0
3, 0
3, 0
3, 0
3, 0
3, 0
3, 0
3, 0
1, 0x9b100
0, 0x5f0f0
0, 0x9b120
2, 2
3, 0
3, 0
3, 0
3, 0
3, 0
3, 0
3, 0
3, 0
3, 0
3, 0
3, 0
3, 0
3, 0
3, 0
1, 0x9b120
0, 0x5f110
0, 0x9b140
2, 2
3, 0
3, 0
3, 0
3, 0
3, 0
3, 0
3, 0
3, 0
3, 0
3, 0
3, 0
3, 0
3, 0
3, 0
1, 0x9b140
0, 0x5f130
0, 0x9b160
2, 2
3, 0
3, 0
3, 0
3, 0
3, 0
3, 0
3, 0
3, 0
3, 0
3, 0
3, 0
3, 0
3, 0
3, 0
0, 0x5f150
0, 0x9b180
0, 0x5f170
0, 0x9b1a0
0, 0x5f190
0, 0x9b1c0
0, 0x5f1b0
0, 0x9b1e0
1, 0x9b160
0, 0x5f150
0, 0x9b180
2, 2
3, 0
3, 0
3, 0
3, 0
3, 0
3, 0
3, 0
3, 0
3, 0
3, 0
3, 0
3, 0
3, 0
3, 0
1, 0x9b180
0, 0x5f170
0, 0x9b1a0
2, 2
3, 0
3, 0
3, 0
3, 0
3, 0
3, 0
3, 0
3, 0
3, 0
3, 0
3, 0
3, 0
3, 0
3, 0
1, 0x9b1a0
0, 0x5f190
0, 0x9b1c0
2, 2
3, 0
3, 0
3, 0
3, 0
3, 0
3, 0
3, 0
3, 0
3, 0
3, 0
3, 0
3, 0
3, 0
3, 0
1, 0x9b1c0
0, 0x5f1b0
0, 0x9b1e0
2, 2
3, 0
3, 0
3, 0
3, 0
3, 0
3, 0
3, 0
3, 0
3, 0
3, 0
3, 0
3, 0
3, 0
3, 0
0, 0x5f1d0
0, 0x9b200
0, 0x5f1f0
0, 0x9b220
0, 0x5f210
0, 0x9b240
0, 0x5f230
0, 0x9b260
1, 0x9b1e0
0, 0x5f1d0
0, 0x9b200
2, 2
3, 0
3, 0
3, 0
3, 0
3, 0
3, 0
3, 0
3, 0
3, 0
3, 0
3, 0
3, 0
3, 0
3, 0
1, 0x9b200
0, 0x5f1f0
0, 0x9b220
2, 2
3, 0
3, 0
3, 0
3, 0
3, 0
3, 0
3, 0
3, 0
3, 0
3, 0
3, 0
3, 0
3, 0
3, 0
1, 0x9b220
0, 0x5f210
0, 0x9b240
2, 2
3, 0
3, 0
3, 0
3, 0
3, 0
3, 0
3, 0
3, 0
3, 0
3, 0
3, 0
3, 0
3, 0
3, 0
1, 0x9b240
0, 0x5f230
0, 0x9b260
2, 2
3, 0
3, 0
3, 0
3, 0
3, 0
3, 0
3, 0
3, 0
3, 0
3, 0
3, 0
3, 0
3, 0
3, 0
0, 0x5f250
0, 0x9b280
0, 0x5f270
0, 0x9b2a0
0, 0x5f290
0, 0x9b2c0
0, 0x5f2b0
0, 0x9b2e0
1, 0x9b260
0, 0x5f250
0, 0x9b280
2, 2
3, 0
3, 0
3, 0
3, 0
3, 0
3, 0
3, 0
3, 0
3, 0
3, 0
3, 0
3, 0
3, 0
3, 0
1, 0x9b280
0, 0x5f270
0, 0x9b2a0
2, 2
3, 0
3, 0
3, 0
3, 0
3, 0
3, 0
3, 0
3, 0
3, 0
3, 0
3, 0
3, 0
3, 0
3, 0
1, 0x9b2a0
0, 0x5f290
0, 0x9b2c0
2, 2
3, 0
3, 0
3, 0
3, 0
3, 0
3, 0
3, 0
3, 0
3, 0
3, 0
3, 0
3, 0
3, 0
3, 0
1, 0x9b2c0
0, 0x5f2b0
0, 0x9b2e0
2, 2
3, 0
3, 0
3, 0
3, 0
3, 0
3, 0
3, 0
3, 0
3, 0
3, 0
3, 0
3, 0
3, 0
3, 0
0, 0x5f2d0
0, 0x9b300
0, 0x5f2f0
0, 0x9b320
0, 0x5f310
0, 0x9b340
0, 0x5f330
0, 0x9b360
1, 0x9b2e0
0, 0x5f2d0
0, 0x9b300
2, 2
3, 0
3, 0
3, 0
3, 0
3, 0
3, 0
3, 0
3, 0
3, 0
3, 0
3, 0
3, 0
3, 0
3, 0
1, 0x9b300
0, 0x5f2f0
0, 0x9b320
2, 2
3, 0
3, 0
3, 0
3, 0
3, 0
3, 0
3, 0
3, 0
3, 0
3, 0
3, 0
3, 0
3, 0
3, 0
1, 0x9b320
0, 0x5f310
0, 0x9b340
2, 2
3, 0
3, 0
3, 0
3, 0
3, 0
3, 0
3, 0
3, 0
3, 0
3, 0
3, 0
3, 0
3, 0
3, 0
1, 0x9b340
0, 0x5f330
0, 0x9b360
2, 2
3, 0
3, 0
3, 0
3, 0
3, 0
3, 0
3, 0
3, 0
3, 0
3, 0
3, 0
3, 0
3, 0
3, 0
0, 0x5f350
0, 0x9b380
0, 0x5f370
0, 0x9b3a0
0, 0x5f390
0, 0x9b3c0
0, 0x5f3b0
0, 0x9b3e0
1, 0x9b360
0, 0x5f350
0, 0x9b380
2, 2
3, 0
3, 0
3, 0
3, 0
3, 0
3, 0
3, 0
3, 0
3, 0
3, 0
3, 0
3, 0
3, 0
3, 0
1, 0x9b380
0, 0x5f370
0, 0x9b3a0
2, 2
3, 0
3, 0
3, 0
3, 0
3, 0
3, 0
3, 0
3, 0
3, 0
3, 0
3, 0
3, 0
3, 0
3, 0
1, 0x9b3a0
0, 0x5f390
0, 0x9b3c0
2, 2
3, 0
3, 0
3, 0
3, 0
3, 0
3, 0
3, 0
3, 0
3, 0
3, 0
3, 0
3, 0
3, 0
3, 0
1, 0x9b3c0
0, 0x5f3b0
0, 0x9b3e0
2, 2
3, 0
3, 0
3, 0
3, 0
3, 0
3, 0
3, 0
3, 0
3, 0
3, 0
3, 0
3, 0
3, 0
3, 0
0, 0x5f3d0
0, 0x9b400
0, 0x5f3f0
0, 0x9b420
0, 0x5f410
0, 0x9b440
0, 0x5f430
0, 0x9b460
1, 0x9b3e0
0, 0x5f3d0
0, 0x9b400
2, 2
3, 0
3, 0
3, 0
3, 0
3, 0
3, 0
3, 0
3, 0
3, 0
3, 0
3, 0
3, 0
3, 0
3, 0
1, 0x9b400
0, 0x5f3f0
0, 0x9b420
2, 2
3, 0
3, 0
3, 0
3, 0
3, 0
3, 0
3, 0
3, 0
3, 0
3, 0
3, 0
3, 0
3, 0
3, 0
1, 0x9b420
0, 0x5f410
0, 0x9b440
2, 2
3, 0
3, 0
3, 0
3, 0
3, 0
3, 0
3, 0
3, 0
3, 0
3, 0
3, 0
3, 0
3, 0
3, 0
1, 0x9b440
0, 0x5f430
0, 0x9b460
2, 2
3, 0
3, 0
3, 0
3, 0
3, 0
3, 0
3, 0
3, 0
3, 0
3, 0
3, 0
3, 0
3, 0
3, 0
0, 0x5f450
0, 0x9b480
0, 0x5f470
0, 0x9b4a0
0, 0x5f490
0, 0x9b4c0
0, 0x5f4b0
0, 0x9b4e0
1, 0x9b460
0, 0x5f450
0, 0x9b480
2, 2
3, 0
3, 0
3, 0
3, 0
3, 0
3, 0
3, 0
3, 0
3, 0
3, 0
3, 0
3, 0
3, 0
3, 0
1, 0x9b480
0, 0x5f470
0, 0x9b4a0
2, 2
3, 0
3, 0
3, 0
3, 0
3, 0
3, 0
3, 0
3, 0
3, 0
3, 0
3, 0
3, 0
3, 0
3, 0
1, 0x9b4a0
0, 0x5f490
0, 0x9b4c0
2, 2
3, 0
3, 0
3, 0
3, 0
3, 0
3, 0
3, 0
3, 0
3, 0
3, 0
3, 0
3, 0
3, 0
3, 0
1, 0x9b4c0
0, 0x5f4b0
0, 0x9b4e0
2, 2
3, 0
3, 0
3, 0
3, 0
3, 0
3, 0
3, 0
3, 0
3, 0
3, 0
3, 0
3, 0
3, 0
3, 0
0, 0x5f4d0
0, 0x9b500
0, 0x5f4f0
0, 0x9b520
0, 0x5f510
0, 0x9b540
0, 0x5f530
0, 0x9b560
1, 0x9b4e0
0, 0x5f4d0
0, 0x9b500
2, 2
3, 0
3, 0
3, 0
3, 0
3, 0
3, 0
3, 0
3, 0
3, 0
3, 0
3, 0
3, 0
3, 0
3, 0
1, 0x9b500
0, 0x5f4f0
0, 0x9b520
2, 2
3, 0
3, 0
3, 0
3, 0
3, 0
3, 0
3, 0
3, 0
3, 0
3, 0
3, 0
3, 0
3, 0
3, 0
1, 0x9b520
0, 0x5f510
0, 0x9b540
2, 2
3, 0
3, 0
3, 0
3, 0
3, 0
3, 0
3, 0
3, 0
3, 0
3, 0
3, 0
3, 0
3, 0
3, 0
1, 0x9b540
0, 0x5f530
0, 0x9b560
2, 2
3, 0
3, 0
3, 0
3, 0
3, 0
3, 0
3, 0
3, 0
3, 0
3, 0
3, 0
3, 0
3, 0
3, 0
0, 0x5f550
0, 0x9b580
0, 0x5f570
0, 0x9b5a0
0, 0x5f590
0, 0x9b5c0
0, 0x5f5b0
0, 0x9b5e0
1, 0x9b560
0, 0x5f550
0, 0x9b580
2, 2
3, 0
3, 0
3, 0
3, 0
3, 0
3, 0
3, 0
3, 0
3, 0
3, 0
3, 0
3, 0
3, 0
3, 0
1, 0x9b580
0, 0x5f570
0, 0x9b5a0
2, 2
3, 0
3, 0
3, 0
3, 0
3, 0
3, 0
3, 0
3, 0
3, 0
3, 0
3, 0
3, 0
3, 0
3, 0
1, 0x9b5a0
0, 0x5f590
0, 0x9b5c0
2, 2
3, 0
3, 0
3, 0
3, 0
3, 0
3, 0
3, 0
3, 0
3, 0
3, 0
3, 0
3, 0
3, 0
3, 0
1, 0x9b5c0
0, 0x5f5b0
0, 0x9b5e0
2, 2
3, 0
3, 0
3, 0
3, 0
3, 0
3, 0
3, 0
3, 0
3, 0
3, 0
3, 0
3, 0
3, 0
3, 0
0, 0x5f5d0
0, 0x9b600
0, 0x5f5f0
0, 0x9b620
0, 0x5f610
0, 0x9b640
0, 0x5f630
0, 0x9b660
1, 0x9b5e0
0, 0x5f5d0
0, 0x9b600
2, 2
3, 0
3, 0
3, 0
3, 0
3, 0
3, 0
3, 0
3, 0
3, 0
3, 0
3, 0
3, 0
3, 0
3, 0
1, 0x9b600
0, 0x5f5f0
0, 0x9b620
2, 2
3, 0
3, 0
3, 0
3, 0
3, 0
3, 0
3, 0
3, 0
3, 0
3, 0
3, 0
3, 0
3, 0
3, 0
1, 0x9b620
0, 0x5f610
0, 0x9b640
2, 2
3, 0
3, 0
3, 0
3, 0
3, 0
3, 0
3, 0
3, 0
3, 0
3, 0
3, 0
3, 0
3, 0
3, 0
1, 0x9b640
0, 0x5f630
0, 0x9b660
2, 2
3, 0
3, 0
3, 0
3, 0
3, 0
3, 0
3, 0
3, 0
3, 0
3, 0
3, 0
3, 0
3, 0
3, 0
0, 0x5f650
0, 0x9b680
0, 0x5f670
0, 0x9b6a0
0, 0x5f690
0, 0x9b6c0
0, 0x5f6b0
0, 0x9b6e0
1, 0x9b660
0, 0x5f650
0, 0x9b680
2, 2
3, 0
3, 0
3, 0
3, 0
3, 0
3, 0
3, 0
3, 0
3, 0
3, 0
3, 0
3, 0
3, 0
3, 0
1, 0x9b680
0, 0x5f670
0, 0x9b6a0
2, 2
3, 0
3, 0
3, 0
3, 0
3, 0
3, 0
3, 0
3, 0
3, 0
3, 0
3, 0
3, 0
3, 0
3, 0
1, 0x9b6a0
0, 0x5f690
0, 0x9b6c0
2, 2
3, 0
3, 0
3, 0
3, 0
3, 0
3, 0
3, 0
3, 0
3, 0
3, 0
3, 0
3, 0
3, 0
3, 0
1, 0x9b6c0
0, 0x5f6b0
0, 0x9b6e0
2, 2
3, 0
3, 0
3, 0
3, 0
3, 0
3, 0
3, 0
3, 0
3, 0
3, 0
3, 0
3, 0
3, 0
3, 0
0, 0x5f6d0
0, 0x9b700
0, 0x5f6f0
0, 0x9b720
0, 0x5f710
0, 0x9b740
0, 0x5f730
0, 0x9b760
1, 0x9b6e0
0, 0x5f6d0
0, 0x9b700
2, 2
3, 0
3, 0
3, 0
3, 0
3, 0
3, 0
3, 0
3, 0
3, 0
3, 0
3, 0
3, 0
3, 0
3, 0
1, 0x9b700
0, 0x5f6f0
0, 0x9b720
2, 2
3, 0
3, 0
3, 0
3, 0
3, 0
3, 0
3, 0
3, 0
3, 0
3, 0
3, 0
3, 0
3, 0
3, 0
1, 0x9b720
0, 0x5f710
0, 0x9b740
2, 2
3, 0
3, 0
3, 0
3, 0
3, 0
3, 0
3, 0
3, 0
3, 0
3, 0
3, 0
3, 0
3, 0
3, 0
1, 0x9b740
0, 0x5f730
0, 0x9b760
2, 2
3, 0
3, 0
3, 0
3, 0
3, 0
3, 0
3, 0
3, 0
3, 0
3, 0
3, 0
3, 0
3, 0
3, 0
0, 0x5f750
0, 0x9b780
0, 0x5f770
0, 0x9b7a0
0, 0x5f790
0, 0x9b7c0
0, 0x5f7b0
0, 0x9b7e0
1, 0x9b760
0, 0x5f750
0, 0x9b780
2, 2
3, 0
3, 0
3, 0
3, 0
3, 0
3, 0
3, 0
3, 0
3, 0
3, 0
3, 0
3, 0
3, 0
3, 0
1, 0x9b780
0, 0x5f770
0, 0x9b7a0
2, 2
3, 0
3, 0
3, 0
3, 0
3, 0
3, 0
3, 0
3, 0
3, 0
3, 0
3, 0
3, 0
3, 0
3, 0
1, 0x9b7a0
0, 0x5f790
0, 0x9b7c0
2, 2
3, 0
3, 0
3, 0
3, 0
3, 0
3, 0
3, 0
3, 0
3, 0
3, 0
3, 0
3, 0
3, 0
3, 0
1, 0x9b7c0
0, 0x5f7b0
0, 0x9b7e0
2, 2
3, 0
3, 0
3, 0
3, 0
3, 0
3, 0
3, 0
3, 0
3, 0
3, 0
3, 0
3, 0
3, 0
3, 0
0, 0x5f7d0
0, 0x9b800
0, 0x5f7f0
0, 0x9b820
0, 0x5f810
0, 0x9b840
0, 0x5f830
0, 0x9b860
1, 0x9b7e0
0, 0x5f7d0
0, 0x9b800
2, 2
3, 0
3, 0
3, 0
3, 0
3, 0
3, 0
3, 0
3, 0
3, 0
3, 0
3, 0
3, 0
3, 0
3, 0
1, 0x9b800
0, 0x5f7f0
0, 0x9b820
2, 2
3, 0
3, 0
3, 0
3, 0
3, 0
3, 0
3, 0
3, 0
3, 0
3, 0
3, 0
3, 0
3, 0
3, 0
1, 0x9b820
0, 0x5f810
0, 0x9b840
2, 2
3, 0
3, 0
3, 0
3, 0
3, 0
3, 0
3, 0
3, 0
3, 0
3, 0
3, 0
3, 0
3, 0
3, 0
1, 0x9b840
0, 0x5f830
0, 0x9b860
2, 2
3, 0
3, 0
3, 0
3, 0
3, 0
3, 0
3, 0
3, 0
3, 0
3, 0
3, 0
3, 0
3, 0
3, 0
0, 0x5f850
0, 0x9b880
0, 0x5f870
0, 0x9b8a0
0, 0x5f890
0, 0x9b8c0
0, 0x5f8b0
0, 0x9b8e0
1, 0x9b860
0, 0x5f850
0, 0x9b880
2, 2
3, 0
3, 0
3, 0
3, 0
3, 0
3, 0
3, 0
3, 0
3, 0
3, 0
3, 0
3, 0
3, 0
3, 0
1, 0x9b880
0, 0x5f870
0, 0x9b8a0
2, 2
3, 0
3, 0
3, 0
3, 0
3, 0
3, 0
3, 0
3, 0
3, 0
3, 0
3, 0
3, 0
3, 0
3, 0
1, 0x9b8a0
0, 0x5f890
0, 0x9b8c0
2, 2
3, 0
3, 0
3, 0
3, 0
3, 0
3, 0
3, 0
3, 0
3, 0
3, 0
3, 0
3, 0
3, 0
3, 0
1, 0x9b8c0
0, 0x5f8b0
0, 0x9b8e0
2, 2
3, 0
3, 0
3, 0
3, 0
3, 0
3, 0
3, 0
3, 0
3, 0
3, 0
3, 0
3, 0
3, 0
3, 0
0, 0x5f8d0
0, 0x9b900
0, 0x5f8f0
0, 0x9b920
0, 0x5f910
0, 0x9b940
0, 0x5f930
0, 0x9b960
1, 0x9b8e0
0, 0x5f8d0
0, 0x9b900
2, 2
3, 0
3, 0
3, 0
3, 0
3, 0
3, 0
3, 0
3, 0
3, 0
3, 0
3, 0
3, 0
3, 0
3, 0
1, 0x9b900
0, 0x5f8f0
0, 0x9b920
2, 2
3, 0
3, 0
3, 0
3, 0
3, 0
3, 0
3, 0
3, 0
3, 0
3, 0
3, 0
3, 0
3, 0
3, 0
1, 0x9b920
0, 0x5f910
0, 0x9b940
2, 2
3, 0
3, 0
3, 0
3, 0
3, 0
3, 0
3, 0
3, 0
3, 0
3, 0
3, 0
3, 0
3, 0
3, 0
1, 0x9b940
0, 0x5f930
0, 0x9b960
2, 2
3, 0
3, 0
3, 0
3, 0
3, 0
3, 0
3, 0
3, 0
3, 0
3, 0
3, 0
3, 0
3, 0
3, 0
0, 0x5f950
0, 0x9b980
0, 0x5f970
0, 0x9b9a0
0, 0x5f990
0, 0x9b9c0
0, 0x5f9b0
0, 0x9b9e0
1, 0x9b960
0, 0x5f950
0, 0x9b980
2, 2
3, 0
3, 0
3, 0
3, 0
3, 0
3, 0
3, 0
3, 0
3, 0
3, 0
3, 0
3, 0
3, 0
3, 0
1, 0x9b980
0, 0x5f970
0, 0x9b9a0
2, 2
3, 0
3, 0
3, 0
3, 0
3, 0
3, 0
3, 0
3, 0
3, 0
3, 0
3, 0
3, 0
3, 0
3, 0
1, 0x9b9a0
0, 0x5f990
0, 0x9b9c0
2, 2
3, 0
3, 0
3, 0
3, 0
3, 0
3, 0
3, 0
3, 0
3, 0
3, 0
3, 0
3, 0
3, 0
3, 0
1, 0x9b9c0
0, 0x5f9b0
0, 0x9b9e0
2, 2
3, 0
3, 0
3, 0
3, 0
3, 0
3, 0
3, 0
3, 0
3, 0
3, 0
3, 0
3, 0
3, 0
3, 0
0, 0x5f9d0
0, 0x9ba00
0, 0x5f9f0
0, 0x9ba20
0, 0x5fa10
0, 0x9ba40
0, 0x5fa30
0, 0x9ba60
1, 0x9b9e0
0, 0x5f9d0
0, 0x9ba00
2, 2
3, 0
3, 0
3, 0
3, 0
3, 0
3, 0
3, 0
3, 0
3, 0
3, 0
3, 0
3, 0
3, 0
3, 0
1, 0x9ba00
0, 0x5f9f0
0, 0x9ba20
2, 2
3, 0
3, 0
3, 0
3, 0
3, 0
3, 0
3, 0
3, 0
3, 0
3, 0
3, 0
3, 0
3, 0
3, 0
1, 0x9ba20
0, 0x5fa10
0, 0x9ba40
2, 2
3, 0
3, 0
3, 0
3, 0
3, 0
3, 0
3, 0
3, 0
3, 0
3, 0
3, 0
3, 0
3, 0
3, 0
1, 0x9ba40
0, 0x5fa30
0, 0x9ba60
2, 2
3, 0
3, 0
3, 0
3, 0
3, 0
3, 0
3, 0
3, 0
3, 0
3, 0
3, 0
3, 0
3, 0
3, 0
0, 0x5fa50
0, 0x9ba80
0, 0x5fa70
0, 0x9baa0
0, 0x5fa90
0, 0x9bac0
0, 0x5fab0
0, 0x9bae0
1, 0x9ba60
0, 0x5fa50
0, 0x9ba80
2, 2
3, 0
3, 0
3, 0
3, 0
3, 0
3, 0
3, 0
3, 0
3, 0
3, 0
3, 0
3, 0
3, 0
3, 0
1, 0x9ba80
0, 0x5fa70
0, 0x9baa0
2, 2
3, 0
3, 0
3, 0
3, 0
3, 0
3, 0
3, 0
3, 0
3, 0
3, 0
3, 0
3, 0
3, 0
3, 0
1, 0x9baa0
0, 0x5fa90
0, 0x9bac0
2, 2
3, 0
3, 0
3, 0
3, 0
3, 0
3, 0
3, 0
3, 0
3, 0
3, 0
3, 0
3, 0
3, 0
3, 0
1, 0x9bac0
0, 0x5fab0
0, 0x9bae0
2, 2
3, 0
3, 0
3, 0
3, 0
3, 0
3, 0
3, 0
3, 0
3, 0
3, 0
3, 0
3, 0
3, 0
3, 0
0, 0x5fad0
0, 0x9bb00
0, 0x5faf0
0, 0x9bb20
0, 0x5fb10
0, 0x9bb40
0, 0x5fb30
0, 0x9bb60
1, 0x9bae0
0, 0x5fad0
0, 0x9bb00
2, 2
3, 0
3, 0
3, 0
3, 0
3, 0
3, 0
3, 0
3, 0
3, 0
3, 0
3, 0
3, 0
3, 0
3, 0
1, 0x9bb00
0, 0x5faf0
0, 0x9bb20
2, 2
3, 0
3, 0
3, 0
3, 0
3, 0
3, 0
3, 0
3, 0
3, 0
3, 0
3, 0
3, 0
3, 0
3, 0
1, 0x9bb20
0, 0x5fb10
0, 0x9bb40
2, 2
3, 0
3, 0
3, 0
3, 0
3, 0
3, 0
3, 0
3, 0
3, 0
3, 0
3, 0
3, 0
3, 0
3, 0
1, 0x9bb40
0, 0x5fb30
0, 0x9bb60
2, 2
3, 0
3, 0
3, 0
3, 0
3, 0
3, 0
3, 0
3, 0
3, 0
3, 0
3, 0
3, 0
3, 0
3, 0
0, 0x5fb50
0, 0x9bb80
0, 0x5fb70
0, 0x9bba0
0, 0x5fb90
0, 0x9bbc0
0, 0x5fbb0
0, 0x9bbe0
1, 0x9bb60
0, 0x5fb50
0, 0x9bb80
2, 2
3, 0
3, 0
3, 0
3, 0
3, 0
3, 0
3, 0
3, 0
3, 0
3, 0
3, 0
3, 0
3, 0
3, 0
1, 0x9bb80
0, 0x5fb70
0, 0x9bba0
2, 2
3, 0
3, 0
3, 0
3, 0
3, 0
3, 0
3, 0
3, 0
3, 0
3, 0
3, 0
3, 0
3, 0
3, 0
1, 0x9bba0
0, 0x5fb90
0, 0x9bbc0
2, 2
3, 0
3, 0
3, 0
3, 0
3, 0
3, 0
3, 0
3, 0
3, 0
3, 0
3, 0
3, 0
3, 0
3, 0
1, 0x9bbc0
0, 0x5fbb0
0, 0x9bbe0
2, 2
3, 0
3, 0
3, 0
3, 0
3, 0
3, 0
3, 0
3, 0
3, 0
3, 0
3, 0
3, 0
3, 0
3, 0
0, 0x5fbd0
0, 0x9bc00
0, 0x5fbf0
0, 0x9bc20
0, 0x5fc10
0, 0x9bc40
0, 0x5fc30
0, 0x9bc60
1, 0x9bbe0
0, 0x5fbd0
0, 0x9bc00
2, 2
3, 0
3, 0
3, 0
3, 0
3, 0
3, 0
3, 0
3, 0
3, 0
3, 0
3, 0
3, 0
3, 0
3, 0
1, 0x9bc00
0, 0x5fbf0
0, 0x9bc20
2, 2
3, 0
3, 0
3, 0
3, 0
3, 0
3, 0
3, 0
3, 0
3, 0
3, 0
3, 0
3, 0
3, 0
3, 0
1, 0x9bc20
0, 0x5fc10
0, 0x9bc40
2, 2
3, 0
3, 0
3, 0
3, 0
3, 0
3, 0
3, 0
3, 0
3, 0
3, 0
3, 0
3, 0
3, 0
3, 0
1, 0x9bc40
0, 0x5fc30
0, 0x9bc60
2, 2
3, 0
3, 0
3, 0
3, 0
3, 0
3, 0
3, 0
3, 0
3, 0
3, 0
3, 0
3, 0
3, 0
3, 0
0, 0x5fc50
0, 0x9bc80
0, 0x5fc70
0, 0x9bca0
0, 0x5fc90
0, 0x9bcc0
0, 0x5fcb0
0, 0x9bce0
1, 0x9bc60
0, 0x5fc50
0, 0x9bc80
2, 2
3, 0
3, 0
3, 0
3, 0
3, 0
3, 0
3, 0
3, 0
3, 0
3, 0
3, 0
3, 0
3, 0
3, 0
1, 0x9bc80
0, 0x5fc70
0, 0x9bca0
2, 2
3, 0
3, 0
3, 0
3, 0
3, 0
3, 0
3, 0
3, 0
3, 0
3, 0
3, 0
3, 0
3, 0
3, 0
1, 0x9bca0
0, 0x5fc90
0, 0x9bcc0
2, 2
3, 0
3, 0
3, 0
3, 0
3, 0
3, 0
3, 0
3, 0
3, 0
3, 0
3, 0
3, 0
3, 0
3, 0
1, 0x9bcc0
0, 0x5fcb0
0, 0x9bce0
2, 2
3, 0
3, 0
3, 0
3, 0
3, 0
3, 0
3, 0
3, 0
3, 0
3, 0
3, 0
3, 0
3, 0
3, 0
0, 0x5fcd0
0, 0x9bd00
0, 0x5fcf0
0, 0x9bd20
0, 0x5fd10
0, 0x9bd40
0, 0x5fd30
0, 0x9bd60
1, 0x9bce0
0, 0x5fcd0
0, 0x9bd00
2, 2
3, 0
3, 0
3, 0
3, 0
3, 0
3, 0
3, 0
3, 0
3, 0
3, 0
3, 0
3, 0
3, 0
3, 0
1, 0x9bd00
0, 0x5fcf0
0, 0x9bd20
2, 2
3, 0
3, 0
3, 0
3, 0
3, 0
3, 0
3, 0
3, 0
3, 0
3, 0
3, 0
3, 0
3, 0
3, 0
1, 0x9bd20
0, 0x5fd10
0, 0x9bd40
2, 2
3, 0
3, 0
3, 0
3, 0
3, 0
3, 0
3, 0
3, 0
3, 0
3, 0
3, 0
3, 0
3, 0
3, 0
1, 0x9bd40
0, 0x5fd30
0, 0x9bd60
2, 2
3, 0
3, 0
3, 0
3, 0
3, 0
3, 0
3, 0
3, 0
3, 0
3, 0
3, 0
3, 0
3, 0
3, 0
0, 0x5fd50
0, 0x9bd80
0, 0x5fd70
0, 0x9bda0
0, 0x5fd90
0, 0x9bdc0
0, 0x5fdb0
0, 0x9bde0
1, 0x9bd60
0, 0x5fd50
0, 0x9bd80
2, 2
3, 0
3, 0
3, 0
3, 0
3, 0
3, 0
3, 0
3, 0
3, 0
3, 0
3, 0
3, 0
3, 0
3, 0
1, 0x9bd80
0, 0x5fd70
0, 0x9bda0
2, 2
3, 0
3, 0
3, 0
3, 0
3, 0
3, 0
3, 0
3, 0
3, 0
3, 0
3, 0
3, 0
3, 0
3, 0
1, 0x9bda0
0, 0x5fd90
0, 0x9bdc0
2, 2
3, 0
3, 0
3, 0
3, 0
3, 0
3, 0
3, 0
3, 0
3, 0
3, 0
3, 0
3, 0
3, 0
3, 0
1, 0x9bdc0
0, 0x5fdb0
0, 0x9bde0
2, 2
3, 0
3, 0
3, 0
3, 0
3, 0
3, 0
3, 0
3, 0
3, 0
3, 0
3, 0
3, 0
3, 0
3, 0
0, 0x5fdd0
0, 0x9be00
0, 0x5fdf0
0, 0x9be20
0, 0x5fe10
0, 0x9be40
0, 0x5fe30
0, 0x9be60
1, 0x9bde0
0, 0x5fdd0
0, 0x9be00
2, 2
3, 0
3, 0
3, 0
3, 0
3, 0
3, 0
3, 0
3, 0
3, 0
3, 0
3, 0
3, 0
3, 0
3, 0
1, 0x9be00
0, 0x5fdf0
0, 0x9be20
2, 2
3, 0
3, 0
3, 0
3, 0
3, 0
3, 0
3, 0
3, 0
3, 0
3, 0
3, 0
3, 0
3, 0
3, 0
1, 0x9be20
0, 0x5fe10
0, 0x9be40
2, 2
3, 0
3, 0
3, 0
3, 0
3, 0
3, 0
3, 0
3, 0
3, 0
3, 0
3, 0
3, 0
3, 0
3, 0
1, 0x9be40
0, 0x5fe30
0, 0x9be60
2, 2
3, 0
3, 0
3, 0
3, 0
3, 0
3, 0
3, 0
3, 0
3, 0
3, 0
3, 0
3, 0
3, 0
3, 0
0, 0x5fe50
0, 0x9be80
0, 0x5fe70
0, 0x9bea0
0, 0x5fe90
0, 0x9bec0
0, 0x5feb0
0, 0x9bee0
1, 0x9be60
0, 0x5fe50
0, 0x9be80
2, 2
3, 0
3, 0
3, 0
3, 0
3, 0
3, 0
3, 0
3, 0
3, 0
3, 0
3, 0
3, 0
3, 0
3, 0
1, 0x9be80
0, 0x5fe70
0, 0x9bea0
2, 2
3, 0
3, 0
3, 0
3, 0
3, 0
3, 0
3, 0
3, 0
3, 0
3, 0
3, 0
3, 0
3, 0
3, 0
1, 0x9bea0
0, 0x5fe90
0, 0x9bec0
2, 2
3, 0
3, 0
3, 0
3, 0
3, 0
3, 0
3, 0
3, 0
3, 0
3, 0
3, 0
3, 0
3, 0
3, 0
1, 0x9bec0
0, 0x5feb0
0, 0x9bee0
2, 2
3, 0
3, 0
3, 0
3, 0
3, 0
3, 0
3, 0
3, 0
3, 0
3, 0
3, 0
3, 0
3, 0
3, 0
0, 0x5fed0
0, 0x9bf00
0, 0x5fef0
0, 0x9bf20
0, 0x5ff10
0, 0x9bf40
0, 0x5ff30
0, 0x9bf60
1, 0x9bee0
0, 0x5fed0
0, 0x9bf00
2, 2
3, 0
3, 0
3, 0
3, 0
3, 0
3, 0
3, 0
3, 0
3, 0
3, 0
3, 0
3, 0
3, 0
3, 0
1, 0x9bf00
0, 0x5fef0
0, 0x9bf20
2, 2
3, 0
3, 0
3, 0
3, 0
3, 0
3, 0
3, 0
3, 0
3, 0
3, 0
3, 0
3, 0
3, 0
3, 0
1, 0x9bf20
0, 0x5ff10
0, 0x9bf40
2, 2
3, 0
3, 0
3, 0
3, 0
3, 0
3, 0
3, 0
3, 0
3, 0
3, 0
3, 0
3, 0
3, 0
3, 0
1, 0x9bf40
0, 0x5ff30
0, 0x9bf60
2, 2
3, 0
3, 0
3, 0
3, 0
3, 0
3, 0
3, 0
3, 0
3, 0
3, 0
3, 0
3, 0
3, 0
3, 0
0, 0x5ff50
0, 0x9bf80
0, 0x5ff70
0, 0x9bfa0
0, 0x5ff90
0, 0x9bfc0
0, 0x5ffb0
0, 0x9bfe0
1, 0x9bf60
0, 0x5ff50
0, 0x9bf80
2, 2
3, 0
3, 0
3, 0
3, 0
3, 0
3, 0
3, 0
3, 0
3, 0
3, 0
3, 0
3, 0
3, 0
3, 0
1, 0x9bf80
0, 0x5ff70
0, 0x9bfa0
2, 2
3, 0
3, 0
3, 0
3, 0
3, 0
3, 0
3, 0
3, 0
3, 0
3, 0
3, 0
3, 0
3, 0
3, 0
1, 0x9bfa0
0, 0x5ff90
0, 0x9bfc0
2, 2
3, 0
3, 0
3, 0
3, 0
3, 0
3, 0
3, 0
3, 0
3, 0
3, 0
3, 0
3, 0
3, 0
3, 0
1, 0x9bfc0
0, 0x5ffb0
0, 0x9bfe0
2, 2
3, 0
3, 0
3, 0
3, 0
3, 0
3, 0
3, 0
3, 0
3, 0
3, 0
3, 0
3, 0
3, 0
3, 0
0, 0x5ffd0
0, 0x9c000
0, 0x5fff0
0, 0x9c020
0, 0x60010
0, 0x9c040
0, 0x60030
0, 0x9c060
1, 0x9bfe0
0, 0x5ffd0
0, 0x9c000
2, 2
3, 0
3, 0
3, 0
3, 0
3, 0
3, 0
3, 0
3, 0
3, 0
3, 0
3, 0
3, 0
3, 0
3, 0
1, 0x9c000
0, 0x5fff0
0, 0x9c020
2, 2
3, 0
3, 0
3, 0
3, 0
3, 0
3, 0
3, 0
3, 0
3, 0
3, 0
3, 0
3, 0
3, 0
3, 0
1, 0x9c020
0, 0x60010
0, 0x9c040
2, 2
3, 0
3, 0
3, 0
3, 0
3, 0
3, 0
3, 0
3, 0
3, 0
3, 0
3, 0
3, 0
3, 0
3, 0
1, 0x9c040
0, 0x60030
0, 0x9c060
2, 2
3, 0
3, 0
3, 0
3, 0
3, 0
3, 0
3, 0
3, 0
3, 0
3, 0
3, 0
3, 0
3, 0
3, 0
0, 0x60050
0, 0x9c080
0, 0x60070
0, 0x9c0a0
0, 0x60090
0, 0x9c0c0
0, 0x600b0
0, 0x9c0e0
1, 0x9c060
0, 0x60050
0, 0x9c080
2, 2
3, 0
3, 0
3, 0
3, 0
3, 0
3, 0
3, 0
3, 0
3, 0
3, 0
3, 0
3, 0
3, 0
3, 0
1, 0x9c080
0, 0x60070
0, 0x9c0a0
2, 2
3, 0
3, 0
3, 0
3, 0
3, 0
3, 0
3, 0
3, 0
3, 0
3, 0
3, 0
3, 0
3, 0
3, 0
1, 0x9c0a0
0, 0x60090
0, 0x9c0c0
2, 2
3, 0
3, 0
3, 0
3, 0
3, 0
3, 0
3, 0
3, 0
3, 0
3, 0
3, 0
3, 0
3, 0
3, 0
1, 0x9c0c0
0, 0x600b0
0, 0x9c0e0
2, 2
3, 0
3, 0
3, 0
3, 0
3, 0
3, 0
3, 0
3, 0
3, 0
3, 0
3, 0
3, 0
3, 0
3, 0
0, 0x600d0
0, 0x9c100
0, 0x600f0
0, 0x9c120
0, 0x60110
0, 0x9c140
0, 0x60130
0, 0x9c160
1, 0x9c0e0
0, 0x600d0
0, 0x9c100
2, 2
3, 0
3, 0
3, 0
3, 0
3, 0
3, 0
3, 0
3, 0
3, 0
3, 0
3, 0
3, 0
3, 0
3, 0
1, 0x9c100
0, 0x600f0
0, 0x9c120
2, 2
3, 0
3, 0
3, 0
3, 0
3, 0
3, 0
3, 0
3, 0
3, 0
3, 0
3, 0
3, 0
3, 0
3, 0
1, 0x9c120
0, 0x60110
0, 0x9c140
2, 2
3, 0
3, 0
3, 0
3, 0
3, 0
3, 0
3, 0
3, 0
3, 0
3, 0
3, 0
3, 0
3, 0
3, 0
1, 0x9c140
0, 0x60130
0, 0x9c160
2, 2
3, 0
3, 0
3, 0
3, 0
3, 0
3, 0
3, 0
3, 0
3, 0
3, 0
3, 0
3, 0
3, 0
3, 0
0, 0x60150
0, 0x9c180
0, 0x60170
0, 0x9c1a0
0, 0x60190
0, 0x9c1c0
0, 0x601b0
0, 0x9c1e0
1, 0x9c160
0, 0x60150
0, 0x9c180
2, 2
3, 0
3, 0
3, 0
3, 0
3, 0
3, 0
3, 0
3, 0
3, 0
3, 0
3, 0
3, 0
3, 0
3, 0
1, 0x9c180
0, 0x60170
0, 0x9c1a0
2, 2
3, 0
3, 0
3, 0
3, 0
3, 0
3, 0
3, 0
3, 0
3, 0
3, 0
3, 0
3, 0
3, 0
3, 0
1, 0x9c1a0
0, 0x60190
0, 0x9c1c0
2, 2
3, 0
3, 0
3, 0
3, 0
3, 0
3, 0
3, 0
3, 0
3, 0
3, 0
3, 0
3, 0
3, 0
3, 0
1, 0x9c1c0
0, 0x601b0
0, 0x9c1e0
2, 2
3, 0
3, 0
3, 0
3, 0
3, 0
3, 0
3, 0
3, 0
3, 0
3, 0
3, 0
3, 0
3, 0
3, 0
0, 0x601d0
0, 0x9c200
0, 0x601f0
0, 0x9c220
0, 0x60210
0, 0x9c240
0, 0x60230
0, 0x9c260
1, 0x9c1e0
0, 0x601d0
0, 0x9c200
2, 2
3, 0
3, 0
3, 0
3, 0
3, 0
3, 0
3, 0
3, 0
3, 0
3, 0
3, 0
3, 0
3, 0
3, 0
1, 0x9c200
0, 0x601f0
0, 0x9c220
2, 2
3, 0
3, 0
3, 0
3, 0
3, 0
3, 0
3, 0
3, 0
3, 0
3, 0
3, 0
3, 0
3, 0
3, 0
1, 0x9c220
0, 0x60210
0, 0x9c240
2, 2
3, 0
3, 0
3, 0
3, 0
3, 0
3, 0
3, 0
3, 0
3, 0
3, 0
3, 0
3, 0
3, 0
3, 0
1, 0x9c240
0, 0x60230
0, 0x9c260
2, 2
3, 0
3, 0
3, 0
3, 0
3, 0
3, 0
3, 0
3, 0
3, 0
3, 0
3, 0
3, 0
3, 0
3, 0
0, 0x60250
0, 0x9c280
0, 0x60270
0, 0x9c2a0
0, 0x60290
0, 0x9c2c0
0, 0x602b0
0, 0x9c2e0
1, 0x9c260
0, 0x60250
0, 0x9c280
2, 2
3, 0
3, 0
3, 0
3, 0
3, 0
3, 0
3, 0
3, 0
3, 0
3, 0
3, 0
3, 0
3, 0
3, 0
1, 0x9c280
0, 0x60270
0, 0x9c2a0
2, 2
3, 0
3, 0
3, 0
3, 0
3, 0
3, 0
3, 0
3, 0
3, 0
3, 0
3, 0
3, 0
3, 0
3, 0
1, 0x9c2a0
0, 0x60290
0, 0x9c2c0
2, 2
3, 0
3, 0
3, 0
3, 0
3, 0
3, 0
3, 0
3, 0
3, 0
3, 0
3, 0
3, 0
3, 0
3, 0
1, 0x9c2c0
0, 0x602b0
0, 0x9c2e0
2, 2
3, 0
3, 0
3, 0
3, 0
3, 0
3, 0
3, 0
3, 0
3, 0
3, 0
3, 0
3, 0
3, 0
3, 0
0, 0x602d0
0, 0x9c300
0, 0x602f0
0, 0x9c320
0, 0x60310
0, 0x9c340
0, 0x60330
0, 0x9c360
1, 0x9c2e0
0, 0x602d0
0, 0x9c300
2, 2
3, 0
3, 0
3, 0
3, 0
3, 0
3, 0
3, 0
3, 0
3, 0
3, 0
3, 0
3, 0
3, 0
3, 0
1, 0x9c300
0, 0x602f0
0, 0x9c320
2, 2
3, 0
3, 0
3, 0
3, 0
3, 0
3, 0
3, 0
3, 0
3, 0
3, 0
3, 0
3, 0
3, 0
3, 0
1, 0x9c320
0, 0x60310
0, 0x9c340
2, 2
3, 0
3, 0
3, 0
3, 0
3, 0
3, 0
3, 0
3, 0
3, 0
3, 0
3, 0
3, 0
3, 0
3, 0
1, 0x9c340
0, 0x60330
0, 0x9c360
2, 2
3, 0
3, 0
3, 0
3, 0
3, 0
3, 0
3, 0
3, 0
3, 0
3, 0
3, 0
3, 0
3, 0
3, 0
0, 0x60350
0, 0x9c380
0, 0x60370
0, 0x9c3a0
0, 0x60390
0, 0x9c3c0
0, 0x603b0
0, 0x9c3e0
1, 0x9c360
0, 0x60350
0, 0x9c380
2, 2
3, 0
3, 0
3, 0
3, 0
3, 0
3, 0
3, 0
3, 0
3, 0
3, 0
3, 0
3, 0
3, 0
3, 0
1, 0x9c380
0, 0x60370
0, 0x9c3a0
2, 2
3, 0
3, 0
3, 0
3, 0
3, 0
3, 0
3, 0
3, 0
3, 0
3, 0
3, 0
3, 0
3, 0
3, 0
1, 0x9c3a0
0, 0x60390
0, 0x9c3c0
2, 2
3, 0
3, 0
3, 0
3, 0
3, 0
3, 0
3, 0
3, 0
3, 0
3, 0
3, 0
3, 0
3, 0
3, 0
1, 0x9c3c0
0, 0x603b0
0, 0x9c3e0
2, 2
3, 0
3, 0
3, 0
3, 0
3, 0
3, 0
3, 0
3, 0
3, 0
3, 0
3, 0
3, 0
3, 0
3, 0
0, 0x603d0
0, 0x9c400
0, 0x603f0
0, 0x9c420
0, 0x60410
0, 0x9c440
0, 0x60430
0, 0x9c460
1, 0x9c3e0
0, 0x603d0
0, 0x9c400
2, 2
3, 0
3, 0
3, 0
3, 0
3, 0
3, 0
3, 0
3, 0
3, 0
3, 0
3, 0
3, 0
3, 0
3, 0
1, 0x9c400
0, 0x603f0
0, 0x9c420
2, 2
3, 0
3, 0
3, 0
3, 0
3, 0
3, 0
3, 0
3, 0
3, 0
3, 0
3, 0
3, 0
3, 0
3, 0
1, 0x9c420
0, 0x60410
0, 0x9c440
2, 2
3, 0
3, 0
3, 0
3, 0
3, 0
3, 0
3, 0
3, 0
3, 0
3, 0
3, 0
3, 0
3, 0
3, 0
1, 0x9c440
0, 0x60430
0, 0x9c460
2, 2
3, 0
3, 0
3, 0
3, 0
3, 0
3, 0
3, 0
3, 0
3, 0
3, 0
3, 0
3, 0
3, 0
3, 0
0, 0x60450
0, 0x9c480
0, 0x60470
0, 0x9c4a0
0, 0x60490
0, 0x9c4c0
0, 0x604b0
0, 0x9c4e0
1, 0x9c460
0, 0x60450
0, 0x9c480
2, 2
3, 0
3, 0
3, 0
3, 0
3, 0
3, 0
3, 0
3, 0
3, 0
3, 0
3, 0
3, 0
3, 0
3, 0
1, 0x9c480
0, 0x60470
0, 0x9c4a0
2, 2
3, 0
3, 0
3, 0
3, 0
3, 0
3, 0
3, 0
3, 0
3, 0
3, 0
3, 0
3, 0
3, 0
3, 0
1, 0x9c4a0
0, 0x60490
0, 0x9c4c0
2, 2
3, 0
3, 0
3, 0
3, 0
3, 0
3, 0
3, 0
3, 0
3, 0
3, 0
3, 0
3, 0
3, 0
3, 0
1, 0x9c4c0
0, 0x604b0
0, 0x9c4e0
2, 2
3, 0
3, 0
3, 0
3, 0
3, 0
3, 0
3, 0
3, 0
3, 0
3, 0
3, 0
3, 0
3, 0
3, 0
0, 0x604d0
0, 0x9c500
0, 0x604f0
0, 0x9c520
0, 0x60510
0, 0x9c540
0, 0x60530
0, 0x9c560
1, 0x9c4e0
0, 0x604d0
0, 0x9c500
2, 2
3, 0
3, 0
3, 0
3, 0
3, 0
3, 0
3, 0
3, 0
3, 0
3, 0
3, 0
3, 0
3, 0
3, 0
1, 0x9c500
0, 0x604f0
0, 0x9c520
2, 2
3, 0
3, 0
3, 0
3, 0
3, 0
3, 0
3, 0
3, 0
3, 0
3, 0
3, 0
3, 0
3, 0
3, 0
1, 0x9c520
0, 0x60510
0, 0x9c540
2, 2
3, 0
3, 0
3, 0
3, 0
3, 0
3, 0
3, 0
3, 0
3, 0
3, 0
3, 0
3, 0
3, 0
3, 0
1, 0x9c540
0, 0x60530
0, 0x9c560
2, 2
3, 0
3, 0
3, 0
3, 0
3, 0
3, 0
3, 0
3, 0
3, 0
3, 0
3, 0
3, 0
3, 0
3, 0
0, 0x60550
0, 0x9c580
0, 0x60570
0, 0x9c5a0
0, 0x60590
0, 0x9c5c0
0, 0x605b0
0, 0x9c5e0
1, 0x9c560
0, 0x60550
0, 0x9c580
2, 2
3, 0
3, 0
3, 0
3, 0
3, 0
3, 0
3, 0
3, 0
3, 0
3, 0
3, 0
3, 0
3, 0
3, 0
1, 0x9c580
0, 0x60570
0, 0x9c5a0
2, 2
3, 0
3, 0
3, 0
3, 0
3, 0
3, 0
3, 0
3, 0
3, 0
3, 0
3, 0
3, 0
3, 0
3, 0
1, 0x9c5a0
0, 0x60590
0, 0x9c5c0
2, 2
3, 0
3, 0
3, 0
3, 0
3, 0
3, 0
3, 0
3, 0
3, 0
3, 0
3, 0
3, 0
3, 0
3, 0
1, 0x9c5c0
0, 0x605b0
0, 0x9c5e0
2, 2
3, 0
3, 0
3, 0
3, 0
3, 0
3, 0
3, 0
3, 0
3, 0
3, 0
3, 0
3, 0
3, 0
3, 0
0, 0x605d0
0, 0x9c600
0, 0x605f0
0, 0x9c620
0, 0x60610
0, 0x9c640
0, 0x60630
0, 0x9c660
1, 0x9c5e0
0, 0x605d0
0, 0x9c600
2, 2
3, 0
3, 0
3, 0
3, 0
3, 0
3, 0
3, 0
3, 0
3, 0
3, 0
3, 0
3, 0
3, 0
3, 0
1, 0x9c600
0, 0x605f0
0, 0x9c620
2, 2
3, 0
3, 0
3, 0
3, 0
3, 0
3, 0
3, 0
3, 0
3, 0
3, 0
3, 0
3, 0
3, 0
3, 0
1, 0x9c620
0, 0x60610
0, 0x9c640
2, 2
3, 0
3, 0
3, 0
3, 0
3, 0
3, 0
3, 0
3, 0
3, 0
3, 0
3, 0
3, 0
3, 0
3, 0
1, 0x9c640
0, 0x60630
0, 0x9c660
2, 2
3, 0
3, 0
3, 0
3, 0
3, 0
3, 0
3, 0
3, 0
3, 0
3, 0
3, 0
3, 0
3, 0
3, 0
0, 0x60650
0, 0x9c680
0, 0x60670
0, 0x9c6a0
0, 0x60690
0, 0x9c6c0
0, 0x606b0
0, 0x9c6e0
1, 0x9c660
0, 0x60650
0, 0x9c680
2, 2
3, 0
3, 0
3, 0
3, 0
3, 0
3, 0
3, 0
3, 0
3, 0
3, 0
3, 0
3, 0
3, 0
3, 0
1, 0x9c680
0, 0x60670
0, 0x9c6a0
2, 2
3, 0
3, 0
3, 0
3, 0
3, 0
3, 0
3, 0
3, 0
3, 0
3, 0
3, 0
3, 0
3, 0
3, 0
1, 0x9c6a0
0, 0x60690
0, 0x9c6c0
2, 2
3, 0
3, 0
3, 0
3, 0
3, 0
3, 0
3, 0
3, 0
3, 0
3, 0
3, 0
3, 0
3, 0
3, 0
1, 0x9c6c0
0, 0x606b0
0, 0x9c6e0
2, 2
3, 0
3, 0
3, 0
3, 0
3, 0
3, 0
3, 0
3, 0
3, 0
3, 0
3, 0
3, 0
3, 0
3, 0
0, 0x606d0
0, 0x9c700
0, 0x606f0
0, 0x9c720
0, 0x60710
0, 0x9c740
0, 0x60730
0, 0x9c760
1, 0x9c6e0
0, 0x606d0
0, 0x9c700
2, 2
3, 0
3, 0
3, 0
3, 0
3, 0
3, 0
3, 0
3, 0
3, 0
3, 0
3, 0
3, 0
3, 0
3, 0
1, 0x9c700
0, 0x606f0
0, 0x9c720
2, 2
3, 0
3, 0
3, 0
3, 0
3, 0
3, 0
3, 0
3, 0
3, 0
3, 0
3, 0
3, 0
3, 0
3, 0
1, 0x9c720
0, 0x60710
0, 0x9c740
2, 2
3, 0
3, 0
3, 0
3, 0
3, 0
3, 0
3, 0
3, 0
3, 0
3, 0
3, 0
3, 0
3, 0
3, 0
1, 0x9c740
0, 0x60730
0, 0x9c760
2, 2
3, 0
3, 0
3, 0
3, 0
3, 0
3, 0
3, 0
3, 0
3, 0
3, 0
3, 0
3, 0
3, 0
3, 0
0, 0x60750
0, 0x9c780
0, 0x60770
0, 0x9c7a0
0, 0x60790
0, 0x9c7c0
0, 0x607b0
0, 0x9c7e0
1, 0x9c760
0, 0x60750
0, 0x9c780
2, 2
3, 0
3, 0
3, 0
3, 0
3, 0
3, 0
3, 0
3, 0
3, 0
3, 0
3, 0
3, 0
3, 0
3, 0
1, 0x9c780
0, 0x60770
0, 0x9c7a0
2, 2
3, 0
3, 0
3, 0
3, 0
3, 0
3, 0
3, 0
3, 0
3, 0
3, 0
3, 0
3, 0
3, 0
3, 0
1, 0x9c7a0
0, 0x60790
0, 0x9c7c0
2, 2
3, 0
3, 0
3, 0
3, 0
3, 0
3, 0
3, 0
3, 0
3, 0
3, 0
3, 0
3, 0
3, 0
3, 0
1, 0x9c7c0
0, 0x607b0
0, 0x9c7e0
2, 2
3, 0
3, 0
3, 0
3, 0
3, 0
3, 0
3, 0
3, 0
3, 0
3, 0
3, 0
3, 0
3, 0
3, 0
0, 0x607d0
0, 0x9c800
0, 0x607f0
0, 0x9c820
0, 0x60810
0, 0x9c840
0, 0x60830
0, 0x9c860
1, 0x9c7e0
0, 0x607d0
0, 0x9c800
2, 2
3, 0
3, 0
3, 0
3, 0
3, 0
3, 0
3, 0
3, 0
3, 0
3, 0
3, 0
3, 0
3, 0
3, 0
1, 0x9c800
0, 0x607f0
0, 0x9c820
2, 2
3, 0
3, 0
3, 0
3, 0
3, 0
3, 0
3, 0
3, 0
3, 0
3, 0
3, 0
3, 0
3, 0
3, 0
1, 0x9c820
0, 0x60810
0, 0x9c840
2, 2
3, 0
3, 0
3, 0
3, 0
3, 0
3, 0
3, 0
3, 0
3, 0
3, 0
3, 0
3, 0
3, 0
3, 0
1, 0x9c840
0, 0x60830
0, 0x9c860
2, 2
3, 0
3, 0
3, 0
3, 0
3, 0
3, 0
3, 0
3, 0
3, 0
3, 0
3, 0
3, 0
3, 0
3, 0
0, 0x60850
0, 0x9c880
0, 0x60870
0, 0x9c8a0
0, 0x60890
0, 0x9c8c0
0, 0x608b0
0, 0x9c8e0
1, 0x9c860
0, 0x60850
0, 0x9c880
2, 2
3, 0
3, 0
3, 0
3, 0
3, 0
3, 0
3, 0
3, 0
3, 0
3, 0
3, 0
3, 0
3, 0
3, 0
1, 0x9c880
0, 0x60870
0, 0x9c8a0
2, 2
3, 0
3, 0
3, 0
3, 0
3, 0
3, 0
3, 0
3, 0
3, 0
3, 0
3, 0
3, 0
3, 0
3, 0
1, 0x9c8a0
0, 0x60890
0, 0x9c8c0
2, 2
3, 0
3, 0
3, 0
3, 0
3, 0
3, 0
3, 0
3, 0
3, 0
3, 0
3, 0
3, 0
3, 0
3, 0
1, 0x9c8c0
0, 0x608b0
0, 0x9c8e0
2, 2
3, 0
3, 0
3, 0
3, 0
3, 0
3, 0
3, 0
3, 0
3, 0
3, 0
3, 0
3, 0
3, 0
3, 0
0, 0x608d0
0, 0x9c900
0, 0x608f0
0, 0x9c920
0, 0x60910
0, 0x9c940
0, 0x60930
0, 0x9c960
1, 0x9c8e0
0, 0x608d0
0, 0x9c900
2, 2
3, 0
3, 0
3, 0
3, 0
3, 0
3, 0
3, 0
3, 0
3, 0
3, 0
3, 0
3, 0
3, 0
3, 0
1, 0x9c900
0, 0x608f0
0, 0x9c920
2, 2
3, 0
3, 0
3, 0
3, 0
3, 0
3, 0
3, 0
3, 0
3, 0
3, 0
3, 0
3, 0
3, 0
3, 0
1, 0x9c920
0, 0x60910
0, 0x9c940
2, 2
3, 0
3, 0
3, 0
3, 0
3, 0
3, 0
3, 0
3, 0
3, 0
3, 0
3, 0
3, 0
3, 0
3, 0
1, 0x9c940
0, 0x60930
0, 0x9c960
2, 2
3, 0
3, 0
3, 0
3, 0
3, 0
3, 0
3, 0
3, 0
3, 0
3, 0
3, 0
3, 0
3, 0
3, 0
0, 0x60950
0, 0x9c980
0, 0x60970
0, 0x9c9a0
0, 0x60990
0, 0x9c9c0
0, 0x609b0
0, 0x9c9e0
1, 0x9c960
0, 0x60950
0, 0x9c980
2, 2
3, 0
3, 0
3, 0
3, 0
3, 0
3, 0
3, 0
3, 0
3, 0
3, 0
3, 0
3, 0
3, 0
3, 0
1, 0x9c980
0, 0x60970
0, 0x9c9a0
2, 2
3, 0
3, 0
3, 0
3, 0
3, 0
3, 0
3, 0
3, 0
3, 0
3, 0
3, 0
3, 0
3, 0
3, 0
1, 0x9c9a0
0, 0x60990
0, 0x9c9c0
2, 2
3, 0
3, 0
3, 0
3, 0
3, 0
3, 0
3, 0
3, 0
3, 0
3, 0
3, 0
3, 0
3, 0
3, 0
1, 0x9c9c0
0, 0x609b0
0, 0x9c9e0
2, 2
3, 0
3, 0
3, 0
3, 0
3, 0
3, 0
3, 0
3, 0
3, 0
3, 0
3, 0
3, 0
3, 0
3, 0
0, 0x609d0
0, 0x9ca00
0, 0x609f0
0, 0x9ca20
0, 0x60a10
0, 0x9ca40
0, 0x60a30
0, 0x9ca60
1, 0x9c9e0
0, 0x609d0
0, 0x9ca00
2, 2
3, 0
3, 0
3, 0
3, 0
3, 0
3, 0
3, 0
3, 0
3, 0
3, 0
3, 0
3, 0
3, 0
3, 0
1, 0x9ca00
0, 0x609f0
0, 0x9ca20
2, 2
3, 0
3, 0
3, 0
3, 0
3, 0
3, 0
3, 0
3, 0
3, 0
3, 0
3, 0
3, 0
3, 0
3, 0
1, 0x9ca20
0, 0x60a10
0, 0x9ca40
2, 2
3, 0
3, 0
3, 0
3, 0
3, 0
3, 0
3, 0
3, 0
3, 0
3, 0
3, 0
3, 0
3, 0
3, 0
1, 0x9ca40
0, 0x60a30
0, 0x9ca60
2, 2
3, 0
3, 0
3, 0
3, 0
3, 0
3, 0
3, 0
3, 0
3, 0
3, 0
3, 0
3, 0
3, 0
3, 0
0, 0x60a50
0, 0x9ca80
0, 0x60a70
0, 0x9caa0
0, 0x60a90
0, 0x9cac0
0, 0x60ab0
0, 0x9cae0
1, 0x9ca60
0, 0x60a50
0, 0x9ca80
2, 2
3, 0
3, 0
3, 0
3, 0
3, 0
3, 0
3, 0
3, 0
3, 0
3, 0
3, 0
3, 0
3, 0
3, 0
1, 0x9ca80
0, 0x60a70
0, 0x9caa0
2, 2
3, 0
3, 0
3, 0
3, 0
3, 0
3, 0
3, 0
3, 0
3, 0
3, 0
3, 0
3, 0
3, 0
3, 0
1, 0x9caa0
0, 0x60a90
0, 0x9cac0
2, 2
3, 0
3, 0
3, 0
3, 0
3, 0
3, 0
3, 0
3, 0
3, 0
3, 0
3, 0
3, 0
3, 0
3, 0
1, 0x9cac0
0, 0x60ab0
0, 0x9cae0
2, 2
3, 0
3, 0
3, 0
3, 0
3, 0
3, 0
3, 0
3, 0
3, 0
3, 0
3, 0
3, 0
3, 0
3, 0
0, 0x60ad0
0, 0x9cb00
0, 0x60af0
0, 0x9cb20
0, 0x60b10
0, 0x9cb40
0, 0x60b30
0, 0x9cb60
1, 0x9cae0
0, 0x60ad0
0, 0x9cb00
2, 2
3, 0
3, 0
3, 0
3, 0
3, 0
3, 0
3, 0
3, 0
3, 0
3, 0
3, 0
3, 0
3, 0
3, 0
1, 0x9cb00
0, 0x60af0
0, 0x9cb20
2, 2
3, 0
3, 0
3, 0
3, 0
3, 0
3, 0
3, 0
3, 0
3, 0
3, 0
3, 0
3, 0
3, 0
3, 0
1, 0x9cb20
0, 0x60b10
0, 0x9cb40
2, 2
3, 0
3, 0
3, 0
3, 0
3, 0
3, 0
3, 0
3, 0
3, 0
3, 0
3, 0
3, 0
3, 0
3, 0
1, 0x9cb40
0, 0x60b30
0, 0x9cb60
2, 2
3, 0
3, 0
3, 0
3, 0
3, 0
3, 0
3, 0
3, 0
3, 0
3, 0
3, 0
3, 0
3, 0
3, 0
0, 0x60b50
0, 0x9cb80
0, 0x60b70
0, 0x9cba0
0, 0x60b90
0, 0x9cbc0
0, 0x60bb0
0, 0x9cbe0
1, 0x9cb60
0, 0x60b50
0, 0x9cb80
2, 2
3, 0
3, 0
3, 0
3, 0
3, 0
3, 0
3, 0
3, 0
3, 0
3, 0
3, 0
3, 0
3, 0
3, 0
1, 0x9cb80
0, 0x60b70
0, 0x9cba0
2, 2
3, 0
3, 0
3, 0
3, 0
3, 0
3, 0
3, 0
3, 0
3, 0
3, 0
3, 0
3, 0
3, 0
3, 0
1, 0x9cba0
0, 0x60b90
0, 0x9cbc0
2, 2
3, 0
3, 0
3, 0
3, 0
3, 0
3, 0
3, 0
3, 0
3, 0
3, 0
3, 0
3, 0
3, 0
3, 0
1, 0x9cbc0
0, 0x60bb0
0, 0x9cbe0
2, 2
3, 0
3, 0
3, 0
3, 0
3, 0
3, 0
3, 0
3, 0
3, 0
3, 0
3, 0
3, 0
3, 0
3, 0
0, 0x60bd0
0, 0x9cc00
0, 0x60bf0
0, 0x9cc20
0, 0x60c10
0, 0x9cc40
0, 0x60c30
0, 0x9cc60
1, 0x9cbe0
0, 0x60bd0
0, 0x9cc00
2, 2
3, 0
3, 0
3, 0
3, 0
3, 0
3, 0
3, 0
3, 0
3, 0
3, 0
3, 0
3, 0
3, 0
3, 0
1, 0x9cc00
0, 0x60bf0
0, 0x9cc20
2, 2
3, 0
3, 0
3, 0
3, 0
3, 0
3, 0
3, 0
3, 0
3, 0
3, 0
3, 0
3, 0
3, 0
3, 0
1, 0x9cc20
0, 0x60c10
0, 0x9cc40
2, 2
3, 0
3, 0
3, 0
3, 0
3, 0
3, 0
3, 0
3, 0
3, 0
3, 0
3, 0
3, 0
3, 0
3, 0
1, 0x9cc40
0, 0x60c30
0, 0x9cc60
2, 2
3, 0
3, 0
3, 0
3, 0
3, 0
3, 0
3, 0
3, 0
3, 0
3, 0
3, 0
3, 0
3, 0
3, 0
0, 0x60c50
0, 0x9cc80
0, 0x60c70
0, 0x9cca0
0, 0x60c90
0, 0x9ccc0
0, 0x60cb0
0, 0x9cce0
1, 0x9cc60
0, 0x60c50
0, 0x9cc80
2, 2
3, 0
3, 0
3, 0
3, 0
3, 0
3, 0
3, 0
3, 0
3, 0
3, 0
3, 0
3, 0
3, 0
3, 0
1, 0x9cc80
0, 0x60c70
0, 0x9cca0
2, 2
3, 0
3, 0
3, 0
3, 0
3, 0
3, 0
3, 0
3, 0
3, 0
3, 0
3, 0
3, 0
3, 0
3, 0
1, 0x9cca0
0, 0x60c90
0, 0x9ccc0
2, 2
3, 0
3, 0
3, 0
3, 0
3, 0
3, 0
3, 0
3, 0
3, 0
3, 0
3, 0
3, 0
3, 0
3, 0
1, 0x9ccc0
0, 0x60cb0
0, 0x9cce0
2, 2
3, 0
3, 0
3, 0
3, 0
3, 0
3, 0
3, 0
3, 0
3, 0
3, 0
3, 0
3, 0
3, 0
3, 0
0, 0x60cd0
0, 0x9cd00
0, 0x60cf0
0, 0x9cd20
0, 0x60d10
0, 0x9cd40
0, 0x60d30
0, 0x9cd60
1, 0x9cce0
0, 0x60cd0
0, 0x9cd00
2, 2
3, 0
3, 0
3, 0
3, 0
3, 0
3, 0
3, 0
3, 0
3, 0
3, 0
3, 0
3, 0
3, 0
3, 0
1, 0x9cd00
0, 0x60cf0
0, 0x9cd20
2, 2
3, 0
3, 0
3, 0
3, 0
3, 0
3, 0
3, 0
3, 0
3, 0
3, 0
3, 0
3, 0
3, 0
3, 0
1, 0x9cd20
0, 0x60d10
0, 0x9cd40
2, 2
3, 0
3, 0
3, 0
3, 0
3, 0
3, 0
3, 0
3, 0
3, 0
3, 0
3, 0
3, 0
3, 0
3, 0
1, 0x9cd40
0, 0x60d30
0, 0x9cd60
2, 2
3, 0
3, 0
3, 0
3, 0
3, 0
3, 0
3, 0
3, 0
3, 0
3, 0
3, 0
3, 0
3, 0
3, 0
0, 0x60d50
0, 0x9cd80
0, 0x60d70
0, 0x9cda0
0, 0x60d90
0, 0x9cdc0
0, 0x60db0
0, 0x9cde0
1, 0x9cd60
0, 0x60d50
0, 0x9cd80
2, 2
3, 0
3, 0
3, 0
3, 0
3, 0
3, 0
3, 0
3, 0
3, 0
3, 0
3, 0
3, 0
3, 0
3, 0
1, 0x9cd80
0, 0x60d70
0, 0x9cda0
2, 2
3, 0
3, 0
3, 0
3, 0
3, 0
3, 0
3, 0
3, 0
3, 0
3, 0
3, 0
3, 0
3, 0
3, 0
1, 0x9cda0
0, 0x60d90
0, 0x9cdc0
2, 2
3, 0
3, 0
3, 0
3, 0
3, 0
3, 0
3, 0
3, 0
3, 0
3, 0
3, 0
3, 0
3, 0
3, 0
1, 0x9cdc0
0, 0x60db0
0, 0x9cde0
2, 2
3, 0
3, 0
3, 0
3, 0
3, 0
3, 0
3, 0
3, 0
3, 0
3, 0
3, 0
3, 0
3, 0
3, 0
0, 0x60dd0
0, 0x9ce00
0, 0x60df0
0, 0x9ce20
0, 0x60e10
0, 0x9ce40
0, 0x60e30
0, 0x9ce60
1, 0x9cde0
0, 0x60dd0
0, 0x9ce00
2, 2
3, 0
3, 0
3, 0
3, 0
3, 0
3, 0
3, 0
3, 0
3, 0
3, 0
3, 0
3, 0
3, 0
3, 0
1, 0x9ce00
0, 0x60df0
0, 0x9ce20
2, 2
3, 0
3, 0
3, 0
3, 0
3, 0
3, 0
3, 0
3, 0
3, 0
3, 0
3, 0
3, 0
3, 0
3, 0
1, 0x9ce20
0, 0x60e10
0, 0x9ce40
2, 2
3, 0
3, 0
3, 0
3, 0
3, 0
3, 0
3, 0
3, 0
3, 0
3, 0
3, 0
3, 0
3, 0
3, 0
1, 0x9ce40
0, 0x60e30
0, 0x9ce60
2, 2
3, 0
3, 0
3, 0
3, 0
3, 0
3, 0
3, 0
3, 0
3, 0
3, 0
3, 0
3, 0
3, 0
3, 0
0, 0x60e50
0, 0x9ce80
0, 0x60e70
0, 0x9cea0
0, 0x60e90
0, 0x9cec0
0, 0x60eb0
0, 0x9cee0
1, 0x9ce60
0, 0x60e50
0, 0x9ce80
2, 2
3, 0
3, 0
3, 0
3, 0
3, 0
3, 0
3, 0
3, 0
3, 0
3, 0
3, 0
3, 0
3, 0
3, 0
1, 0x9ce80
0, 0x60e70
0, 0x9cea0
2, 2
3, 0
3, 0
3, 0
3, 0
3, 0
3, 0
3, 0
3, 0
3, 0
3, 0
3, 0
3, 0
3, 0
3, 0
1, 0x9cea0
0, 0x60e90
0, 0x9cec0
2, 2
3, 0
3, 0
3, 0
3, 0
3, 0
3, 0
3, 0
3, 0
3, 0
3, 0
3, 0
3, 0
3, 0
3, 0
1, 0x9cec0
0, 0x60eb0
0, 0x9cee0
2, 2
3, 0
3, 0
3, 0
3, 0
3, 0
3, 0
3, 0
3, 0
3, 0
3, 0
3, 0
3, 0
3, 0
3, 0
0, 0x60ed0
0, 0x9cf00
0, 0x60ef0
0, 0x9cf20
0, 0x60f10
0, 0x9cf40
0, 0x60f30
0, 0x9cf60
1, 0x9cee0
0, 0x60ed0
0, 0x9cf00
2, 2
3, 0
3, 0
3, 0
3, 0
3, 0
3, 0
3, 0
3, 0
3, 0
3, 0
3, 0
3, 0
3, 0
3, 0
1, 0x9cf00
0, 0x60ef0
0, 0x9cf20
2, 2
3, 0
3, 0
3, 0
3, 0
3, 0
3, 0
3, 0
3, 0
3, 0
3, 0
3, 0
3, 0
3, 0
3, 0
1, 0x9cf20
0, 0x60f10
0, 0x9cf40
2, 2
3, 0
3, 0
3, 0
3, 0
3, 0
3, 0
3, 0
3, 0
3, 0
3, 0
3, 0
3, 0
3, 0
3, 0
1, 0x9cf40
0, 0x60f30
0, 0x9cf60
2, 2
3, 0
3, 0
3, 0
3, 0
3, 0
3, 0
3, 0
3, 0
3, 0
3, 0
3, 0
3, 0
3, 0
3, 0
0, 0x60f50
0, 0x9cf80
0, 0x60f70
0, 0x9cfa0
0, 0x60f90
0, 0x9cfc0
0, 0x60fb0
0, 0x9cfe0
1, 0x9cf60
0, 0x60f50
0, 0x9cf80
2, 2
3, 0
3, 0
3, 0
3, 0
3, 0
3, 0
3, 0
3, 0
3, 0
3, 0
3, 0
3, 0
3, 0
3, 0
1, 0x9cf80
0, 0x60f70
0, 0x9cfa0
2, 2
3, 0
3, 0
3, 0
3, 0
3, 0
3, 0
3, 0
3, 0
3, 0
3, 0
3, 0
3, 0
3, 0
3, 0
1, 0x9cfa0
0, 0x60f90
0, 0x9cfc0
2, 2
3, 0
3, 0
3, 0
3, 0
3, 0
3, 0
3, 0
3, 0
3, 0
3, 0
3, 0
3, 0
3, 0
3, 0
1, 0x9cfc0
0, 0x60fb0
0, 0x9cfe0
2, 2
3, 0
3, 0
3, 0
3, 0
3, 0
3, 0
3, 0
3, 0
3, 0
3, 0
3, 0
3, 0
3, 0
3, 0
0, 0x60fd0
0, 0x9d000
0, 0x60ff0
0, 0x9d020
0, 0x61010
0, 0x9d040
0, 0x61030
0, 0x9d060
1, 0x9cfe0
0, 0x60fd0
0, 0x9d000
2, 2
3, 0
3, 0
3, 0
3, 0
3, 0
3, 0
3, 0
3, 0
3, 0
3, 0
3, 0
3, 0
3, 0
3, 0
1, 0x9d000
0, 0x60ff0
0, 0x9d020
2, 2
3, 0
3, 0
3, 0
3, 0
3, 0
3, 0
3, 0
3, 0
3, 0
3, 0
3, 0
3, 0
3, 0
3, 0
1, 0x9d020
0, 0x61010
0, 0x9d040
2, 2
3, 0
3, 0
3, 0
3, 0
3, 0
3, 0
3, 0
3, 0
3, 0
3, 0
3, 0
3, 0
3, 0
3, 0
1, 0x9d040
0, 0x61030
0, 0x9d060
2, 2
3, 0
3, 0
3, 0
3, 0
3, 0
3, 0
3, 0
3, 0
3, 0
3, 0
3, 0
3, 0
3, 0
3, 0
0, 0x61050
0, 0x9d080
0, 0x61070
0, 0x9d0a0
0, 0x61090
0, 0x9d0c0
0, 0x610b0
0, 0x9d0e0
1, 0x9d060
0, 0x61050
0, 0x9d080
2, 2
3, 0
3, 0
3, 0
3, 0
3, 0
3, 0
3, 0
3, 0
3, 0
3, 0
3, 0
3, 0
3, 0
3, 0
1, 0x9d080
0, 0x61070
0, 0x9d0a0
2, 2
3, 0
3, 0
3, 0
3, 0
3, 0
3, 0
3, 0
3, 0
3, 0
3, 0
3, 0
3, 0
3, 0
3, 0
1, 0x9d0a0
0, 0x61090
0, 0x9d0c0
2, 2
3, 0
3, 0
3, 0
3, 0
3, 0
3, 0
3, 0
3, 0
3, 0
3, 0
3, 0
3, 0
3, 0
3, 0
1, 0x9d0c0
0, 0x610b0
0, 0x9d0e0
2, 2
3, 0
3, 0
3, 0
3, 0
3, 0
3, 0
3, 0
3, 0
3, 0
3, 0
3, 0
3, 0
3, 0
3, 0
0, 0x610d0
0, 0x9d100
0, 0x610f0
0, 0x9d120
0, 0x61110
0, 0x9d140
0, 0x61130
0, 0x9d160
1, 0x9d0e0
0, 0x610d0
0, 0x9d100
2, 2
3, 0
3, 0
3, 0
3, 0
3, 0
3, 0
3, 0
3, 0
3, 0
3, 0
3, 0
3, 0
3, 0
3, 0
1, 0x9d100
0, 0x610f0
0, 0x9d120
2, 2
3, 0
3, 0
3, 0
3, 0
3, 0
3, 0
3, 0
3, 0
3, 0
3, 0
3, 0
3, 0
3, 0
3, 0
1, 0x9d120
0, 0x61110
0, 0x9d140
2, 2
3, 0
3, 0
3, 0
3, 0
3, 0
3, 0
3, 0
3, 0
3, 0
3, 0
3, 0
3, 0
3, 0
3, 0
1, 0x9d140
0, 0x61130
0, 0x9d160
2, 2
3, 0
3, 0
3, 0
3, 0
3, 0
3, 0
3, 0
3, 0
3, 0
3, 0
3, 0
3, 0
3, 0
3, 0
0, 0x61150
0, 0x9d180
0, 0x61170
0, 0x9d1a0
0, 0x61190
0, 0x9d1c0
0, 0x611b0
0, 0x9d1e0
1, 0x9d160
0, 0x61150
0, 0x9d180
2, 2
3, 0
3, 0
3, 0
3, 0
3, 0
3, 0
3, 0
3, 0
3, 0
3, 0
3, 0
3, 0
3, 0
3, 0
1, 0x9d180
0, 0x61170
0, 0x9d1a0
2, 2
3, 0
3, 0
3, 0
3, 0
3, 0
3, 0
3, 0
3, 0
3, 0
3, 0
3, 0
3, 0
3, 0
3, 0
1, 0x9d1a0
0, 0x61190
0, 0x9d1c0
2, 2
3, 0
3, 0
3, 0
3, 0
3, 0
3, 0
3, 0
3, 0
3, 0
3, 0
3, 0
3, 0
3, 0
3, 0
1, 0x9d1c0
0, 0x611b0
0, 0x9d1e0
2, 2
3, 0
3, 0
3, 0
3, 0
3, 0
3, 0
3, 0
3, 0
3, 0
3, 0
3, 0
3, 0
3, 0
3, 0
0, 0x611d0
0, 0x9d200
0, 0x611f0
0, 0x9d220
0, 0x61210
0, 0x9d240
0, 0x61230
0, 0x9d260
1, 0x9d1e0
0, 0x611d0
0, 0x9d200
2, 2
3, 0
3, 0
3, 0
3, 0
3, 0
3, 0
3, 0
3, 0
3, 0
3, 0
3, 0
3, 0
3, 0
3, 0
1, 0x9d200
0, 0x611f0
0, 0x9d220
2, 2
3, 0
3, 0
3, 0
3, 0
3, 0
3, 0
3, 0
3, 0
3, 0
3, 0
3, 0
3, 0
3, 0
3, 0
1, 0x9d220
0, 0x61210
0, 0x9d240
2, 2
3, 0
3, 0
3, 0
3, 0
3, 0
3, 0
3, 0
3, 0
3, 0
3, 0
3, 0
3, 0
3, 0
3, 0
1, 0x9d240
0, 0x61230
0, 0x9d260
2, 2
3, 0
3, 0
3, 0
3, 0
3, 0
3, 0
3, 0
3, 0
3, 0
3, 0
3, 0
3, 0
3, 0
3, 0
0, 0x61250
0, 0x9d280
0, 0x61270
0, 0x9d2a0
0, 0x61290
0, 0x9d2c0
0, 0x612b0
0, 0x9d2e0
1, 0x9d260
0, 0x61250
0, 0x9d280
2, 2
3, 0
3, 0
3, 0
3, 0
3, 0
3, 0
3, 0
3, 0
3, 0
3, 0
3, 0
3, 0
3, 0
3, 0
1, 0x9d280
0, 0x61270
0, 0x9d2a0
2, 2
3, 0
3, 0
3, 0
3, 0
3, 0
3, 0
3, 0
3, 0
3, 0
3, 0
3, 0
3, 0
3, 0
3, 0
1, 0x9d2a0
0, 0x61290
0, 0x9d2c0
2, 2
3, 0
3, 0
3, 0
3, 0
3, 0
3, 0
3, 0
3, 0
3, 0
3, 0
3, 0
3, 0
3, 0
3, 0
1, 0x9d2c0
0, 0x612b0
0, 0x9d2e0
2, 2
3, 0
3, 0
3, 0
3, 0
3, 0
3, 0
3, 0
3, 0
3, 0
3, 0
3, 0
3, 0
3, 0
3, 0
0, 0x612d0
0, 0x9d300
0, 0x612f0
0, 0x9d320
0, 0x61310
0, 0x9d340
0, 0x61330
0, 0x9d360
1, 0x9d2e0
0, 0x612d0
0, 0x9d300
2, 2
3, 0
3, 0
3, 0
3, 0
3, 0
3, 0
3, 0
3, 0
3, 0
3, 0
3, 0
3, 0
3, 0
3, 0
1, 0x9d300
0, 0x612f0
0, 0x9d320
2, 2
3, 0
3, 0
3, 0
3, 0
3, 0
3, 0
3, 0
3, 0
3, 0
3, 0
3, 0
3, 0
3, 0
3, 0
1, 0x9d320
0, 0x61310
0, 0x9d340
2, 2
3, 0
3, 0
3, 0
3, 0
3, 0
3, 0
3, 0
3, 0
3, 0
3, 0
3, 0
3, 0
3, 0
3, 0
1, 0x9d340
0, 0x61330
0, 0x9d360
2, 2
3, 0
3, 0
3, 0
3, 0
3, 0
3, 0
3, 0
3, 0
3, 0
3, 0
3, 0
3, 0
3, 0
3, 0
0, 0x61350
0, 0x9d380
0, 0x61370
0, 0x9d3a0
0, 0x61390
0, 0x9d3c0
0, 0x613b0
0, 0x9d3e0
1, 0x9d360
0, 0x61350
0, 0x9d380
2, 2
3, 0
3, 0
3, 0
3, 0
3, 0
3, 0
3, 0
3, 0
3, 0
3, 0
3, 0
3, 0
3, 0
3, 0
1, 0x9d380
0, 0x61370
0, 0x9d3a0
2, 2
3, 0
3, 0
3, 0
3, 0
3, 0
3, 0
3, 0
3, 0
3, 0
3, 0
3, 0
3, 0
3, 0
3, 0
1, 0x9d3a0
0, 0x61390
0, 0x9d3c0
2, 2
3, 0
3, 0
3, 0
3, 0
3, 0
3, 0
3, 0
3, 0
3, 0
3, 0
3, 0
3, 0
3, 0
3, 0
1, 0x9d3c0
0, 0x613b0
0, 0x9d3e0
2, 2
3, 0
3, 0
3, 0
3, 0
3, 0
3, 0
3, 0
3, 0
3, 0
3, 0
3, 0
3, 0
3, 0
3, 0
0, 0x613d0
0, 0x9d400
0, 0x613f0
0, 0x9d420
0, 0x61410
0, 0x9d440
0, 0x61430
0, 0x9d460
1, 0x9d3e0
0, 0x613d0
0, 0x9d400
2, 2
3, 0
3, 0
3, 0
3, 0
3, 0
3, 0
3, 0
3, 0
3, 0
3, 0
3, 0
3, 0
3, 0
3, 0
1, 0x9d400
0, 0x613f0
0, 0x9d420
2, 2
3, 0
3, 0
3, 0
3, 0
3, 0
3, 0
3, 0
3, 0
3, 0
3, 0
3, 0
3, 0
3, 0
3, 0
1, 0x9d420
0, 0x61410
0, 0x9d440
2, 2
3, 0
3, 0
3, 0
3, 0
3, 0
3, 0
3, 0
3, 0
3, 0
3, 0
3, 0
3, 0
3, 0
3, 0
1, 0x9d440
0, 0x61430
0, 0x9d460
2, 2
3, 0
3, 0
3, 0
3, 0
3, 0
3, 0
3, 0
3, 0
3, 0
3, 0
3, 0
3, 0
3, 0
3, 0
0, 0x61450
0, 0x9d480
0, 0x61470
0, 0x9d4a0
0, 0x61490
0, 0x9d4c0
0, 0x614b0
0, 0x9d4e0
1, 0x9d460
0, 0x61450
0, 0x9d480
2, 2
3, 0
3, 0
3, 0
3, 0
3, 0
3, 0
3, 0
3, 0
3, 0
3, 0
3, 0
3, 0
3, 0
3, 0
1, 0x9d480
0, 0x61470
0, 0x9d4a0
2, 2
3, 0
3, 0
3, 0
3, 0
3, 0
3, 0
3, 0
3, 0
3, 0
3, 0
3, 0
3, 0
3, 0
3, 0
1, 0x9d4a0
0, 0x61490
0, 0x9d4c0
2, 2
3, 0
3, 0
3, 0
3, 0
3, 0
3, 0
3, 0
3, 0
3, 0
3, 0
3, 0
3, 0
3, 0
3, 0
1, 0x9d4c0
0, 0x614b0
0, 0x9d4e0
2, 2
3, 0
3, 0
3, 0
3, 0
3, 0
3, 0
3, 0
3, 0
3, 0
3, 0
3, 0
3, 0
3, 0
3, 0
0, 0x614d0
0, 0x9d500
0, 0x614f0
0, 0x9d520
0, 0x61510
0, 0x9d540
0, 0x61530
0, 0x9d560
1, 0x9d4e0
0, 0x614d0
0, 0x9d500
2, 2
3, 0
3, 0
3, 0
3, 0
3, 0
3, 0
3, 0
3, 0
3, 0
3, 0
3, 0
3, 0
3, 0
3, 0
1, 0x9d500
0, 0x614f0
0, 0x9d520
2, 2
3, 0
3, 0
3, 0
3, 0
3, 0
3, 0
3, 0
3, 0
3, 0
3, 0
3, 0
3, 0
3, 0
3, 0
1, 0x9d520
0, 0x61510
0, 0x9d540
2, 2
3, 0
3, 0
3, 0
3, 0
3, 0
3, 0
3, 0
3, 0
3, 0
3, 0
3, 0
3, 0
3, 0
3, 0
1, 0x9d540
0, 0x61530
0, 0x9d560
2, 2
3, 0
3, 0
3, 0
3, 0
3, 0
3, 0
3, 0
3, 0
3, 0
3, 0
3, 0
3, 0
3, 0
3, 0
0, 0x61550
0, 0x9d580
0, 0x61570
0, 0x9d5a0
0, 0x61590
0, 0x9d5c0
0, 0x615b0
0, 0x9d5e0
1, 0x9d560
0, 0x61550
0, 0x9d580
2, 2
3, 0
3, 0
3, 0
3, 0
3, 0
3, 0
3, 0
3, 0
3, 0
3, 0
3, 0
3, 0
3, 0
3, 0
1, 0x9d580
0, 0x61570
0, 0x9d5a0
2, 2
3, 0
3, 0
3, 0
3, 0
3, 0
3, 0
3, 0
3, 0
3, 0
3, 0
3, 0
3, 0
3, 0
3, 0
1, 0x9d5a0
0, 0x61590
0, 0x9d5c0
2, 2
3, 0
3, 0
3, 0
3, 0
3, 0
3, 0
3, 0
3, 0
3, 0
3, 0
3, 0
3, 0
3, 0
3, 0
1, 0x9d5c0
0, 0x615b0
0, 0x9d5e0
2, 2
3, 0
3, 0
3, 0
3, 0
3, 0
3, 0
3, 0
3, 0
3, 0
3, 0
3, 0
3, 0
3, 0
3, 0
0, 0x615d0
0, 0x9d600
0, 0x615f0
0, 0x9d620
0, 0x61610
0, 0x9d640
0, 0x61630
0, 0x9d660
1, 0x9d5e0
0, 0x615d0
0, 0x9d600
2, 2
3, 0
3, 0
3, 0
3, 0
3, 0
3, 0
3, 0
3, 0
3, 0
3, 0
3, 0
3, 0
3, 0
3, 0
1, 0x9d600
0, 0x615f0
0, 0x9d620
2, 2
3, 0
3, 0
3, 0
3, 0
3, 0
3, 0
3, 0
3, 0
3, 0
3, 0
3, 0
3, 0
3, 0
3, 0
1, 0x9d620
0, 0x61610
0, 0x9d640
2, 2
3, 0
3, 0
3, 0
3, 0
3, 0
3, 0
3, 0
3, 0
3, 0
3, 0
3, 0
3, 0
3, 0
3, 0
1, 0x9d640
0, 0x61630
0, 0x9d660
2, 2
3, 0
3, 0
3, 0
3, 0
3, 0
3, 0
3, 0
3, 0
3, 0
3, 0
3, 0
3, 0
3, 0
3, 0
0, 0x61650
0, 0x9d680
0, 0x61670
0, 0x9d6a0
0, 0x61690
0, 0x9d6c0
0, 0x616b0
0, 0x9d6e0
1, 0x9d660
0, 0x61650
0, 0x9d680
2, 2
3, 0
3, 0
3, 0
3, 0
3, 0
3, 0
3, 0
3, 0
3, 0
3, 0
3, 0
3, 0
3, 0
3, 0
1, 0x9d680
0, 0x61670
0, 0x9d6a0
2, 2
3, 0
3, 0
3, 0
3, 0
3, 0
3, 0
3, 0
3, 0
3, 0
3, 0
3, 0
3, 0
3, 0
3, 0
1, 0x9d6a0
0, 0x61690
0, 0x9d6c0
2, 2
3, 0
3, 0
3, 0
3, 0
3, 0
3, 0
3, 0
3, 0
3, 0
3, 0
3, 0
3, 0
3, 0
3, 0
1, 0x9d6c0
0, 0x616b0
0, 0x9d6e0
2, 2
3, 0
3, 0
3, 0
3, 0
3, 0
3, 0
3, 0
3, 0
3, 0
3, 0
3, 0
3, 0
3, 0
3, 0
0, 0x616d0
0, 0x9d700
0, 0x616f0
0, 0x9d720
0, 0x61710
0, 0x9d740
0, 0x61730
0, 0x9d760
1, 0x9d6e0
0, 0x616d0
0, 0x9d700
2, 2
3, 0
3, 0
3, 0
3, 0
3, 0
3, 0
3, 0
3, 0
3, 0
3, 0
3, 0
3, 0
3, 0
3, 0
1, 0x9d700
0, 0x616f0
0, 0x9d720
2, 2
3, 0
3, 0
3, 0
3, 0
3, 0
3, 0
3, 0
3, 0
3, 0
3, 0
3, 0
3, 0
3, 0
3, 0
1, 0x9d720
0, 0x61710
0, 0x9d740
2, 2
3, 0
3, 0
3, 0
3, 0
3, 0
3, 0
3, 0
3, 0
3, 0
3, 0
3, 0
3, 0
3, 0
3, 0
1, 0x9d740
0, 0x61730
0, 0x9d760
2, 2
3, 0
3, 0
3, 0
3, 0
3, 0
3, 0
3, 0
3, 0
3, 0
3, 0
3, 0
3, 0
3, 0
3, 0
0, 0x61750
0, 0x9d780
0, 0x61770
0, 0x9d7a0
0, 0x61790
0, 0x9d7c0
0, 0x617b0
0, 0x9d7e0
1, 0x9d760
0, 0x61750
0, 0x9d780
2, 2
3, 0
3, 0
3, 0
3, 0
3, 0
3, 0
3, 0
3, 0
3, 0
3, 0
3, 0
3, 0
3, 0
3, 0
1, 0x9d780
0, 0x61770
0, 0x9d7a0
2, 2
3, 0
3, 0
3, 0
3, 0
3, 0
3, 0
3, 0
3, 0
3, 0
3, 0
3, 0
3, 0
3, 0
3, 0
1, 0x9d7a0
0, 0x61790
0, 0x9d7c0
2, 2
3, 0
3, 0
3, 0
3, 0
3, 0
3, 0
3, 0
3, 0
3, 0
3, 0
3, 0
3, 0
3, 0
3, 0
1, 0x9d7c0
0, 0x617b0
0, 0x9d7e0
2, 2
3, 0
3, 0
3, 0
3, 0
3, 0
3, 0
3, 0
3, 0
3, 0
3, 0
3, 0
3, 0
3, 0
3, 0
0, 0x617d0
0, 0x9d800
0, 0x617f0
0, 0x9d820
0, 0x61810
0, 0x9d840
0, 0x61830
0, 0x9d860
1, 0x9d7e0
0, 0x617d0
0, 0x9d800
2, 2
3, 0
3, 0
3, 0
3, 0
3, 0
3, 0
3, 0
3, 0
3, 0
3, 0
3, 0
3, 0
3, 0
3, 0
1, 0x9d800
0, 0x617f0
0, 0x9d820
2, 2
3, 0
3, 0
3, 0
3, 0
3, 0
3, 0
3, 0
3, 0
3, 0
3, 0
3, 0
3, 0
3, 0
3, 0
1, 0x9d820
0, 0x61810
0, 0x9d840
2, 2
3, 0
3, 0
3, 0
3, 0
3, 0
3, 0
3, 0
3, 0
3, 0
3, 0
3, 0
3, 0
3, 0
3, 0
1, 0x9d840
0, 0x61830
0, 0x9d860
2, 2
3, 0
3, 0
3, 0
3, 0
3, 0
3, 0
3, 0
3, 0
3, 0
3, 0
3, 0
3, 0
3, 0
3, 0
0, 0x61850
0, 0x9d880
0, 0x61870
0, 0x9d8a0
0, 0x61890
0, 0x9d8c0
0, 0x618b0
0, 0x9d8e0
1, 0x9d860
0, 0x61850
0, 0x9d880
2, 2
3, 0
3, 0
3, 0
3, 0
3, 0
3, 0
3, 0
3, 0
3, 0
3, 0
3, 0
3, 0
3, 0
3, 0
1, 0x9d880
0, 0x61870
0, 0x9d8a0
2, 2
3, 0
3, 0
3, 0
3, 0
3, 0
3, 0
3, 0
3, 0
3, 0
3, 0
3, 0
3, 0
3, 0
3, 0
1, 0x9d8a0
0, 0x61890
0, 0x9d8c0
2, 2
3, 0
3, 0
3, 0
3, 0
3, 0
3, 0
3, 0
3, 0
3, 0
3, 0
3, 0
3, 0
3, 0
3, 0
1, 0x9d8c0
0, 0x618b0
0, 0x9d8e0
2, 2
3, 0
3, 0
3, 0
3, 0
3, 0
3, 0
3, 0
3, 0
3, 0
3, 0
3, 0
3, 0
3, 0
3, 0
0, 0x618d0
0, 0x9d900
0, 0x618f0
0, 0x9d920
0, 0x61910
0, 0x9d940
0, 0x61930
0, 0x9d960
1, 0x9d8e0
0, 0x618d0
0, 0x9d900
2, 2
3, 0
3, 0
3, 0
3, 0
3, 0
3, 0
3, 0
3, 0
3, 0
3, 0
3, 0
3, 0
3, 0
3, 0
1, 0x9d900
0, 0x618f0
0, 0x9d920
2, 2
3, 0
3, 0
3, 0
3, 0
3, 0
3, 0
3, 0
3, 0
3, 0
3, 0
3, 0
3, 0
3, 0
3, 0
1, 0x9d920
0, 0x61910
0, 0x9d940
2, 2
3, 0
3, 0
3, 0
3, 0
3, 0
3, 0
3, 0
3, 0
3, 0
3, 0
3, 0
3, 0
3, 0
3, 0
1, 0x9d940
0, 0x61930
0, 0x9d960
2, 2
3, 0
3, 0
3, 0
3, 0
3, 0
3, 0
3, 0
3, 0
3, 0
3, 0
3, 0
3, 0
3, 0
3, 0
0, 0x61950
0, 0x9d980
0, 0x61970
0, 0x9d9a0
0, 0x61990
0, 0x9d9c0
0, 0x619b0
0, 0x9d9e0
1, 0x9d960
0, 0x61950
0, 0x9d980
2, 2
3, 0
3, 0
3, 0
3, 0
3, 0
3, 0
3, 0
3, 0
3, 0
3, 0
3, 0
3, 0
3, 0
3, 0
1, 0x9d980
0, 0x61970
0, 0x9d9a0
2, 2
3, 0
3, 0
3, 0
3, 0
3, 0
3, 0
3, 0
3, 0
3, 0
3, 0
3, 0
3, 0
3, 0
3, 0
1, 0x9d9a0
0, 0x61990
0, 0x9d9c0
2, 2
3, 0
3, 0
3, 0
3, 0
3, 0
3, 0
3, 0
3, 0
3, 0
3, 0
3, 0
3, 0
3, 0
3, 0
1, 0x9d9c0
0, 0x619b0
0, 0x9d9e0
2, 2
3, 0
3, 0
3, 0
3, 0
3, 0
3, 0
3, 0
3, 0
3, 0
3, 0
3, 0
3, 0
3, 0
3, 0
0, 0x619d0
0, 0x9da00
0, 0x619f0
0, 0x9da20
0, 0x61a10
0, 0x9da40
0, 0x61a30
0, 0x9da60
1, 0x9d9e0
0, 0x619d0
0, 0x9da00
2, 2
3, 0
3, 0
3, 0
3, 0
3, 0
3, 0
3, 0
3, 0
3, 0
3, 0
3, 0
3, 0
3, 0
3, 0
1, 0x9da00
0, 0x619f0
0, 0x9da20
2, 2
3, 0
3, 0
3, 0
3, 0
3, 0
3, 0
3, 0
3, 0
3, 0
3, 0
3, 0
3, 0
3, 0
3, 0
1, 0x9da20
0, 0x61a10
0, 0x9da40
2, 2
3, 0
3, 0
3, 0
3, 0
3, 0
3, 0
3, 0
3, 0
3, 0
3, 0
3, 0
3, 0
3, 0
3, 0
1, 0x9da40
0, 0x61a30
0, 0x9da60
2, 2
3, 0
3, 0
3, 0
3, 0
3, 0
3, 0
3, 0
3, 0
3, 0
3, 0
3, 0
3, 0
3, 0
3, 0
0, 0x61a50
0, 0x9da80
0, 0x61a70
0, 0x9daa0
0, 0x61a90
0, 0x9dac0
0, 0x61ab0
0, 0x9dae0
1, 0x9da60
0, 0x61a50
0, 0x9da80
2, 2
3, 0
3, 0
3, 0
3, 0
3, 0
3, 0
3, 0
3, 0
3, 0
3, 0
3, 0
3, 0
3, 0
3, 0
1, 0x9da80
0, 0x61a70
0, 0x9daa0
2, 2
3, 0
3, 0
3, 0
3, 0
3, 0
3, 0
3, 0
3, 0
3, 0
3, 0
3, 0
3, 0
3, 0
3, 0
1, 0x9daa0
0, 0x61a90
0, 0x9dac0
2, 2
3, 0
3, 0
3, 0
3, 0
3, 0
3, 0
3, 0
3, 0
3, 0
3, 0
3, 0
3, 0
3, 0
3, 0
1, 0x9dac0
0, 0x61ab0
0, 0x9dae0
2, 2
3, 0
3, 0
3, 0
3, 0
3, 0
3, 0
3, 0
3, 0
3, 0
3, 0
3, 0
3, 0
3, 0
3, 0
0, 0x61ad0
0, 0x9db00
0, 0x61af0
0, 0x9db20
0, 0x61b10
0, 0x9db40
0, 0x61b30
0, 0x9db60
1, 0x9dae0
0, 0x61ad0
0, 0x9db00
2, 2
3, 0
3, 0
3, 0
3, 0
3, 0
3, 0
3, 0
3, 0
3, 0
3, 0
3, 0
3, 0
3, 0
3, 0
1, 0x9db00
0, 0x61af0
0, 0x9db20
2, 2
3, 0
3, 0
3, 0
3, 0
3, 0
3, 0
3, 0
3, 0
3, 0
3, 0
3, 0
3, 0
3, 0
3, 0
1, 0x9db20
0, 0x61b10
0, 0x9db40
2, 2
3, 0
3, 0
3, 0
3, 0
3, 0
3, 0
3, 0
3, 0
3, 0
3, 0
3, 0
3, 0
3, 0
3, 0
1, 0x9db40
0, 0x61b30
0, 0x9db60
2, 2
3, 0
3, 0
3, 0
3, 0
3, 0
3, 0
3, 0
3, 0
3, 0
3, 0
3, 0
3, 0
3, 0
3, 0
0, 0x61b50
0, 0x9db80
0, 0x61b70
0, 0x9dba0
0, 0x61b90
0, 0x9dbc0
0, 0x61bb0
0, 0x9dbe0
1, 0x9db60
0, 0x61b50
0, 0x9db80
2, 2
3, 0
3, 0
3, 0
3, 0
3, 0
3, 0
3, 0
3, 0
3, 0
3, 0
3, 0
3, 0
3, 0
3, 0
1, 0x9db80
0, 0x61b70
0, 0x9dba0
2, 2
3, 0
3, 0
3, 0
3, 0
3, 0
3, 0
3, 0
3, 0
3, 0
3, 0
3, 0
3, 0
3, 0
3, 0
1, 0x9dba0
0, 0x61b90
0, 0x9dbc0
2, 2
3, 0
3, 0
3, 0
3, 0
3, 0
3, 0
3, 0
3, 0
3, 0
3, 0
3, 0
3, 0
3, 0
3, 0
1, 0x9dbc0
0, 0x61bb0
0, 0x9dbe0
2, 2
3, 0
3, 0
3, 0
3, 0
3, 0
3, 0
3, 0
3, 0
3, 0
3, 0
3, 0
3, 0
3, 0
3, 0
0, 0x61bd0
0, 0x9dc00
0, 0x61bf0
0, 0x9dc20
0, 0x61c10
0, 0x9dc40
0, 0x61c30
0, 0x9dc60
1, 0x9dbe0
0, 0x61bd0
0, 0x9dc00
2, 2
3, 0
3, 0
3, 0
3, 0
3, 0
3, 0
3, 0
3, 0
3, 0
3, 0
3, 0
3, 0
3, 0
3, 0
1, 0x9dc00
0, 0x61bf0
0, 0x9dc20
2, 2
3, 0
3, 0
3, 0
3, 0
3, 0
3, 0
3, 0
3, 0
3, 0
3, 0
3, 0
3, 0
3, 0
3, 0
1, 0x9dc20
0, 0x61c10
0, 0x9dc40
2, 2
3, 0
3, 0
3, 0
3, 0
3, 0
3, 0
3, 0
3, 0
3, 0
3, 0
3, 0
3, 0
3, 0
3, 0
1, 0x9dc40
0, 0x61c30
0, 0x9dc60
2, 2
3, 0
3, 0
3, 0
3, 0
3, 0
3, 0
3, 0
3, 0
3, 0
3, 0
3, 0
3, 0
3, 0
3, 0
0, 0x61c50
0, 0x9dc80
0, 0x61c70
0, 0x9dca0
0, 0x61c90
0, 0x9dcc0
0, 0x61cb0
0, 0x9dce0
1, 0x9dc60
0, 0x61c50
0, 0x9dc80
2, 2
3, 0
3, 0
3, 0
3, 0
3, 0
3, 0
3, 0
3, 0
3, 0
3, 0
3, 0
3, 0
3, 0
3, 0
1, 0x9dc80
0, 0x61c70
0, 0x9dca0
2, 2
3, 0
3, 0
3, 0
3, 0
3, 0
3, 0
3, 0
3, 0
3, 0
3, 0
3, 0
3, 0
3, 0
3, 0
1, 0x9dca0
0, 0x61c90
0, 0x9dcc0
2, 2
3, 0
3, 0
3, 0
3, 0
3, 0
3, 0
3, 0
3, 0
3, 0
3, 0
3, 0
3, 0
3, 0
3, 0
1, 0x9dcc0
0, 0x61cb0
0, 0x9dce0
2, 2
3, 0
3, 0
3, 0
3, 0
3, 0
3, 0
3, 0
3, 0
3, 0
3, 0
3, 0
3, 0
3, 0
3, 0
0, 0x61cd0
0, 0x9dd00
0, 0x61cf0
0, 0x9dd20
0, 0x61d10
0, 0x9dd40
0, 0x61d30
0, 0x9dd60
1, 0x9dce0
0, 0x61cd0
0, 0x9dd00
2, 2
3, 0
3, 0
3, 0
3, 0
3, 0
3, 0
3, 0
3, 0
3, 0
3, 0
3, 0
3, 0
3, 0
3, 0
1, 0x9dd00
0, 0x61cf0
0, 0x9dd20
2, 2
3, 0
3, 0
3, 0
3, 0
3, 0
3, 0
3, 0
3, 0
3, 0
3, 0
3, 0
3, 0
3, 0
3, 0
1, 0x9dd20
0, 0x61d10
0, 0x9dd40
2, 2
3, 0
3, 0
3, 0
3, 0
3, 0
3, 0
3, 0
3, 0
3, 0
3, 0
3, 0
3, 0
3, 0
3, 0
1, 0x9dd40
0, 0x61d30
0, 0x9dd60
2, 2
3, 0
3, 0
3, 0
3, 0
3, 0
3, 0
3, 0
3, 0
3, 0
3, 0
3, 0
3, 0
3, 0
3, 0
0, 0x61d50
0, 0x9dd80
0, 0x61d70
0, 0x9dda0
0, 0x61d90
0, 0x9ddc0
0, 0x61db0
0, 0x9dde0
1, 0x9dd60
0, 0x61d50
0, 0x9dd80
2, 2
3, 0
3, 0
3, 0
3, 0
3, 0
3, 0
3, 0
3, 0
3, 0
3, 0
3, 0
3, 0
3, 0
3, 0
1, 0x9dd80
0, 0x61d70
0, 0x9dda0
2, 2
3, 0
3, 0
3, 0
3, 0
3, 0
3, 0
3, 0
3, 0
3, 0
3, 0
3, 0
3, 0
3, 0
3, 0
1, 0x9dda0
0, 0x61d90
0, 0x9ddc0
2, 2
3, 0
3, 0
3, 0
3, 0
3, 0
3, 0
3, 0
3, 0
3, 0
3, 0
3, 0
3, 0
3, 0
3, 0
1, 0x9ddc0
0, 0x61db0
0, 0x9dde0
2, 2
3, 0
3, 0
3, 0
3, 0
3, 0
3, 0
3, 0
3, 0
3, 0
3, 0
3, 0
3, 0
3, 0
3, 0
0, 0x61dd0
0, 0x9de00
0, 0x61df0
0, 0x9de20
0, 0x61e10
0, 0x9de40
0, 0x61e30
0, 0x9de60
1, 0x9dde0
0, 0x61dd0
0, 0x9de00
2, 2
3, 0
3, 0
3, 0
3, 0
3, 0
3, 0
3, 0
3, 0
3, 0
3, 0
3, 0
3, 0
3, 0
3, 0
1, 0x9de00
0, 0x61df0
0, 0x9de20
2, 2
3, 0
3, 0
3, 0
3, 0
3, 0
3, 0
3, 0
3, 0
3, 0
3, 0
3, 0
3, 0
3, 0
3, 0
1, 0x9de20
0, 0x61e10
0, 0x9de40
2, 2
3, 0
3, 0
3, 0
3, 0
3, 0
3, 0
3, 0
3, 0
3, 0
3, 0
3, 0
3, 0
3, 0
3, 0
1, 0x9de40
0, 0x61e30
0, 0x9de60
2, 2
3, 0
3, 0
3, 0
3, 0
3, 0
3, 0
3, 0
3, 0
3, 0
3, 0
3, 0
3, 0
3, 0
3, 0
0, 0x61e50
0, 0x9de80
0, 0x61e70
0, 0x9dea0
0, 0x61e90
0, 0x9dec0
0, 0x61eb0
0, 0x9dee0
1, 0x9de60
0, 0x61e50
0, 0x9de80
2, 2
3, 0
3, 0
3, 0
3, 0
3, 0
3, 0
3, 0
3, 0
3, 0
3, 0
3, 0
3, 0
3, 0
3, 0
1, 0x9de80
0, 0x61e70
0, 0x9dea0
2, 2
3, 0
3, 0
3, 0
3, 0
3, 0
3, 0
3, 0
3, 0
3, 0
3, 0
3, 0
3, 0
3, 0
3, 0
1, 0x9dea0
0, 0x61e90
0, 0x9dec0
2, 2
3, 0
3, 0
3, 0
3, 0
3, 0
3, 0
3, 0
3, 0
3, 0
3, 0
3, 0
3, 0
3, 0
3, 0
1, 0x9dec0
0, 0x61eb0
0, 0x9dee0
2, 2
3, 0
3, 0
3, 0
3, 0
3, 0
3, 0
3, 0
3, 0
3, 0
3, 0
3, 0
3, 0
3, 0
3, 0
0, 0x61ed0
0, 0x9df00
0, 0x61ef0
0, 0x9df20
0, 0x61f10
0, 0x9df40
0, 0x61f30
0, 0x9df60
1, 0x9dee0
0, 0x61ed0
0, 0x9df00
2, 2
3, 0
3, 0
3, 0
3, 0
3, 0
3, 0
3, 0
3, 0
3, 0
3, 0
3, 0
3, 0
3, 0
3, 0
1, 0x9df00
0, 0x61ef0
0, 0x9df20
2, 2
3, 0
3, 0
3, 0
3, 0
3, 0
3, 0
3, 0
3, 0
3, 0
3, 0
3, 0
3, 0
3, 0
3, 0
1, 0x9df20
0, 0x61f10
0, 0x9df40
2, 2
3, 0
3, 0
3, 0
3, 0
3, 0
3, 0
3, 0
3, 0
3, 0
3, 0
3, 0
3, 0
3, 0
3, 0
1, 0x9df40
0, 0x61f30
0, 0x9df60
2, 2
3, 0
3, 0
3, 0
3, 0
3, 0
3, 0
3, 0
3, 0
3, 0
3, 0
3, 0
3, 0
3, 0
3, 0
0, 0x61f50
0, 0x9df80
0, 0x61f70
0, 0x9dfa0
0, 0x61f90
0, 0x9dfc0
0, 0x61fb0
0, 0x9dfe0
1, 0x9df60
0, 0x61f50
0, 0x9df80
2, 2
3, 0
3, 0
3, 0
3, 0
3, 0
3, 0
3, 0
3, 0
3, 0
3, 0
3, 0
3, 0
3, 0
3, 0
1, 0x9df80
0, 0x61f70
0, 0x9dfa0
2, 2
3, 0
3, 0
3, 0
3, 0
3, 0
3, 0
3, 0
3, 0
3, 0
3, 0
3, 0
3, 0
3, 0
3, 0
1, 0x9dfa0
0, 0x61f90
0, 0x9dfc0
2, 2
3, 0
3, 0
3, 0
3, 0
3, 0
3, 0
3, 0
3, 0
3, 0
3, 0
3, 0
3, 0
3, 0
3, 0
1, 0x9dfc0
0, 0x61fb0
0, 0x9dfe0
2, 2
3, 0
3, 0
3, 0
3, 0
3, 0
3, 0
3, 0
3, 0
3, 0
3, 0
3, 0
3, 0
3, 0
3, 0
0, 0x61fd0
0, 0x9e000
0, 0x61ff0
0, 0x9e020
0, 0x62010
0, 0x9e040
0, 0x62030
0, 0x9e060
1, 0x9dfe0
0, 0x61fd0
0, 0x9e000
2, 2
3, 0
3, 0
3, 0
3, 0
3, 0
3, 0
3, 0
3, 0
3, 0
3, 0
3, 0
3, 0
3, 0
3, 0
1, 0x9e000
0, 0x61ff0
0, 0x9e020
2, 2
3, 0
3, 0
3, 0
3, 0
3, 0
3, 0
3, 0
3, 0
3, 0
3, 0
3, 0
3, 0
3, 0
3, 0
1, 0x9e020
0, 0x62010
0, 0x9e040
2, 2
3, 0
3, 0
3, 0
3, 0
3, 0
3, 0
3, 0
3, 0
3, 0
3, 0
3, 0
3, 0
3, 0
3, 0
1, 0x9e040
0, 0x62030
0, 0x9e060
2, 2
3, 0
3, 0
3, 0
3, 0
3, 0
3, 0
3, 0
3, 0
3, 0
3, 0
3, 0
3, 0
3, 0
3, 0
0, 0x62050
0, 0x9e080
0, 0x62070
0, 0x9e0a0
0, 0x62090
0, 0x9e0c0
0, 0x620b0
0, 0x9e0e0
1, 0x9e060
0, 0x62050
0, 0x9e080
2, 2
3, 0
3, 0
3, 0
3, 0
3, 0
3, 0
3, 0
3, 0
3, 0
3, 0
3, 0
3, 0
3, 0
3, 0
1, 0x9e080
0, 0x62070
0, 0x9e0a0
2, 2
3, 0
3, 0
3, 0
3, 0
3, 0
3, 0
3, 0
3, 0
3, 0
3, 0
3, 0
3, 0
3, 0
3, 0
1, 0x9e0a0
0, 0x62090
0, 0x9e0c0
2, 2
3, 0
3, 0
3, 0
3, 0
3, 0
3, 0
3, 0
3, 0
3, 0
3, 0
3, 0
3, 0
3, 0
3, 0
1, 0x9e0c0
0, 0x620b0
0, 0x9e0e0
2, 2
3, 0
3, 0
3, 0
3, 0
3, 0
3, 0
3, 0
3, 0
3, 0
3, 0
3, 0
3, 0
3, 0
3, 0
0, 0x620d0
0, 0x9e100
0, 0x620f0
0, 0x9e120
0, 0x62110
0, 0x9e140
0, 0x62130
0, 0x9e160
1, 0x9e0e0
0, 0x620d0
0, 0x9e100
2, 2
3, 0
3, 0
3, 0
3, 0
3, 0
3, 0
3, 0
3, 0
3, 0
3, 0
3, 0
3, 0
3, 0
3, 0
1, 0x9e100
0, 0x620f0
0, 0x9e120
2, 2
3, 0
3, 0
3, 0
3, 0
3, 0
3, 0
3, 0
3, 0
3, 0
3, 0
3, 0
3, 0
3, 0
3, 0
1, 0x9e120
0, 0x62110
0, 0x9e140
2, 2
3, 0
3, 0
3, 0
3, 0
3, 0
3, 0
3, 0
3, 0
3, 0
3, 0
3, 0
3, 0
3, 0
3, 0
1, 0x9e140
0, 0x62130
0, 0x9e160
2, 2
3, 0
3, 0
3, 0
3, 0
3, 0
3, 0
3, 0
3, 0
3, 0
3, 0
3, 0
3, 0
3, 0
3, 0
0, 0x62150
0, 0x9e180
0, 0x62170
0, 0x9e1a0
0, 0x62190
0, 0x9e1c0
0, 0x621b0
0, 0x9e1e0
1, 0x9e160
0, 0x62150
0, 0x9e180
2, 2
3, 0
3, 0
3, 0
3, 0
3, 0
3, 0
3, 0
3, 0
3, 0
3, 0
3, 0
3, 0
3, 0
3, 0
1, 0x9e180
0, 0x62170
0, 0x9e1a0
2, 2
3, 0
3, 0
3, 0
3, 0
3, 0
3, 0
3, 0
3, 0
3, 0
3, 0
3, 0
3, 0
3, 0
3, 0
1, 0x9e1a0
0, 0x62190
0, 0x9e1c0
2, 2
3, 0
3, 0
3, 0
3, 0
3, 0
3, 0
3, 0
3, 0
3, 0
3, 0
3, 0
3, 0
3, 0
3, 0
1, 0x9e1c0
0, 0x621b0
0, 0x9e1e0
2, 2
3, 0
3, 0
3, 0
3, 0
3, 0
3, 0
3, 0
3, 0
3, 0
3, 0
3, 0
3, 0
3, 0
3, 0
0, 0x621d0
0, 0x9e200
0, 0x621f0
0, 0x9e220
0, 0x62210
0, 0x9e240
0, 0x62230
0, 0x9e260
1, 0x9e1e0
0, 0x621d0
0, 0x9e200
2, 2
3, 0
3, 0
3, 0
3, 0
3, 0
3, 0
3, 0
3, 0
3, 0
3, 0
3, 0
3, 0
3, 0
3, 0
1, 0x9e200
0, 0x621f0
0, 0x9e220
2, 2
3, 0
3, 0
3, 0
3, 0
3, 0
3, 0
3, 0
3, 0
3, 0
3, 0
3, 0
3, 0
3, 0
3, 0
1, 0x9e220
0, 0x62210
0, 0x9e240
2, 2
3, 0
3, 0
3, 0
3, 0
3, 0
3, 0
3, 0
3, 0
3, 0
3, 0
3, 0
3, 0
3, 0
3, 0
1, 0x9e240
0, 0x62230
0, 0x9e260
2, 2
3, 0
3, 0
3, 0
3, 0
3, 0
3, 0
3, 0
3, 0
3, 0
3, 0
3, 0
3, 0
3, 0
3, 0
0, 0x62250
0, 0x9e280
0, 0x62270
0, 0x9e2a0
0, 0x62290
0, 0x9e2c0
0, 0x622b0
0, 0x9e2e0
1, 0x9e260
0, 0x62250
0, 0x9e280
2, 2
3, 0
3, 0
3, 0
3, 0
3, 0
3, 0
3, 0
3, 0
3, 0
3, 0
3, 0
3, 0
3, 0
3, 0
1, 0x9e280
0, 0x62270
0, 0x9e2a0
2, 2
3, 0
3, 0
3, 0
3, 0
3, 0
3, 0
3, 0
3, 0
3, 0
3, 0
3, 0
3, 0
3, 0
3, 0
1, 0x9e2a0
0, 0x62290
0, 0x9e2c0
2, 2
3, 0
3, 0
3, 0
3, 0
3, 0
3, 0
3, 0
3, 0
3, 0
3, 0
3, 0
3, 0
3, 0
3, 0
1, 0x9e2c0
0, 0x622b0
0, 0x9e2e0
2, 2
3, 0
3, 0
3, 0
3, 0
3, 0
3, 0
3, 0
3, 0
3, 0
3, 0
3, 0
3, 0
3, 0
3, 0
0, 0x622d0
0, 0x9e300
0, 0x622f0
0, 0x9e320
0, 0x62310
0, 0x9e340
0, 0x62330
0, 0x9e360
1, 0x9e2e0
0, 0x622d0
0, 0x9e300
2, 2
3, 0
3, 0
3, 0
3, 0
3, 0
3, 0
3, 0
3, 0
3, 0
3, 0
3, 0
3, 0
3, 0
3, 0
1, 0x9e300
0, 0x622f0
0, 0x9e320
2, 2
3, 0
3, 0
3, 0
3, 0
3, 0
3, 0
3, 0
3, 0
3, 0
3, 0
3, 0
3, 0
3, 0
3, 0
1, 0x9e320
0, 0x62310
0, 0x9e340
2, 2
3, 0
3, 0
3, 0
3, 0
3, 0
3, 0
3, 0
3, 0
3, 0
3, 0
3, 0
3, 0
3, 0
3, 0
1, 0x9e340
0, 0x62330
0, 0x9e360
2, 2
3, 0
3, 0
3, 0
3, 0
3, 0
3, 0
3, 0
3, 0
3, 0
3, 0
3, 0
3, 0
3, 0
3, 0
0, 0x62350
0, 0x9e380
0, 0x62370
0, 0x9e3a0
0, 0x62390
0, 0x9e3c0
0, 0x623b0
0, 0x9e3e0
1, 0x9e360
0, 0x62350
0, 0x9e380
2, 2
3, 0
3, 0
3, 0
3, 0
3, 0
3, 0
3, 0
3, 0
3, 0
3, 0
3, 0
3, 0
3, 0
3, 0
1, 0x9e380
0, 0x62370
0, 0x9e3a0
2, 2
3, 0
3, 0
3, 0
3, 0
3, 0
3, 0
3, 0
3, 0
3, 0
3, 0
3, 0
3, 0
3, 0
3, 0
1, 0x9e3a0
0, 0x62390
0, 0x9e3c0
2, 2
3, 0
3, 0
3, 0
3, 0
3, 0
3, 0
3, 0
3, 0
3, 0
3, 0
3, 0
3, 0
3, 0
3, 0
1, 0x9e3c0
0, 0x623b0
0, 0x9e3e0
2, 2
3, 0
3, 0
3, 0
3, 0
3, 0
3, 0
3, 0
3, 0
3, 0
3, 0
3, 0
3, 0
3, 0
3, 0
0, 0x623d0
0, 0x9e400
0, 0x623f0
0, 0x9e420
0, 0x62410
0, 0x9e440
0, 0x62430
0, 0x9e460
1, 0x9e3e0
0, 0x623d0
0, 0x9e400
2, 2
3, 0
3, 0
3, 0
3, 0
3, 0
3, 0
3, 0
3, 0
3, 0
3, 0
3, 0
3, 0
3, 0
3, 0
1, 0x9e400
0, 0x623f0
0, 0x9e420
2, 2
3, 0
3, 0
3, 0
3, 0
3, 0
3, 0
3, 0
3, 0
3, 0
3, 0
3, 0
3, 0
3, 0
3, 0
1, 0x9e420
0, 0x62410
0, 0x9e440
2, 2
3, 0
3, 0
3, 0
3, 0
3, 0
3, 0
3, 0
3, 0
3, 0
3, 0
3, 0
3, 0
3, 0
3, 0
1, 0x9e440
0, 0x62430
0, 0x9e460
2, 2
3, 0
3, 0
3, 0
3, 0
3, 0
3, 0
3, 0
3, 0
3, 0
3, 0
3, 0
3, 0
3, 0
3, 0
0, 0x62450
0, 0x9e480
0, 0x62470
0, 0x9e4a0
0, 0x62490
0, 0x9e4c0
0, 0x624b0
0, 0x9e4e0
1, 0x9e460
0, 0x62450
0, 0x9e480
2, 2
3, 0
3, 0
3, 0
3, 0
3, 0
3, 0
3, 0
3, 0
3, 0
3, 0
3, 0
3, 0
3, 0
3, 0
1, 0x9e480
0, 0x62470
0, 0x9e4a0
2, 2
3, 0
3, 0
3, 0
3, 0
3, 0
3, 0
3, 0
3, 0
3, 0
3, 0
3, 0
3, 0
3, 0
3, 0
1, 0x9e4a0
0, 0x62490
0, 0x9e4c0
2, 2
3, 0
3, 0
3, 0
3, 0
3, 0
3, 0
3, 0
3, 0
3, 0
3, 0
3, 0
3, 0
3, 0
3, 0
1, 0x9e4c0
0, 0x624b0
0, 0x9e4e0
2, 2
3, 0
3, 0
3, 0
3, 0
3, 0
3, 0
3, 0
3, 0
3, 0
3, 0
3, 0
3, 0
3, 0
3, 0
0, 0x624d0
0, 0x9e500
0, 0x624f0
0, 0x9e520
0, 0x62510
0, 0x9e540
0, 0x62530
0, 0x9e560
1, 0x9e4e0
0, 0x624d0
0, 0x9e500
2, 2
3, 0
3, 0
3, 0
3, 0
3, 0
3, 0
3, 0
3, 0
3, 0
3, 0
3, 0
3, 0
3, 0
3, 0
1, 0x9e500
0, 0x624f0
0, 0x9e520
2, 2
3, 0
3, 0
3, 0
3, 0
3, 0
3, 0
3, 0
3, 0
3, 0
3, 0
3, 0
3, 0
3, 0
3, 0
1, 0x9e520
0, 0x62510
0, 0x9e540
2, 2
3, 0
3, 0
3, 0
3, 0
3, 0
3, 0
3, 0
3, 0
3, 0
3, 0
3, 0
3, 0
3, 0
3, 0
1, 0x9e540
0, 0x62530
0, 0x9e560
2, 2
3, 0
3, 0
3, 0
3, 0
3, 0
3, 0
3, 0
3, 0
3, 0
3, 0
3, 0
3, 0
3, 0
3, 0
0, 0x62550
0, 0x9e580
0, 0x62570
0, 0x9e5a0
0, 0x62590
0, 0x9e5c0
0, 0x625b0
0, 0x9e5e0
1, 0x9e560
0, 0x62550
0, 0x9e580
2, 2
3, 0
3, 0
3, 0
3, 0
3, 0
3, 0
3, 0
3, 0
3, 0
3, 0
3, 0
3, 0
3, 0
3, 0
1, 0x9e580
0, 0x62570
0, 0x9e5a0
2, 2
3, 0
3, 0
3, 0
3, 0
3, 0
3, 0
3, 0
3, 0
3, 0
3, 0
3, 0
3, 0
3, 0
3, 0
1, 0x9e5a0
0, 0x62590
0, 0x9e5c0
2, 2
3, 0
3, 0
3, 0
3, 0
3, 0
3, 0
3, 0
3, 0
3, 0
3, 0
3, 0
3, 0
3, 0
3, 0
1, 0x9e5c0
0, 0x625b0
0, 0x9e5e0
2, 2
3, 0
3, 0
3, 0
3, 0
3, 0
3, 0
3, 0
3, 0
3, 0
3, 0
3, 0
3, 0
3, 0
3, 0
0, 0x625d0
0, 0x9e600
0, 0x625f0
0, 0x9e620
0, 0x62610
0, 0x9e640
0, 0x62630
0, 0x9e660
1, 0x9e5e0
0, 0x625d0
0, 0x9e600
2, 2
3, 0
3, 0
3, 0
3, 0
3, 0
3, 0
3, 0
3, 0
3, 0
3, 0
3, 0
3, 0
3, 0
3, 0
1, 0x9e600
0, 0x625f0
0, 0x9e620
2, 2
3, 0
3, 0
3, 0
3, 0
3, 0
3, 0
3, 0
3, 0
3, 0
3, 0
3, 0
3, 0
3, 0
3, 0
1, 0x9e620
0, 0x62610
0, 0x9e640
2, 2
3, 0
3, 0
3, 0
3, 0
3, 0
3, 0
3, 0
3, 0
3, 0
3, 0
3, 0
3, 0
3, 0
3, 0
1, 0x9e640
0, 0x62630
0, 0x9e660
2, 2
3, 0
3, 0
3, 0
3, 0
3, 0
3, 0
3, 0
3, 0
3, 0
3, 0
3, 0
3, 0
3, 0
3, 0
0, 0x62650
0, 0x9e680
0, 0x62670
0, 0x9e6a0
0, 0x62690
0, 0x9e6c0
0, 0x626b0
0, 0x9e6e0
1, 0x9e660
0, 0x62650
0, 0x9e680
2, 2
3, 0
3, 0
3, 0
3, 0
3, 0
3, 0
3, 0
3, 0
3, 0
3, 0
3, 0
3, 0
3, 0
3, 0
1, 0x9e680
0, 0x62670
0, 0x9e6a0
2, 2
3, 0
3, 0
3, 0
3, 0
3, 0
3, 0
3, 0
3, 0
3, 0
3, 0
3, 0
3, 0
3, 0
3, 0
1, 0x9e6a0
0, 0x62690
0, 0x9e6c0
2, 2
3, 0
3, 0
3, 0
3, 0
3, 0
3, 0
3, 0
3, 0
3, 0
3, 0
3, 0
3, 0
3, 0
3, 0
1, 0x9e6c0
0, 0x626b0
0, 0x9e6e0
2, 2
3, 0
3, 0
3, 0
3, 0
3, 0
3, 0
3, 0
3, 0
3, 0
3, 0
3, 0
3, 0
3, 0
3, 0
0, 0x626d0
0, 0x9e700
0, 0x626f0
0, 0x9e720
0, 0x62710
0, 0x9e740
0, 0x62730
0, 0x9e760
1, 0x9e6e0
0, 0x626d0
0, 0x9e700
2, 2
3, 0
3, 0
3, 0
3, 0
3, 0
3, 0
3, 0
3, 0
3, 0
3, 0
3, 0
3, 0
3, 0
3, 0
1, 0x9e700
0, 0x626f0
0, 0x9e720
2, 2
3, 0
3, 0
3, 0
3, 0
3, 0
3, 0
3, 0
3, 0
3, 0
3, 0
3, 0
3, 0
3, 0
3, 0
1, 0x9e720
0, 0x62710
0, 0x9e740
2, 2
3, 0
3, 0
3, 0
3, 0
3, 0
3, 0
3, 0
3, 0
3, 0
3, 0
3, 0
3, 0
3, 0
3, 0
1, 0x9e740
0, 0x62730
0, 0x9e760
2, 2
3, 0
3, 0
3, 0
3, 0
3, 0
3, 0
3, 0
3, 0
3, 0
3, 0
3, 0
3, 0
3, 0
3, 0
0, 0x62750
0, 0x9e780
0, 0x62770
0, 0x9e7a0
0, 0x62790
0, 0x9e7c0
0, 0x627b0
0, 0x9e7e0
1, 0x9e760
0, 0x62750
0, 0x9e780
2, 2
3, 0
3, 0
3, 0
3, 0
3, 0
3, 0
3, 0
3, 0
3, 0
3, 0
3, 0
3, 0
3, 0
3, 0
1, 0x9e780
0, 0x62770
0, 0x9e7a0
2, 2
3, 0
3, 0
3, 0
3, 0
3, 0
3, 0
3, 0
3, 0
3, 0
3, 0
3, 0
3, 0
3, 0
3, 0
1, 0x9e7a0
0, 0x62790
0, 0x9e7c0
2, 2
3, 0
3, 0
3, 0
3, 0
3, 0
3, 0
3, 0
3, 0
3, 0
3, 0
3, 0
3, 0
3, 0
3, 0
1, 0x9e7c0
0, 0x627b0
0, 0x9e7e0
2, 2
3, 0
3, 0
3, 0
3, 0
3, 0
3, 0
3, 0
3, 0
3, 0
3, 0
3, 0
3, 0
3, 0
3, 0
0, 0x627d0
0, 0x9e800
0, 0x627f0
0, 0x9e820
0, 0x62810
0, 0x9e840
0, 0x62830
0, 0x9e860
1, 0x9e7e0
0, 0x627d0
0, 0x9e800
2, 2
3, 0
3, 0
3, 0
3, 0
3, 0
3, 0
3, 0
3, 0
3, 0
3, 0
3, 0
3, 0
3, 0
3, 0
1, 0x9e800
0, 0x627f0
0, 0x9e820
2, 2
3, 0
3, 0
3, 0
3, 0
3, 0
3, 0
3, 0
3, 0
3, 0
3, 0
3, 0
3, 0
3, 0
3, 0
1, 0x9e820
0, 0x62810
0, 0x9e840
2, 2
3, 0
3, 0
3, 0
3, 0
3, 0
3, 0
3, 0
3, 0
3, 0
3, 0
3, 0
3, 0
3, 0
3, 0
1, 0x9e840
0, 0x62830
0, 0x9e860
2, 2
3, 0
3, 0
3, 0
3, 0
3, 0
3, 0
3, 0
3, 0
3, 0
3, 0
3, 0
3, 0
3, 0
3, 0
0, 0x62850
0, 0x9e880
0, 0x62870
0, 0x9e8a0
0, 0x62890
0, 0x9e8c0
0, 0x628b0
0, 0x9e8e0
1, 0x9e860
0, 0x62850
0, 0x9e880
2, 2
3, 0
3, 0
3, 0
3, 0
3, 0
3, 0
3, 0
3, 0
3, 0
3, 0
3, 0
3, 0
3, 0
3, 0
1, 0x9e880
0, 0x62870
0, 0x9e8a0
2, 2
3, 0
3, 0
3, 0
3, 0
3, 0
3, 0
3, 0
3, 0
3, 0
3, 0
3, 0
3, 0
3, 0
3, 0
1, 0x9e8a0
0, 0x62890
0, 0x9e8c0
2, 2
3, 0
3, 0
3, 0
3, 0
3, 0
3, 0
3, 0
3, 0
3, 0
3, 0
3, 0
3, 0
3, 0
3, 0
1, 0x9e8c0
0, 0x628b0
0, 0x9e8e0
2, 2
3, 0
3, 0
3, 0
3, 0
3, 0
3, 0
3, 0
3, 0
3, 0
3, 0
3, 0
3, 0
3, 0
3, 0
0, 0x628d0
0, 0x9e900
0, 0x628f0
0, 0x9e920
0, 0x62910
0, 0x9e940
0, 0x62930
0, 0x9e960
1, 0x9e8e0
0, 0x628d0
0, 0x9e900
2, 2
3, 0
3, 0
3, 0
3, 0
3, 0
3, 0
3, 0
3, 0
3, 0
3, 0
3, 0
3, 0
3, 0
3, 0
1, 0x9e900
0, 0x628f0
0, 0x9e920
2, 2
3, 0
3, 0
3, 0
3, 0
3, 0
3, 0
3, 0
3, 0
3, 0
3, 0
3, 0
3, 0
3, 0
3, 0
1, 0x9e920
0, 0x62910
0, 0x9e940
2, 2
3, 0
3, 0
3, 0
3, 0
3, 0
3, 0
3, 0
3, 0
3, 0
3, 0
3, 0
3, 0
3, 0
3, 0
1, 0x9e940
0, 0x62930
0, 0x9e960
2, 2
3, 0
3, 0
3, 0
3, 0
3, 0
3, 0
3, 0
3, 0
3, 0
3, 0
3, 0
3, 0
3, 0
3, 0
0, 0x62950
0, 0x9e980
0, 0x62970
0, 0x9e9a0
0, 0x62990
0, 0x9e9c0
0, 0x629b0
0, 0x9e9e0
1, 0x9e960
0, 0x62950
0, 0x9e980
2, 2
3, 0
3, 0
3, 0
3, 0
3, 0
3, 0
3, 0
3, 0
3, 0
3, 0
3, 0
3, 0
3, 0
3, 0
1, 0x9e980
0, 0x62970
0, 0x9e9a0
2, 2
3, 0
3, 0
3, 0
3, 0
3, 0
3, 0
3, 0
3, 0
3, 0
3, 0
3, 0
3, 0
3, 0
3, 0
1, 0x9e9a0
0, 0x62990
0, 0x9e9c0
2, 2
3, 0
3, 0
3, 0
3, 0
3, 0
3, 0
3, 0
3, 0
3, 0
3, 0
3, 0
3, 0
3, 0
3, 0
1, 0x9e9c0
0, 0x629b0
0, 0x9e9e0
2, 2
3, 0
3, 0
3, 0
3, 0
3, 0
3, 0
3, 0
3, 0
3, 0
3, 0
3, 0
3, 0
3, 0
3, 0
0, 0x629d0
0, 0x9ea00
0, 0x629f0
0, 0x9ea20
0, 0x62a10
0, 0x9ea40
0, 0x62a30
0, 0x9ea60
1, 0x9e9e0
0, 0x629d0
0, 0x9ea00
2, 2
3, 0
3, 0
3, 0
3, 0
3, 0
3, 0
3, 0
3, 0
3, 0
3, 0
3, 0
3, 0
3, 0
3, 0
1, 0x9ea00
0, 0x629f0
0, 0x9ea20
2, 2
3, 0
3, 0
3, 0
3, 0
3, 0
3, 0
3, 0
3, 0
3, 0
3, 0
3, 0
3, 0
3, 0
3, 0
1, 0x9ea20
0, 0x62a10
0, 0x9ea40
2, 2
3, 0
3, 0
3, 0
3, 0
3, 0
3, 0
3, 0
3, 0
3, 0
3, 0
3, 0
3, 0
3, 0
3, 0
1, 0x9ea40
0, 0x62a30
0, 0x9ea60
2, 2
3, 0
3, 0
3, 0
3, 0
3, 0
3, 0
3, 0
3, 0
3, 0
3, 0
3, 0
3, 0
3, 0
3, 0
0, 0x62a50
0, 0x9ea80
0, 0x62a70
0, 0x9eaa0
0, 0x62a90
0, 0x9eac0
0, 0x62ab0
0, 0x9eae0
1, 0x9ea60
0, 0x62a50
0, 0x9ea80
2, 2
3, 0
3, 0
3, 0
3, 0
3, 0
3, 0
3, 0
3, 0
3, 0
3, 0
3, 0
3, 0
3, 0
3, 0
1, 0x9ea80
0, 0x62a70
0, 0x9eaa0
2, 2
3, 0
3, 0
3, 0
3, 0
3, 0
3, 0
3, 0
3, 0
3, 0
3, 0
3, 0
3, 0
3, 0
3, 0
1, 0x9eaa0
0, 0x62a90
0, 0x9eac0
2, 2
3, 0
3, 0
3, 0
3, 0
3, 0
3, 0
3, 0
3, 0
3, 0
3, 0
3, 0
3, 0
3, 0
3, 0
1, 0x9eac0
0, 0x62ab0
0, 0x9eae0
2, 2
3, 0
3, 0
3, 0
3, 0
3, 0
3, 0
3, 0
3, 0
3, 0
3, 0
3, 0
3, 0
3, 0
3, 0
0, 0x62ad0
0, 0x9eb00
0, 0x62af0
0, 0x9eb20
0, 0x62b10
0, 0x9eb40
0, 0x62b30
0, 0x9eb60
1, 0x9eae0
0, 0x62ad0
0, 0x9eb00
2, 2
3, 0
3, 0
3, 0
3, 0
3, 0
3, 0
3, 0
3, 0
3, 0
3, 0
3, 0
3, 0
3, 0
3, 0
1, 0x9eb00
0, 0x62af0
0, 0x9eb20
2, 2
3, 0
3, 0
3, 0
3, 0
3, 0
3, 0
3, 0
3, 0
3, 0
3, 0
3, 0
3, 0
3, 0
3, 0
1, 0x9eb20
0, 0x62b10
0, 0x9eb40
2, 2
3, 0
3, 0
3, 0
3, 0
3, 0
3, 0
3, 0
3, 0
3, 0
3, 0
3, 0
3, 0
3, 0
3, 0
1, 0x9eb40
0, 0x62b30
0, 0x9eb60
2, 2
3, 0
3, 0
3, 0
3, 0
3, 0
3, 0
3, 0
3, 0
3, 0
3, 0
3, 0
3, 0
3, 0
3, 0
0, 0x62b50
0, 0x9eb80
0, 0x62b70
0, 0x9eba0
0, 0x62b90
0, 0x9ebc0
0, 0x62bb0
0, 0x9ebe0
1, 0x9eb60
0, 0x62b50
0, 0x9eb80
2, 2
3, 0
3, 0
3, 0
3, 0
3, 0
3, 0
3, 0
3, 0
3, 0
3, 0
3, 0
3, 0
3, 0
3, 0
1, 0x9eb80
0, 0x62b70
0, 0x9eba0
2, 2
3, 0
3, 0
3, 0
3, 0
3, 0
3, 0
3, 0
3, 0
3, 0
3, 0
3, 0
3, 0
3, 0
3, 0
1, 0x9eba0
0, 0x62b90
0, 0x9ebc0
2, 2
3, 0
3, 0
3, 0
3, 0
3, 0
3, 0
3, 0
3, 0
3, 0
3, 0
3, 0
3, 0
3, 0
3, 0
1, 0x9ebc0
0, 0x62bb0
0, 0x9ebe0
2, 2
3, 0
3, 0
3, 0
3, 0
3, 0
3, 0
3, 0
3, 0
3, 0
3, 0
3, 0
3, 0
3, 0
3, 0
0, 0x62bd0
0, 0x9ec00
0, 0x62bf0
0, 0x9ec20
0, 0x62c10
0, 0x9ec40
0, 0x62c30
0, 0x9ec60
1, 0x9ebe0
0, 0x62bd0
0, 0x9ec00
2, 2
3, 0
3, 0
3, 0
3, 0
3, 0
3, 0
3, 0
3, 0
3, 0
3, 0
3, 0
3, 0
3, 0
3, 0
1, 0x9ec00
0, 0x62bf0
0, 0x9ec20
2, 2
3, 0
3, 0
3, 0
3, 0
3, 0
3, 0
3, 0
3, 0
3, 0
3, 0
3, 0
3, 0
3, 0
3, 0
1, 0x9ec20
0, 0x62c10
0, 0x9ec40
2, 2
3, 0
3, 0
3, 0
3, 0
3, 0
3, 0
3, 0
3, 0
3, 0
3, 0
3, 0
3, 0
3, 0
3, 0
1, 0x9ec40
0, 0x62c30
0, 0x9ec60
2, 2
3, 0
3, 0
3, 0
3, 0
3, 0
3, 0
3, 0
3, 0
3, 0
3, 0
3, 0
3, 0
3, 0
3, 0
0, 0x62c50
0, 0x9ec80
0, 0x62c70
0, 0x9eca0
0, 0x62c90
0, 0x9ecc0
0, 0x62cb0
0, 0x9ece0
1, 0x9ec60
0, 0x62c50
0, 0x9ec80
2, 2
3, 0
3, 0
3, 0
3, 0
3, 0
3, 0
3, 0
3, 0
3, 0
3, 0
3, 0
3, 0
3, 0
3, 0
1, 0x9ec80
0, 0x62c70
0, 0x9eca0
2, 2
3, 0
3, 0
3, 0
3, 0
3, 0
3, 0
3, 0
3, 0
3, 0
3, 0
3, 0
3, 0
3, 0
3, 0
1, 0x9eca0
0, 0x62c90
0, 0x9ecc0
2, 2
3, 0
3, 0
3, 0
3, 0
3, 0
3, 0
3, 0
3, 0
3, 0
3, 0
3, 0
3, 0
3, 0
3, 0
1, 0x9ecc0
0, 0x62cb0
0, 0x9ece0
2, 2
3, 0
3, 0
3, 0
3, 0
3, 0
3, 0
3, 0
3, 0
3, 0
3, 0
3, 0
3, 0
3, 0
3, 0
0, 0x62cd0
0, 0x9ed00
0, 0x62cf0
0, 0x9ed20
0, 0x62d10
0, 0x9ed40
0, 0x62d30
0, 0x9ed60
1, 0x9ece0
0, 0x62cd0
0, 0x9ed00
2, 2
3, 0
3, 0
3, 0
3, 0
3, 0
3, 0
3, 0
3, 0
3, 0
3, 0
3, 0
3, 0
3, 0
3, 0
1, 0x9ed00
0, 0x62cf0
0, 0x9ed20
2, 2
3, 0
3, 0
3, 0
3, 0
3, 0
3, 0
3, 0
3, 0
3, 0
3, 0
3, 0
3, 0
3, 0
3, 0
1, 0x9ed20
0, 0x62d10
0, 0x9ed40
2, 2
3, 0
3, 0
3, 0
3, 0
3, 0
3, 0
3, 0
3, 0
3, 0
3, 0
3, 0
3, 0
3, 0
3, 0
1, 0x9ed40
0, 0x62d30
0, 0x9ed60
2, 2
3, 0
3, 0
3, 0
3, 0
3, 0
3, 0
3, 0
3, 0
3, 0
3, 0
3, 0
3, 0
3, 0
3, 0
0, 0x62d50
0, 0x9ed80
0, 0x62d70
0, 0x9eda0
0, 0x62d90
0, 0x9edc0
0, 0x62db0
0, 0x9ede0
1, 0x9ed60
0, 0x62d50
0, 0x9ed80
2, 2
3, 0
3, 0
3, 0
3, 0
3, 0
3, 0
3, 0
3, 0
3, 0
3, 0
3, 0
3, 0
3, 0
3, 0
1, 0x9ed80
0, 0x62d70
0, 0x9eda0
2, 2
3, 0
3, 0
3, 0
3, 0
3, 0
3, 0
3, 0
3, 0
3, 0
3, 0
3, 0
3, 0
3, 0
3, 0
1, 0x9eda0
0, 0x62d90
0, 0x9edc0
2, 2
3, 0
3, 0
3, 0
3, 0
3, 0
3, 0
3, 0
3, 0
3, 0
3, 0
3, 0
3, 0
3, 0
3, 0
1, 0x9edc0
0, 0x62db0
0, 0x9ede0
2, 2
3, 0
3, 0
3, 0
3, 0
3, 0
3, 0
3, 0
3, 0
3, 0
3, 0
3, 0
3, 0
3, 0
3, 0
0, 0x62dd0
0, 0x9ee00
0, 0x62df0
0, 0x9ee20
0, 0x62e10
0, 0x9ee40
0, 0x62e30
0, 0x9ee60
1, 0x9ede0
0, 0x62dd0
0, 0x9ee00
2, 2
3, 0
3, 0
3, 0
3, 0
3, 0
3, 0
3, 0
3, 0
3, 0
3, 0
3, 0
3, 0
3, 0
3, 0
1, 0x9ee00
0, 0x62df0
0, 0x9ee20
2, 2
3, 0
3, 0
3, 0
3, 0
3, 0
3, 0
3, 0
3, 0
3, 0
3, 0
3, 0
3, 0
3, 0
3, 0
1, 0x9ee20
0, 0x62e10
0, 0x9ee40
2, 2
3, 0
3, 0
3, 0
3, 0
3, 0
3, 0
3, 0
3, 0
3, 0
3, 0
3, 0
3, 0
3, 0
3, 0
1, 0x9ee40
0, 0x62e30
0, 0x9ee60
2, 2
3, 0
3, 0
3, 0
3, 0
3, 0
3, 0
3, 0
3, 0
3, 0
3, 0
3, 0
3, 0
3, 0
3, 0
0, 0x62e50
0, 0x9ee80
0, 0x62e70
0, 0x9eea0
0, 0x62e90
0, 0x9eec0
0, 0x62eb0
0, 0x9eee0
1, 0x9ee60
0, 0x62e50
0, 0x9ee80
2, 2
3, 0
3, 0
3, 0
3, 0
3, 0
3, 0
3, 0
3, 0
3, 0
3, 0
3, 0
3, 0
3, 0
3, 0
1, 0x9ee80
0, 0x62e70
0, 0x9eea0
2, 2
3, 0
3, 0
3, 0
3, 0
3, 0
3, 0
3, 0
3, 0
3, 0
3, 0
3, 0
3, 0
3, 0
3, 0
1, 0x9eea0
0, 0x62e90
0, 0x9eec0
2, 2
3, 0
3, 0
3, 0
3, 0
3, 0
3, 0
3, 0
3, 0
3, 0
3, 0
3, 0
3, 0
3, 0
3, 0
1, 0x9eec0
0, 0x62eb0
0, 0x9eee0
2, 2
3, 0
3, 0
3, 0
3, 0
3, 0
3, 0
3, 0
3, 0
3, 0
3, 0
3, 0
3, 0
3, 0
3, 0
0, 0x62ed0
0, 0x9ef00
0, 0x62ef0
0, 0x9ef20
0, 0x62f10
0, 0x9ef40
0, 0x62f30
0, 0x9ef60
1, 0x9eee0
0, 0x62ed0
0, 0x9ef00
2, 2
3, 0
3, 0
3, 0
3, 0
3, 0
3, 0
3, 0
3, 0
3, 0
3, 0
3, 0
3, 0
3, 0
3, 0
1, 0x9ef00
0, 0x62ef0
0, 0x9ef20
2, 2
3, 0
3, 0
3, 0
3, 0
3, 0
3, 0
3, 0
3, 0
3, 0
3, 0
3, 0
3, 0
3, 0
3, 0
1, 0x9ef20
0, 0x62f10
0, 0x9ef40
2, 2
3, 0
3, 0
3, 0
3, 0
3, 0
3, 0
3, 0
3, 0
3, 0
3, 0
3, 0
3, 0
3, 0
3, 0
1, 0x9ef40
0, 0x62f30
0, 0x9ef60
2, 2
3, 0
3, 0
3, 0
3, 0
3, 0
3, 0
3, 0
3, 0
3, 0
3, 0
3, 0
3, 0
3, 0
3, 0
0, 0x62f50
0, 0x9ef80
0, 0x62f70
0, 0x9efa0
0, 0x62f90
0, 0x9efc0
0, 0x62fb0
0, 0x9efe0
1, 0x9ef60
0, 0x62f50
0, 0x9ef80
2, 2
3, 0
3, 0
3, 0
3, 0
3, 0
3, 0
3, 0
3, 0
3, 0
3, 0
3, 0
3, 0
3, 0
3, 0
1, 0x9ef80
0, 0x62f70
0, 0x9efa0
2, 2
3, 0
3, 0
3, 0
3, 0
3, 0
3, 0
3, 0
3, 0
3, 0
3, 0
3, 0
3, 0
3, 0
3, 0
1, 0x9efa0
0, 0x62f90
0, 0x9efc0
2, 2
3, 0
3, 0
3, 0
3, 0
3, 0
3, 0
3, 0
3, 0
3, 0
3, 0
3, 0
3, 0
3, 0
3, 0
1, 0x9efc0
0, 0x62fb0
0, 0x9efe0
2, 2
3, 0
3, 0
3, 0
3, 0
3, 0
3, 0
3, 0
3, 0
3, 0
3, 0
3, 0
3, 0
3, 0
3, 0
0, 0x62fd0
0, 0x9f000
0, 0x62ff0
0, 0x9f020
0, 0x63010
0, 0x9f040
0, 0x63030
0, 0x9f060
1, 0x9efe0
0, 0x62fd0
0, 0x9f000
2, 2
3, 0
3, 0
3, 0
3, 0
3, 0
3, 0
3, 0
3, 0
3, 0
3, 0
3, 0
3, 0
3, 0
3, 0
1, 0x9f000
0, 0x62ff0
0, 0x9f020
2, 2
3, 0
3, 0
3, 0
3, 0
3, 0
3, 0
3, 0
3, 0
3, 0
3, 0
3, 0
3, 0
3, 0
3, 0
1, 0x9f020
0, 0x63010
0, 0x9f040
2, 2
3, 0
3, 0
3, 0
3, 0
3, 0
3, 0
3, 0
3, 0
3, 0
3, 0
3, 0
3, 0
3, 0
3, 0
1, 0x9f040
0, 0x63030
0, 0x9f060
2, 2
3, 0
3, 0
3, 0
3, 0
3, 0
3, 0
3, 0
3, 0
3, 0
3, 0
3, 0
3, 0
3, 0
3, 0
0, 0x63050
0, 0x9f080
0, 0x63070
0, 0x9f0a0
0, 0x63090
0, 0x9f0c0
0, 0x630b0
0, 0x9f0e0
1, 0x9f060
0, 0x63050
0, 0x9f080
2, 2
3, 0
3, 0
3, 0
3, 0
3, 0
3, 0
3, 0
3, 0
3, 0
3, 0
3, 0
3, 0
3, 0
3, 0
1, 0x9f080
0, 0x63070
0, 0x9f0a0
2, 2
3, 0
3, 0
3, 0
3, 0
3, 0
3, 0
3, 0
3, 0
3, 0
3, 0
3, 0
3, 0
3, 0
3, 0
1, 0x9f0a0
0, 0x63090
0, 0x9f0c0
2, 2
3, 0
3, 0
3, 0
3, 0
3, 0
3, 0
3, 0
3, 0
3, 0
3, 0
3, 0
3, 0
3, 0
3, 0
1, 0x9f0c0
0, 0x630b0
0, 0x9f0e0
2, 2
3, 0
3, 0
3, 0
3, 0
3, 0
3, 0
3, 0
3, 0
3, 0
3, 0
3, 0
3, 0
3, 0
3, 0
0, 0x630d0
0, 0x9f100
0, 0x630f0
0, 0x9f120
0, 0x63110
0, 0x9f140
0, 0x63130
0, 0x9f160
1, 0x9f0e0
0, 0x630d0
0, 0x9f100
2, 2
3, 0
3, 0
3, 0
3, 0
3, 0
3, 0
3, 0
3, 0
3, 0
3, 0
3, 0
3, 0
3, 0
3, 0
1, 0x9f100
0, 0x630f0
0, 0x9f120
2, 2
3, 0
3, 0
3, 0
3, 0
3, 0
3, 0
3, 0
3, 0
3, 0
3, 0
3, 0
3, 0
3, 0
3, 0
1, 0x9f120
0, 0x63110
0, 0x9f140
2, 2
3, 0
3, 0
3, 0
3, 0
3, 0
3, 0
3, 0
3, 0
3, 0
3, 0
3, 0
3, 0
3, 0
3, 0
1, 0x9f140
0, 0x63130
0, 0x9f160
2, 2
3, 0
3, 0
3, 0
3, 0
3, 0
3, 0
3, 0
3, 0
3, 0
3, 0
3, 0
3, 0
3, 0
3, 0
0, 0x63150
0, 0x9f180
0, 0x63170
0, 0x9f1a0
0, 0x63190
0, 0x9f1c0
0, 0x631b0
0, 0x9f1e0
1, 0x9f160
0, 0x63150
0, 0x9f180
2, 2
3, 0
3, 0
3, 0
3, 0
3, 0
3, 0
3, 0
3, 0
3, 0
3, 0
3, 0
3, 0
3, 0
3, 0
1, 0x9f180
0, 0x63170
0, 0x9f1a0
2, 2
3, 0
3, 0
3, 0
3, 0
3, 0
3, 0
3, 0
3, 0
3, 0
3, 0
3, 0
3, 0
3, 0
3, 0
1, 0x9f1a0
0, 0x63190
0, 0x9f1c0
2, 2
3, 0
3, 0
3, 0
3, 0
3, 0
3, 0
3, 0
3, 0
3, 0
3, 0
3, 0
3, 0
3, 0
3, 0
1, 0x9f1c0
0, 0x631b0
0, 0x9f1e0
2, 2
3, 0
3, 0
3, 0
3, 0
3, 0
3, 0
3, 0
3, 0
3, 0
3, 0
3, 0
3, 0
3, 0
3, 0
0, 0x631d0
0, 0x9f200
0, 0x631f0
0, 0x9f220
0, 0x63210
0, 0x9f240
0, 0x63230
0, 0x9f260
1, 0x9f1e0
0, 0x631d0
0, 0x9f200
2, 2
3, 0
3, 0
3, 0
3, 0
3, 0
3, 0
3, 0
3, 0
3, 0
3, 0
3, 0
3, 0
3, 0
3, 0
1, 0x9f200
0, 0x631f0
0, 0x9f220
2, 2
3, 0
3, 0
3, 0
3, 0
3, 0
3, 0
3, 0
3, 0
3, 0
3, 0
3, 0
3, 0
3, 0
3, 0
1, 0x9f220
0, 0x63210
0, 0x9f240
2, 2
3, 0
3, 0
3, 0
3, 0
3, 0
3, 0
3, 0
3, 0
3, 0
3, 0
3, 0
3, 0
3, 0
3, 0
1, 0x9f240
0, 0x63230
0, 0x9f260
2, 2
3, 0
3, 0
3, 0
3, 0
3, 0
3, 0
3, 0
3, 0
3, 0
3, 0
3, 0
3, 0
3, 0
3, 0
0, 0x63250
0, 0x9f280
0, 0x63270
0, 0x9f2a0
0, 0x63290
0, 0x9f2c0
0, 0x632b0
0, 0x9f2e0
1, 0x9f260
0, 0x63250
0, 0x9f280
2, 2
3, 0
3, 0
3, 0
3, 0
3, 0
3, 0
3, 0
3, 0
3, 0
3, 0
3, 0
3, 0
3, 0
3, 0
1, 0x9f280
0, 0x63270
0, 0x9f2a0
2, 2
3, 0
3, 0
3, 0
3, 0
3, 0
3, 0
3, 0
3, 0
3, 0
3, 0
3, 0
3, 0
3, 0
3, 0
1, 0x9f2a0
0, 0x63290
0, 0x9f2c0
2, 2
3, 0
3, 0
3, 0
3, 0
3, 0
3, 0
3, 0
3, 0
3, 0
3, 0
3, 0
3, 0
3, 0
3, 0
1, 0x9f2c0
0, 0x632b0
0, 0x9f2e0
2, 2
3, 0
3, 0
3, 0
3, 0
3, 0
3, 0
3, 0
3, 0
3, 0
3, 0
3, 0
3, 0
3, 0
3, 0
0, 0x632d0
0, 0x9f300
0, 0x632f0
0, 0x9f320
0, 0x63310
0, 0x9f340
0, 0x63330
0, 0x9f360
1, 0x9f2e0
0, 0x632d0
0, 0x9f300
2, 2
3, 0
3, 0
3, 0
3, 0
3, 0
3, 0
3, 0
3, 0
3, 0
3, 0
3, 0
3, 0
3, 0
3, 0
1, 0x9f300
0, 0x632f0
0, 0x9f320
2, 2
3, 0
3, 0
3, 0
3, 0
3, 0
3, 0
3, 0
3, 0
3, 0
3, 0
3, 0
3, 0
3, 0
3, 0
1, 0x9f320
0, 0x63310
0, 0x9f340
2, 2
3, 0
3, 0
3, 0
3, 0
3, 0
3, 0
3, 0
3, 0
3, 0
3, 0
3, 0
3, 0
3, 0
3, 0
1, 0x9f340
0, 0x63330
0, 0x9f360
2, 2
3, 0
3, 0
3, 0
3, 0
3, 0
3, 0
3, 0
3, 0
3, 0
3, 0
3, 0
3, 0
3, 0
3, 0
0, 0x63350
0, 0x9f380
0, 0x63370
0, 0x9f3a0
0, 0x63390
0, 0x9f3c0
0, 0x633b0
0, 0x9f3e0
1, 0x9f360
0, 0x63350
0, 0x9f380
2, 2
3, 0
3, 0
3, 0
3, 0
3, 0
3, 0
3, 0
3, 0
3, 0
3, 0
3, 0
3, 0
3, 0
3, 0
1, 0x9f380
0, 0x63370
0, 0x9f3a0
2, 2
3, 0
3, 0
3, 0
3, 0
3, 0
3, 0
3, 0
3, 0
3, 0
3, 0
3, 0
3, 0
3, 0
3, 0
1, 0x9f3a0
0, 0x63390
0, 0x9f3c0
2, 2
3, 0
3, 0
3, 0
3, 0
3, 0
3, 0
3, 0
3, 0
3, 0
3, 0
3, 0
3, 0
3, 0
3, 0
1, 0x9f3c0
0, 0x633b0
0, 0x9f3e0
2, 2
3, 0
3, 0
3, 0
3, 0
3, 0
3, 0
3, 0
3, 0
3, 0
3, 0
3, 0
3, 0
3, 0
3, 0
0, 0x633d0
0, 0x9f400
0, 0x633f0
0, 0x9f420
0, 0x63410
0, 0x9f440
0, 0x63430
0, 0x9f460
1, 0x9f3e0
0, 0x633d0
0, 0x9f400
2, 2
3, 0
3, 0
3, 0
3, 0
3, 0
3, 0
3, 0
3, 0
3, 0
3, 0
3, 0
3, 0
3, 0
3, 0
1, 0x9f400
0, 0x633f0
0, 0x9f420
2, 2
3, 0
3, 0
3, 0
3, 0
3, 0
3, 0
3, 0
3, 0
3, 0
3, 0
3, 0
3, 0
3, 0
3, 0
1, 0x9f420
0, 0x63410
0, 0x9f440
2, 2
3, 0
3, 0
3, 0
3, 0
3, 0
3, 0
3, 0
3, 0
3, 0
3, 0
3, 0
3, 0
3, 0
3, 0
1, 0x9f440
0, 0x63430
0, 0x9f460
2, 2
3, 0
3, 0
3, 0
3, 0
3, 0
3, 0
3, 0
3, 0
3, 0
3, 0
3, 0
3, 0
3, 0
3, 0
0, 0x63450
0, 0x9f480
0, 0x63470
0, 0x9f4a0
0, 0x63490
0, 0x9f4c0
0, 0x634b0
0, 0x9f4e0
1, 0x9f460
0, 0x63450
0, 0x9f480
2, 2
3, 0
3, 0
3, 0
3, 0
3, 0
3, 0
3, 0
3, 0
3, 0
3, 0
3, 0
3, 0
3, 0
3, 0
1, 0x9f480
0, 0x63470
0, 0x9f4a0
2, 2
3, 0
3, 0
3, 0
3, 0
3, 0
3, 0
3, 0
3, 0
3, 0
3, 0
3, 0
3, 0
3, 0
3, 0
1, 0x9f4a0
0, 0x63490
0, 0x9f4c0
2, 2
3, 0
3, 0
3, 0
3, 0
3, 0
3, 0
3, 0
3, 0
3, 0
3, 0
3, 0
3, 0
3, 0
3, 0
1, 0x9f4c0
0, 0x634b0
0, 0x9f4e0
2, 2
3, 0
3, 0
3, 0
3, 0
3, 0
3, 0
3, 0
3, 0
3, 0
3, 0
3, 0
3, 0
3, 0
3, 0
0, 0x634d0
0, 0x9f500
0, 0x634f0
0, 0x9f520
0, 0x63510
0, 0x9f540
0, 0x63530
0, 0x9f560
1, 0x9f4e0
0, 0x634d0
0, 0x9f500
2, 2
3, 0
3, 0
3, 0
3, 0
3, 0
3, 0
3, 0
3, 0
3, 0
3, 0
3, 0
3, 0
3, 0
3, 0
1, 0x9f500
0, 0x634f0
0, 0x9f520
2, 2
3, 0
3, 0
3, 0
3, 0
3, 0
3, 0
3, 0
3, 0
3, 0
3, 0
3, 0
3, 0
3, 0
3, 0
1, 0x9f520
0, 0x63510
0, 0x9f540
2, 2
3, 0
3, 0
3, 0
3, 0
3, 0
3, 0
3, 0
3, 0
3, 0
3, 0
3, 0
3, 0
3, 0
3, 0
1, 0x9f540
0, 0x63530
0, 0x9f560
2, 2
3, 0
3, 0
3, 0
3, 0
3, 0
3, 0
3, 0
3, 0
3, 0
3, 0
3, 0
3, 0
3, 0
3, 0
0, 0x63550
0, 0x9f580
0, 0x63570
0, 0x9f5a0
0, 0x63590
0, 0x9f5c0
0, 0x635b0
0, 0x9f5e0
1, 0x9f560
0, 0x63550
0, 0x9f580
2, 2
3, 0
3, 0
3, 0
3, 0
3, 0
3, 0
3, 0
3, 0
3, 0
3, 0
3, 0
3, 0
3, 0
3, 0
1, 0x9f580
0, 0x63570
0, 0x9f5a0
2, 2
3, 0
3, 0
3, 0
3, 0
3, 0
3, 0
3, 0
3, 0
3, 0
3, 0
3, 0
3, 0
3, 0
3, 0
1, 0x9f5a0
0, 0x63590
0, 0x9f5c0
2, 2
3, 0
3, 0
3, 0
3, 0
3, 0
3, 0
3, 0
3, 0
3, 0
3, 0
3, 0
3, 0
3, 0
3, 0
1, 0x9f5c0
0, 0x635b0
0, 0x9f5e0
2, 2
3, 0
3, 0
3, 0
3, 0
3, 0
3, 0
3, 0
3, 0
3, 0
3, 0
3, 0
3, 0
3, 0
3, 0
0, 0x635d0
0, 0x9f600
0, 0x635f0
0, 0x9f620
0, 0x63610
0, 0x9f640
0, 0x63630
0, 0x9f660
1, 0x9f5e0
0, 0x635d0
0, 0x9f600
2, 2
3, 0
3, 0
3, 0
3, 0
3, 0
3, 0
3, 0
3, 0
3, 0
3, 0
3, 0
3, 0
3, 0
3, 0
1, 0x9f600
0, 0x635f0
0, 0x9f620
2, 2
3, 0
3, 0
3, 0
3, 0
3, 0
3, 0
3, 0
3, 0
3, 0
3, 0
3, 0
3, 0
3, 0
3, 0
1, 0x9f620
0, 0x63610
0, 0x9f640
2, 2
3, 0
3, 0
3, 0
3, 0
3, 0
3, 0
3, 0
3, 0
3, 0
3, 0
3, 0
3, 0
3, 0
3, 0
1, 0x9f640
0, 0x63630
0, 0x9f660
2, 2
3, 0
3, 0
3, 0
3, 0
3, 0
3, 0
3, 0
3, 0
3, 0
3, 0
3, 0
3, 0
3, 0
3, 0
0, 0x63650
0, 0x9f680
0, 0x63670
0, 0x9f6a0
0, 0x63690
0, 0x9f6c0
0, 0x636b0
0, 0x9f6e0
1, 0x9f660
0, 0x63650
0, 0x9f680
2, 2
3, 0
3, 0
3, 0
3, 0
3, 0
3, 0
3, 0
3, 0
3, 0
3, 0
3, 0
3, 0
3, 0
3, 0
1, 0x9f680
0, 0x63670
0, 0x9f6a0
2, 2
3, 0
3, 0
3, 0
3, 0
3, 0
3, 0
3, 0
3, 0
3, 0
3, 0
3, 0
3, 0
3, 0
3, 0
1, 0x9f6a0
0, 0x63690
0, 0x9f6c0
2, 2
3, 0
3, 0
3, 0
3, 0
3, 0
3, 0
3, 0
3, 0
3, 0
3, 0
3, 0
3, 0
3, 0
3, 0
1, 0x9f6c0
0, 0x636b0
0, 0x9f6e0
2, 2
3, 0
3, 0
3, 0
3, 0
3, 0
3, 0
3, 0
3, 0
3, 0
3, 0
3, 0
3, 0
3, 0
3, 0
0, 0x636d0
0, 0x9f700
0, 0x636f0
0, 0x9f720
0, 0x63710
0, 0x9f740
0, 0x63730
0, 0x9f760
1, 0x9f6e0
0, 0x636d0
0, 0x9f700
2, 2
3, 0
3, 0
3, 0
3, 0
3, 0
3, 0
3, 0
3, 0
3, 0
3, 0
3, 0
3, 0
3, 0
3, 0
1, 0x9f700
0, 0x636f0
0, 0x9f720
2, 2
3, 0
3, 0
3, 0
3, 0
3, 0
3, 0
3, 0
3, 0
3, 0
3, 0
3, 0
3, 0
3, 0
3, 0
1, 0x9f720
0, 0x63710
0, 0x9f740
2, 2
3, 0
3, 0
3, 0
3, 0
3, 0
3, 0
3, 0
3, 0
3, 0
3, 0
3, 0
3, 0
3, 0
3, 0
1, 0x9f740
0, 0x63730
0, 0x9f760
2, 2
3, 0
3, 0
3, 0
3, 0
3, 0
3, 0
3, 0
3, 0
3, 0
3, 0
3, 0
3, 0
3, 0
3, 0
0, 0x63750
0, 0x9f780
0, 0x63770
0, 0x9f7a0
0, 0x63790
0, 0x9f7c0
0, 0x637b0
0, 0x9f7e0
1, 0x9f760
0, 0x63750
0, 0x9f780
2, 2
3, 0
3, 0
3, 0
3, 0
3, 0
3, 0
3, 0
3, 0
3, 0
3, 0
3, 0
3, 0
3, 0
3, 0
1, 0x9f780
0, 0x63770
0, 0x9f7a0
2, 2
3, 0
3, 0
3, 0
3, 0
3, 0
3, 0
3, 0
3, 0
3, 0
3, 0
3, 0
3, 0
3, 0
3, 0
1, 0x9f7a0
0, 0x63790
0, 0x9f7c0
2, 2
3, 0
3, 0
3, 0
3, 0
3, 0
3, 0
3, 0
3, 0
3, 0
3, 0
3, 0
3, 0
3, 0
3, 0
1, 0x9f7c0
0, 0x637b0
0, 0x9f7e0
2, 2
3, 0
3, 0
3, 0
3, 0
3, 0
3, 0
3, 0
3, 0
3, 0
3, 0
3, 0
3, 0
3, 0
3, 0
0, 0x637d0
0, 0x9f800
0, 0x637f0
0, 0x9f820
0, 0x63810
0, 0x9f840
0, 0x63830
0, 0x9f860
1, 0x9f7e0
0, 0x637d0
0, 0x9f800
2, 2
3, 0
3, 0
3, 0
3, 0
3, 0
3, 0
3, 0
3, 0
3, 0
3, 0
3, 0
3, 0
3, 0
3, 0
1, 0x9f800
0, 0x637f0
0, 0x9f820
2, 2
3, 0
3, 0
3, 0
3, 0
3, 0
3, 0
3, 0
3, 0
3, 0
3, 0
3, 0
3, 0
3, 0
3, 0
1, 0x9f820
0, 0x63810
0, 0x9f840
2, 2
3, 0
3, 0
3, 0
3, 0
3, 0
3, 0
3, 0
3, 0
3, 0
3, 0
3, 0
3, 0
3, 0
3, 0
1, 0x9f840
0, 0x63830
0, 0x9f860
2, 2
3, 0
3, 0
3, 0
3, 0
3, 0
3, 0
3, 0
3, 0
3, 0
3, 0
3, 0
3, 0
3, 0
3, 0
0, 0x63850
0, 0x9f880
0, 0x63870
0, 0x9f8a0
0, 0x63890
0, 0x9f8c0
0, 0x638b0
0, 0x9f8e0
1, 0x9f860
0, 0x63850
0, 0x9f880
2, 2
3, 0
3, 0
3, 0
3, 0
3, 0
3, 0
3, 0
3, 0
3, 0
3, 0
3, 0
3, 0
3, 0
3, 0
1, 0x9f880
0, 0x63870
0, 0x9f8a0
2, 2
3, 0
3, 0
3, 0
3, 0
3, 0
3, 0
3, 0
3, 0
3, 0
3, 0
3, 0
3, 0
3, 0
3, 0
1, 0x9f8a0
0, 0x63890
0, 0x9f8c0
2, 2
3, 0
3, 0
3, 0
3, 0
3, 0
3, 0
3, 0
3, 0
3, 0
3, 0
3, 0
3, 0
3, 0
3, 0
1, 0x9f8c0
0, 0x638b0
0, 0x9f8e0
2, 2
3, 0
3, 0
3, 0
3, 0
3, 0
3, 0
3, 0
3, 0
3, 0
3, 0
3, 0
3, 0
3, 0
3, 0
0, 0x638d0
0, 0x9f900
0, 0x638f0
0, 0x9f920
0, 0x63910
0, 0x9f940
0, 0x63930
0, 0x9f960
1, 0x9f8e0
0, 0x638d0
0, 0x9f900
2, 2
3, 0
3, 0
3, 0
3, 0
3, 0
3, 0
3, 0
3, 0
3, 0
3, 0
3, 0
3, 0
3, 0
3, 0
1, 0x9f900
0, 0x638f0
0, 0x9f920
2, 2
3, 0
3, 0
3, 0
3, 0
3, 0
3, 0
3, 0
3, 0
3, 0
3, 0
3, 0
3, 0
3, 0
3, 0
1, 0x9f920
0, 0x63910
0, 0x9f940
2, 2
3, 0
3, 0
3, 0
3, 0
3, 0
3, 0
3, 0
3, 0
3, 0
3, 0
3, 0
3, 0
3, 0
3, 0
1, 0x9f940
0, 0x63930
0, 0x9f960
2, 2
3, 0
3, 0
3, 0
3, 0
3, 0
3, 0
3, 0
3, 0
3, 0
3, 0
3, 0
3, 0
3, 0
3, 0
0, 0x63950
0, 0x9f980
0, 0x63970
0, 0x9f9a0
0, 0x63990
0, 0x9f9c0
0, 0x639b0
0, 0x9f9e0
1, 0x9f960
0, 0x63950
0, 0x9f980
2, 2
3, 0
3, 0
3, 0
3, 0
3, 0
3, 0
3, 0
3, 0
3, 0
3, 0
3, 0
3, 0
3, 0
3, 0
1, 0x9f980
0, 0x63970
0, 0x9f9a0
2, 2
3, 0
3, 0
3, 0
3, 0
3, 0
3, 0
3, 0
3, 0
3, 0
3, 0
3, 0
3, 0
3, 0
3, 0
1, 0x9f9a0
0, 0x63990
0, 0x9f9c0
2, 2
3, 0
3, 0
3, 0
3, 0
3, 0
3, 0
3, 0
3, 0
3, 0
3, 0
3, 0
3, 0
3, 0
3, 0
1, 0x9f9c0
0, 0x639b0
0, 0x9f9e0
2, 2
3, 0
3, 0
3, 0
3, 0
3, 0
3, 0
3, 0
3, 0
3, 0
3, 0
3, 0
3, 0
3, 0
3, 0
0, 0x639d0
0, 0x9fa00
0, 0x639f0
0, 0x9fa20
0, 0x63a10
0, 0x9fa40
0, 0x63a30
0, 0x9fa60
1, 0x9f9e0
0, 0x639d0
0, 0x9fa00
2, 2
3, 0
3, 0
3, 0
3, 0
3, 0
3, 0
3, 0
3, 0
3, 0
3, 0
3, 0
3, 0
3, 0
3, 0
1, 0x9fa00
0, 0x639f0
0, 0x9fa20
2, 2
3, 0
3, 0
3, 0
3, 0
3, 0
3, 0
3, 0
3, 0
3, 0
3, 0
3, 0
3, 0
3, 0
3, 0
1, 0x9fa20
0, 0x63a10
0, 0x9fa40
2, 2
3, 0
3, 0
3, 0
3, 0
3, 0
3, 0
3, 0
3, 0
3, 0
3, 0
3, 0
3, 0
3, 0
3, 0
1, 0x9fa40
0, 0x63a30
0, 0x9fa60
2, 2
3, 0
3, 0
3, 0
3, 0
3, 0
3, 0
3, 0
3, 0
3, 0
3, 0
3, 0
3, 0
3, 0
3, 0
0, 0x63a50
0, 0x9fa80
0, 0x63a70
0, 0x9faa0
0, 0x63a90
0, 0x9fac0
0, 0x63ab0
0, 0x9fae0
1, 0x9fa60
0, 0x63a50
0, 0x9fa80
2, 2
3, 0
3, 0
3, 0
3, 0
3, 0
3, 0
3, 0
3, 0
3, 0
3, 0
3, 0
3, 0
3, 0
3, 0
1, 0x9fa80
0, 0x63a70
0, 0x9faa0
2, 2
3, 0
3, 0
3, 0
3, 0
3, 0
3, 0
3, 0
3, 0
3, 0
3, 0
3, 0
3, 0
3, 0
3, 0
1, 0x9faa0
0, 0x63a90
0, 0x9fac0
2, 2
3, 0
3, 0
3, 0
3, 0
3, 0
3, 0
3, 0
3, 0
3, 0
3, 0
3, 0
3, 0
3, 0
3, 0
1, 0x9fac0
0, 0x63ab0
0, 0x9fae0
2, 2
3, 0
3, 0
3, 0
3, 0
3, 0
3, 0
3, 0
3, 0
3, 0
3, 0
3, 0
3, 0
3, 0
3, 0
0, 0x63ad0
0, 0x9fb00
0, 0x63af0
0, 0x9fb20
0, 0x63b10
0, 0x9fb40
0, 0x63b30
0, 0x9fb60
1, 0x9fae0
0, 0x63ad0
0, 0x9fb00
2, 2
3, 0
3, 0
3, 0
3, 0
3, 0
3, 0
3, 0
3, 0
3, 0
3, 0
3, 0
3, 0
3, 0
3, 0
1, 0x9fb00
0, 0x63af0
0, 0x9fb20
2, 2
3, 0
3, 0
3, 0
3, 0
3, 0
3, 0
3, 0
3, 0
3, 0
3, 0
3, 0
3, 0
3, 0
3, 0
1, 0x9fb20
0, 0x63b10
0, 0x9fb40
2, 2
3, 0
3, 0
3, 0
3, 0
3, 0
3, 0
3, 0
3, 0
3, 0
3, 0
3, 0
3, 0
3, 0
3, 0
1, 0x9fb40
0, 0x63b30
0, 0x9fb60
2, 2
3, 0
3, 0
3, 0
3, 0
3, 0
3, 0
3, 0
3, 0
3, 0
3, 0
3, 0
3, 0
3, 0
3, 0
0, 0x63b50
0, 0x9fb80
0, 0x63b70
0, 0x9fba0
0, 0x63b90
0, 0x9fbc0
0, 0x63bb0
0, 0x9fbe0
1, 0x9fb60
0, 0x63b50
0, 0x9fb80
2, 2
3, 0
3, 0
3, 0
3, 0
3, 0
3, 0
3, 0
3, 0
3, 0
3, 0
3, 0
3, 0
3, 0
3, 0
1, 0x9fb80
0, 0x63b70
0, 0x9fba0
2, 2
3, 0
3, 0
3, 0
3, 0
3, 0
3, 0
3, 0
3, 0
3, 0
3, 0
3, 0
3, 0
3, 0
3, 0
1, 0x9fba0
0, 0x63b90
0, 0x9fbc0
2, 2
3, 0
3, 0
3, 0
3, 0
3, 0
3, 0
3, 0
3, 0
3, 0
3, 0
3, 0
3, 0
3, 0
3, 0
1, 0x9fbc0
0, 0x63bb0
0, 0x9fbe0
2, 2
3, 0
3, 0
3, 0
3, 0
3, 0
3, 0
3, 0
3, 0
3, 0
3, 0
3, 0
3, 0
3, 0
3, 0
0, 0x63bd0
0, 0x9fc00
0, 0x63bf0
0, 0x9fc20
0, 0x63c10
0, 0x9fc40
0, 0x63c30
0, 0x9fc60
1, 0x9fbe0
0, 0x63bd0
0, 0x9fc00
2, 2
3, 0
3, 0
3, 0
3, 0
3, 0
3, 0
3, 0
3, 0
3, 0
3, 0
3, 0
3, 0
3, 0
3, 0
1, 0x9fc00
0, 0x63bf0
0, 0x9fc20
2, 2
3, 0
3, 0
3, 0
3, 0
3, 0
3, 0
3, 0
3, 0
3, 0
3, 0
3, 0
3, 0
3, 0
3, 0
1, 0x9fc20
0, 0x63c10
0, 0x9fc40
2, 2
3, 0
3, 0
3, 0
3, 0
3, 0
3, 0
3, 0
3, 0
3, 0
3, 0
3, 0
3, 0
3, 0
3, 0
1, 0x9fc40
0, 0x63c30
0, 0x9fc60
2, 2
3, 0
3, 0
3, 0
3, 0
3, 0
3, 0
3, 0
3, 0
3, 0
3, 0
3, 0
3, 0
3, 0
3, 0
0, 0x63c50
0, 0x9fc80
0, 0x63c70
0, 0x9fca0
0, 0x63c90
0, 0x9fcc0
0, 0x63cb0
0, 0x9fce0
1, 0x9fc60
0, 0x63c50
0, 0x9fc80
2, 2
3, 0
3, 0
3, 0
3, 0
3, 0
3, 0
3, 0
3, 0
3, 0
3, 0
3, 0
3, 0
3, 0
3, 0
1, 0x9fc80
0, 0x63c70
0, 0x9fca0
2, 2
3, 0
3, 0
3, 0
3, 0
3, 0
3, 0
3, 0
3, 0
3, 0
3, 0
3, 0
3, 0
3, 0
3, 0
1, 0x9fca0
0, 0x63c90
0, 0x9fcc0
2, 2
3, 0
3, 0
3, 0
3, 0
3, 0
3, 0
3, 0
3, 0
3, 0
3, 0
3, 0
3, 0
3, 0
3, 0
1, 0x9fcc0
0, 0x63cb0
0, 0x9fce0
2, 2
3, 0
3, 0
3, 0
3, 0
3, 0
3, 0
3, 0
3, 0
3, 0
3, 0
3, 0
3, 0
3, 0
3, 0
0, 0x63cd0
0, 0x9fd00
0, 0x63cf0
0, 0x9fd20
0, 0x63d10
0, 0x9fd40
0, 0x63d30
0, 0x9fd60
1, 0x9fce0
0, 0x63cd0
0, 0x9fd00
2, 2
3, 0
3, 0
3, 0
3, 0
3, 0
3, 0
3, 0
3, 0
3, 0
3, 0
3, 0
3, 0
3, 0
3, 0
1, 0x9fd00
0, 0x63cf0
0, 0x9fd20
2, 2
3, 0
3, 0
3, 0
3, 0
3, 0
3, 0
3, 0
3, 0
3, 0
3, 0
3, 0
3, 0
3, 0
3, 0
1, 0x9fd20
0, 0x63d10
0, 0x9fd40
2, 2
3, 0
3, 0
3, 0
3, 0
3, 0
3, 0
3, 0
3, 0
3, 0
3, 0
3, 0
3, 0
3, 0
3, 0
1, 0x9fd40
0, 0x63d30
0, 0x9fd60
2, 2
3, 0
3, 0
3, 0
3, 0
3, 0
3, 0
3, 0
3, 0
3, 0
3, 0
3, 0
3, 0
3, 0
3, 0
0, 0x63d50
0, 0x9fd80
0, 0x63d70
0, 0x9fda0
0, 0x63d90
0, 0x9fdc0
0, 0x63db0
0, 0x9fde0
1, 0x9fd60
0, 0x63d50
0, 0x9fd80
2, 2
3, 0
3, 0
3, 0
3, 0
3, 0
3, 0
3, 0
3, 0
3, 0
3, 0
3, 0
3, 0
3, 0
3, 0
1, 0x9fd80
0, 0x63d70
0, 0x9fda0
2, 2
3, 0
3, 0
3, 0
3, 0
3, 0
3, 0
3, 0
3, 0
3, 0
3, 0
3, 0
3, 0
3, 0
3, 0
1, 0x9fda0
0, 0x63d90
0, 0x9fdc0
2, 2
3, 0
3, 0
3, 0
3, 0
3, 0
3, 0
3, 0
3, 0
3, 0
3, 0
3, 0
3, 0
3, 0
3, 0
1, 0x9fdc0
0, 0x63db0
0, 0x9fde0
2, 2
3, 0
3, 0
3, 0
3, 0
3, 0
3, 0
3, 0
3, 0
3, 0
3, 0
3, 0
3, 0
3, 0
3, 0
0, 0x63dd0
0, 0x9fe00
0, 0x63df0
0, 0x9fe20
0, 0x63e10
0, 0x9fe40
0, 0x63e30
0, 0x9fe60
1, 0x9fde0
0, 0x63dd0
0, 0x9fe00
2, 2
3, 0
3, 0
3, 0
3, 0
3, 0
3, 0
3, 0
3, 0
3, 0
3, 0
3, 0
3, 0
3, 0
3, 0
1, 0x9fe00
0, 0x63df0
0, 0x9fe20
2, 2
3, 0
3, 0
3, 0
3, 0
3, 0
3, 0
3, 0
3, 0
3, 0
3, 0
3, 0
3, 0
3, 0
3, 0
1, 0x9fe20
0, 0x63e10
0, 0x9fe40
2, 2
3, 0
3, 0
3, 0
3, 0
3, 0
3, 0
3, 0
3, 0
3, 0
3, 0
3, 0
3, 0
3, 0
3, 0
1, 0x9fe40
0, 0x63e30
0, 0x9fe60
2, 2
3, 0
3, 0
3, 0
3, 0
3, 0
3, 0
3, 0
3, 0
3, 0
3, 0
3, 0
3, 0
3, 0
3, 0
0, 0x63e50
0, 0x9fe80
0, 0x63e70
0, 0x9fea0
0, 0x63e90
0, 0x9fec0
0, 0x63eb0
0, 0x9fee0
1, 0x9fe60
0, 0x63e50
0, 0x9fe80
2, 2
3, 0
3, 0
3, 0
3, 0
3, 0
3, 0
3, 0
3, 0
3, 0
3, 0
3, 0
3, 0
3, 0
3, 0
1, 0x9fe80
0, 0x63e70
0, 0x9fea0
2, 2
3, 0
3, 0
3, 0
3, 0
3, 0
3, 0
3, 0
3, 0
3, 0
3, 0
3, 0
3, 0
3, 0
3, 0
1, 0x9fea0
0, 0x63e90
0, 0x9fec0
2, 2
3, 0
3, 0
3, 0
3, 0
3, 0
3, 0
3, 0
3, 0
3, 0
3, 0
3, 0
3, 0
3, 0
3, 0
1, 0x9fec0
0, 0x63eb0
0, 0x9fee0
2, 2
3, 0
3, 0
3, 0
3, 0
3, 0
3, 0
3, 0
3, 0
3, 0
3, 0
3, 0
3, 0
3, 0
3, 0
0, 0x63ed0
0, 0x9ff00
0, 0x63ef0
0, 0x9ff20
0, 0x63f10
0, 0x9ff40
0, 0x63f30
0, 0x9ff60
1, 0x9fee0
0, 0x63ed0
0, 0x9ff00
2, 2
3, 0
3, 0
3, 0
3, 0
3, 0
3, 0
3, 0
3, 0
3, 0
3, 0
3, 0
3, 0
3, 0
3, 0
1, 0x9ff00
0, 0x63ef0
0, 0x9ff20
2, 2
3, 0
3, 0
3, 0
3, 0
3, 0
3, 0
3, 0
3, 0
3, 0
3, 0
3, 0
3, 0
3, 0
3, 0
1, 0x9ff20
0, 0x63f10
0, 0x9ff40
2, 2
3, 0
3, 0
3, 0
3, 0
3, 0
3, 0
3, 0
3, 0
3, 0
3, 0
3, 0
3, 0
3, 0
3, 0
1, 0x9ff40
0, 0x63f30
0, 0x9ff60
2, 2
3, 0
3, 0
3, 0
3, 0
3, 0
3, 0
3, 0
3, 0
3, 0
3, 0
3, 0
3, 0
3, 0
3, 0
0, 0x63f50
0, 0x9ff80
0, 0x63f70
0, 0x9ffa0
0, 0x63f90
0, 0x9ffc0
0, 0x63fb0
0, 0x9ffe0
1, 0x9ff60
0, 0x63f50
0, 0x9ff80
2, 2
3, 0
3, 0
3, 0
3, 0
3, 0
3, 0
3, 0
3, 0
3, 0
3, 0
3, 0
3, 0
3, 0
3, 0
1, 0x9ff80
0, 0x63f70
0, 0x9ffa0
2, 2
3, 0
3, 0
3, 0
3, 0
3, 0
3, 0
3, 0
3, 0
3, 0
3, 0
3, 0
3, 0
3, 0
3, 0
1, 0x9ffa0
0, 0x63f90
0, 0x9ffc0
2, 2
3, 0
3, 0
3, 0
3, 0
3, 0
3, 0
3, 0
3, 0
3, 0
3, 0
3, 0
3, 0
3, 0
3, 0
1, 0x9ffc0
0, 0x63fb0
0, 0x9ffe0
2, 2
3, 0
3, 0
3, 0
3, 0
3, 0
3, 0
3, 0
3, 0
3, 0
3, 0
3, 0
3, 0
3, 0
3, 0
0, 0x63fd0
0, 0xa0000
0, 0x63ff0
0, 0xa0020
0, 0x64010
0, 0xa0040
0, 0x64030
0, 0xa0060
1, 0x9ffe0
0, 0x63fd0
0, 0xa0000
2, 2
3, 0
3, 0
3, 0
3, 0
3, 0
3, 0
3, 0
3, 0
3, 0
3, 0
3, 0
3, 0
3, 0
3, 0
1, 0xa0000
0, 0x63ff0
0, 0xa0020
2, 2
3, 0
3, 0
3, 0
3, 0
3, 0
3, 0
3, 0
3, 0
3, 0
3, 0
3, 0
3, 0
3, 0
3, 0
1, 0xa0020
0, 0x64010
0, 0xa0040
2, 2
3, 0
3, 0
3, 0
3, 0
3, 0
3, 0
3, 0
3, 0
3, 0
3, 0
3, 0
3, 0
3, 0
3, 0
1, 0xa0040
0, 0x64030
0, 0xa0060
2, 2
3, 0
3, 0
3, 0
3, 0
3, 0
3, 0
3, 0
3, 0
3, 0
3, 0
3, 0
3, 0
3, 0
3, 0
0, 0x64050
0, 0xa0080
0, 0x64070
0, 0xa00a0
0, 0x64090
0, 0xa00c0
0, 0x640b0
0, 0xa00e0
1, 0xa0060
0, 0x64050
0, 0xa0080
2, 2
3, 0
3, 0
3, 0
3, 0
3, 0
3, 0
3, 0
3, 0
3, 0
3, 0
3, 0
3, 0
3, 0
3, 0
1, 0xa0080
0, 0x64070
0, 0xa00a0
2, 2
3, 0
3, 0
3, 0
3, 0
3, 0
3, 0
3, 0
3, 0
3, 0
3, 0
3, 0
3, 0
3, 0
3, 0
1, 0xa00a0
0, 0x64090
0, 0xa00c0
2, 2
3, 0
3, 0
3, 0
3, 0
3, 0
3, 0
3, 0
3, 0
3, 0
3, 0
3, 0
3, 0
3, 0
3, 0
1, 0xa00c0
0, 0x640b0
0, 0xa00e0
2, 2
3, 0
3, 0
3, 0
3, 0
3, 0
3, 0
3, 0
3, 0
3, 0
3, 0
3, 0
3, 0
3, 0
3, 0
0, 0x640d0
0, 0xa0100
0, 0x640f0
0, 0xa0120
0, 0x64110
0, 0xa0140
0, 0x64130
0, 0xa0160
1, 0xa00e0
0, 0x640d0
0, 0xa0100
2, 2
3, 0
3, 0
3, 0
3, 0
3, 0
3, 0
3, 0
3, 0
3, 0
3, 0
3, 0
3, 0
3, 0
3, 0
1, 0xa0100
0, 0x640f0
0, 0xa0120
2, 2
3, 0
3, 0
3, 0
3, 0
3, 0
3, 0
3, 0
3, 0
3, 0
3, 0
3, 0
3, 0
3, 0
3, 0
1, 0xa0120
0, 0x64110
0, 0xa0140
2, 2
3, 0
3, 0
3, 0
3, 0
3, 0
3, 0
3, 0
3, 0
3, 0
3, 0
3, 0
3, 0
3, 0
3, 0
1, 0xa0140
0, 0x64130
0, 0xa0160
2, 2
3, 0
3, 0
3, 0
3, 0
3, 0
3, 0
3, 0
3, 0
3, 0
3, 0
3, 0
3, 0
3, 0
3, 0
0, 0x64150
0, 0xa0180
0, 0x64170
0, 0xa01a0
0, 0x64190
0, 0xa01c0
0, 0x641b0
0, 0xa01e0
1, 0xa0160
0, 0x64150
0, 0xa0180
2, 2
3, 0
3, 0
3, 0
3, 0
3, 0
3, 0
3, 0
3, 0
3, 0
3, 0
3, 0
3, 0
3, 0
3, 0
1, 0xa0180
0, 0x64170
0, 0xa01a0
2, 2
3, 0
3, 0
3, 0
3, 0
3, 0
3, 0
3, 0
3, 0
3, 0
3, 0
3, 0
3, 0
3, 0
3, 0
1, 0xa01a0
0, 0x64190
0, 0xa01c0
2, 2
3, 0
3, 0
3, 0
3, 0
3, 0
3, 0
3, 0
3, 0
3, 0
3, 0
3, 0
3, 0
3, 0
3, 0
1, 0xa01c0
0, 0x641b0
0, 0xa01e0
2, 2
3, 0
3, 0
3, 0
3, 0
3, 0
3, 0
3, 0
3, 0
3, 0
3, 0
3, 0
3, 0
3, 0
3, 0
0, 0x641d0
0, 0xa0200
0, 0x641f0
0, 0xa0220
0, 0x64210
0, 0xa0240
0, 0x64230
0, 0xa0260
1, 0xa01e0
0, 0x641d0
0, 0xa0200
2, 2
3, 0
3, 0
3, 0
3, 0
3, 0
3, 0
3, 0
3, 0
3, 0
3, 0
3, 0
3, 0
3, 0
3, 0
1, 0xa0200
0, 0x641f0
0, 0xa0220
2, 2
3, 0
3, 0
3, 0
3, 0
3, 0
3, 0
3, 0
3, 0
3, 0
3, 0
3, 0
3, 0
3, 0
3, 0
1, 0xa0220
0, 0x64210
0, 0xa0240
2, 2
3, 0
3, 0
3, 0
3, 0
3, 0
3, 0
3, 0
3, 0
3, 0
3, 0
3, 0
3, 0
3, 0
3, 0
1, 0xa0240
0, 0x64230
0, 0xa0260
2, 2
3, 0
3, 0
3, 0
3, 0
3, 0
3, 0
3, 0
3, 0
3, 0
3, 0
3, 0
3, 0
3, 0
3, 0
0, 0x64250
0, 0xa0280
0, 0x64270
0, 0xa02a0
0, 0x64290
0, 0xa02c0
0, 0x642b0
0, 0xa02e0
1, 0xa0260
0, 0x64250
0, 0xa0280
2, 2
3, 0
3, 0
3, 0
3, 0
3, 0
3, 0
3, 0
3, 0
3, 0
3, 0
3, 0
3, 0
3, 0
3, 0
1, 0xa0280
0, 0x64270
0, 0xa02a0
2, 2
3, 0
3, 0
3, 0
3, 0
3, 0
3, 0
3, 0
3, 0
3, 0
3, 0
3, 0
3, 0
3, 0
3, 0
1, 0xa02a0
0, 0x64290
0, 0xa02c0
2, 2
3, 0
3, 0
3, 0
3, 0
3, 0
3, 0
3, 0
3, 0
3, 0
3, 0
3, 0
3, 0
3, 0
3, 0
1, 0xa02c0
0, 0x642b0
0, 0xa02e0
2, 2
3, 0
3, 0
3, 0
3, 0
3, 0
3, 0
3, 0
3, 0
3, 0
3, 0
3, 0
3, 0
3, 0
3, 0
0, 0x642d0
0, 0xa0300
0, 0x642f0
0, 0xa0320
0, 0x64310
0, 0xa0340
0, 0x64330
0, 0xa0360
1, 0xa02e0
0, 0x642d0
0, 0xa0300
2, 2
3, 0
3, 0
3, 0
3, 0
3, 0
3, 0
3, 0
3, 0
3, 0
3, 0
3, 0
3, 0
3, 0
3, 0
1, 0xa0300
0, 0x642f0
0, 0xa0320
2, 2
3, 0
3, 0
3, 0
3, 0
3, 0
3, 0
3, 0
3, 0
3, 0
3, 0
3, 0
3, 0
3, 0
3, 0
1, 0xa0320
0, 0x64310
0, 0xa0340
2, 2
3, 0
3, 0
3, 0
3, 0
3, 0
3, 0
3, 0
3, 0
3, 0
3, 0
3, 0
3, 0
3, 0
3, 0
1, 0xa0340
0, 0x64330
0, 0xa0360
2, 2
3, 0
3, 0
3, 0
3, 0
3, 0
3, 0
3, 0
3, 0
3, 0
3, 0
3, 0
3, 0
3, 0
3, 0
0, 0x64350
0, 0xa0380
0, 0x64370
0, 0xa03a0
0, 0x64390
0, 0xa03c0
0, 0x643b0
0, 0xa03e0
1, 0xa0360
0, 0x64350
0, 0xa0380
2, 2
3, 0
3, 0
3, 0
3, 0
3, 0
3, 0
3, 0
3, 0
3, 0
3, 0
3, 0
3, 0
3, 0
3, 0
1, 0xa0380
0, 0x64370
0, 0xa03a0
2, 2
3, 0
3, 0
3, 0
3, 0
3, 0
3, 0
3, 0
3, 0
3, 0
3, 0
3, 0
3, 0
3, 0
3, 0
1, 0xa03a0
0, 0x64390
0, 0xa03c0
2, 2
3, 0
3, 0
3, 0
3, 0
3, 0
3, 0
3, 0
3, 0
3, 0
3, 0
3, 0
3, 0
3, 0
3, 0
1, 0xa03c0
0, 0x643b0
0, 0xa03e0
2, 2
3, 0
3, 0
3, 0
3, 0
3, 0
3, 0
3, 0
3, 0
3, 0
3, 0
3, 0
3, 0
3, 0
3, 0
0, 0x643d0
0, 0xa0400
0, 0x643f0
0, 0xa0420
0, 0x64410
0, 0xa0440
0, 0x64430
0, 0xa0460
1, 0xa03e0
0, 0x643d0
0, 0xa0400
2, 2
3, 0
3, 0
3, 0
3, 0
3, 0
3, 0
3, 0
3, 0
3, 0
3, 0
3, 0
3, 0
3, 0
3, 0
1, 0xa0400
0, 0x643f0
0, 0xa0420
2, 2
3, 0
3, 0
3, 0
3, 0
3, 0
3, 0
3, 0
3, 0
3, 0
3, 0
3, 0
3, 0
3, 0
3, 0
1, 0xa0420
0, 0x64410
0, 0xa0440
2, 2
3, 0
3, 0
3, 0
3, 0
3, 0
3, 0
3, 0
3, 0
3, 0
3, 0
3, 0
3, 0
3, 0
3, 0
1, 0xa0440
0, 0x64430
0, 0xa0460
2, 2
3, 0
3, 0
3, 0
3, 0
3, 0
3, 0
3, 0
3, 0
3, 0
3, 0
3, 0
3, 0
3, 0
3, 0
0, 0x64450
0, 0xa0480
0, 0x64470
0, 0xa04a0
0, 0x64490
0, 0xa04c0
0, 0x644b0
0, 0xa04e0
1, 0xa0460
0, 0x64450
0, 0xa0480
2, 2
3, 0
3, 0
3, 0
3, 0
3, 0
3, 0
3, 0
3, 0
3, 0
3, 0
3, 0
3, 0
3, 0
3, 0
1, 0xa0480
0, 0x64470
0, 0xa04a0
2, 2
3, 0
3, 0
3, 0
3, 0
3, 0
3, 0
3, 0
3, 0
3, 0
3, 0
3, 0
3, 0
3, 0
3, 0
1, 0xa04a0
0, 0x64490
0, 0xa04c0
2, 2
3, 0
3, 0
3, 0
3, 0
3, 0
3, 0
3, 0
3, 0
3, 0
3, 0
3, 0
3, 0
3, 0
3, 0
1, 0xa04c0
0, 0x644b0
0, 0xa04e0
2, 2
3, 0
3, 0
3, 0
3, 0
3, 0
3, 0
3, 0
3, 0
3, 0
3, 0
3, 0
3, 0
3, 0
3, 0
0, 0x644d0
0, 0xa0500
0, 0x644f0
0, 0xa0520
0, 0x64510
0, 0xa0540
0, 0x64530
0, 0xa0560
1, 0xa04e0
0, 0x644d0
0, 0xa0500
2, 2
3, 0
3, 0
3, 0
3, 0
3, 0
3, 0
3, 0
3, 0
3, 0
3, 0
3, 0
3, 0
3, 0
3, 0
1, 0xa0500
0, 0x644f0
0, 0xa0520
2, 2
3, 0
3, 0
3, 0
3, 0
3, 0
3, 0
3, 0
3, 0
3, 0
3, 0
3, 0
3, 0
3, 0
3, 0
1, 0xa0520
0, 0x64510
0, 0xa0540
2, 2
3, 0
3, 0
3, 0
3, 0
3, 0
3, 0
3, 0
3, 0
3, 0
3, 0
3, 0
3, 0
3, 0
3, 0
1, 0xa0540
0, 0x64530
0, 0xa0560
2, 2
3, 0
3, 0
3, 0
3, 0
3, 0
3, 0
3, 0
3, 0
3, 0
3, 0
3, 0
3, 0
3, 0
3, 0
0, 0x64550
0, 0xa0580
0, 0x64570
0, 0xa05a0
0, 0x64590
0, 0xa05c0
0, 0x645b0
0, 0xa05e0
1, 0xa0560
0, 0x64550
0, 0xa0580
2, 2
3, 0
3, 0
3, 0
3, 0
3, 0
3, 0
3, 0
3, 0
3, 0
3, 0
3, 0
3, 0
3, 0
3, 0
1, 0xa0580
0, 0x64570
0, 0xa05a0
2, 2
3, 0
3, 0
3, 0
3, 0
3, 0
3, 0
3, 0
3, 0
3, 0
3, 0
3, 0
3, 0
3, 0
3, 0
1, 0xa05a0
0, 0x64590
0, 0xa05c0
2, 2
3, 0
3, 0
3, 0
3, 0
3, 0
3, 0
3, 0
3, 0
3, 0
3, 0
3, 0
3, 0
3, 0
3, 0
1, 0xa05c0
0, 0x645b0
0, 0xa05e0
2, 2
3, 0
3, 0
3, 0
3, 0
3, 0
3, 0
3, 0
3, 0
3, 0
3, 0
3, 0
3, 0
3, 0
3, 0
0, 0x645d0
0, 0xa0600
0, 0x645f0
0, 0xa0620
0, 0x64610
0, 0xa0640
0, 0x64630
0, 0xa0660
1, 0xa05e0
0, 0x645d0
0, 0xa0600
2, 2
3, 0
3, 0
3, 0
3, 0
3, 0
3, 0
3, 0
3, 0
3, 0
3, 0
3, 0
3, 0
3, 0
3, 0
1, 0xa0600
0, 0x645f0
0, 0xa0620
2, 2
3, 0
3, 0
3, 0
3, 0
3, 0
3, 0
3, 0
3, 0
3, 0
3, 0
3, 0
3, 0
3, 0
3, 0
1, 0xa0620
0, 0x64610
0, 0xa0640
2, 2
3, 0
3, 0
3, 0
3, 0
3, 0
3, 0
3, 0
3, 0
3, 0
3, 0
3, 0
3, 0
3, 0
3, 0
1, 0xa0640
0, 0x64630
0, 0xa0660
2, 2
3, 0
3, 0
3, 0
3, 0
3, 0
3, 0
3, 0
3, 0
3, 0
3, 0
3, 0
3, 0
3, 0
3, 0
0, 0x64650
0, 0xa0680
0, 0x64670
0, 0xa06a0
0, 0x64690
0, 0xa06c0
0, 0x646b0
0, 0xa06e0
1, 0xa0660
0, 0x64650
0, 0xa0680
2, 2
3, 0
3, 0
3, 0
3, 0
3, 0
3, 0
3, 0
3, 0
3, 0
3, 0
3, 0
3, 0
3, 0
3, 0
1, 0xa0680
0, 0x64670
0, 0xa06a0
2, 2
3, 0
3, 0
3, 0
3, 0
3, 0
3, 0
3, 0
3, 0
3, 0
3, 0
3, 0
3, 0
3, 0
3, 0
1, 0xa06a0
0, 0x64690
0, 0xa06c0
2, 2
3, 0
3, 0
3, 0
3, 0
3, 0
3, 0
3, 0
3, 0
3, 0
3, 0
3, 0
3, 0
3, 0
3, 0
1, 0xa06c0
0, 0x646b0
0, 0xa06e0
2, 2
3, 0
3, 0
3, 0
3, 0
3, 0
3, 0
3, 0
3, 0
3, 0
3, 0
3, 0
3, 0
3, 0
3, 0
0, 0x646d0
0, 0xa0700
0, 0x646f0
0, 0xa0720
0, 0x64710
0, 0xa0740
0, 0x64730
0, 0xa0760
1, 0xa06e0
0, 0x646d0
0, 0xa0700
2, 2
3, 0
3, 0
3, 0
3, 0
3, 0
3, 0
3, 0
3, 0
3, 0
3, 0
3, 0
3, 0
3, 0
3, 0
1, 0xa0700
0, 0x646f0
0, 0xa0720
2, 2
3, 0
3, 0
3, 0
3, 0
3, 0
3, 0
3, 0
3, 0
3, 0
3, 0
3, 0
3, 0
3, 0
3, 0
1, 0xa0720
0, 0x64710
0, 0xa0740
2, 2
3, 0
3, 0
3, 0
3, 0
3, 0
3, 0
3, 0
3, 0
3, 0
3, 0
3, 0
3, 0
3, 0
3, 0
1, 0xa0740
0, 0x64730
0, 0xa0760
2, 2
3, 0
3, 0
3, 0
3, 0
3, 0
3, 0
3, 0
3, 0
3, 0
3, 0
3, 0
3, 0
3, 0
3, 0
0, 0x64750
0, 0xa0780
0, 0x64770
0, 0xa07a0
0, 0x64790
0, 0xa07c0
0, 0x647b0
0, 0xa07e0
1, 0xa0760
0, 0x64750
0, 0xa0780
2, 2
3, 0
3, 0
3, 0
3, 0
3, 0
3, 0
3, 0
3, 0
3, 0
3, 0
3, 0
3, 0
3, 0
3, 0
1, 0xa0780
0, 0x64770
0, 0xa07a0
2, 2
3, 0
3, 0
3, 0
3, 0
3, 0
3, 0
3, 0
3, 0
3, 0
3, 0
3, 0
3, 0
3, 0
3, 0
1, 0xa07a0
0, 0x64790
0, 0xa07c0
2, 2
3, 0
3, 0
3, 0
3, 0
3, 0
3, 0
3, 0
3, 0
3, 0
3, 0
3, 0
3, 0
3, 0
3, 0
1, 0xa07c0
0, 0x647b0
0, 0xa07e0
2, 2
3, 0
3, 0
3, 0
3, 0
3, 0
3, 0
3, 0
3, 0
3, 0
3, 0
3, 0
3, 0
3, 0
3, 0
0, 0x647d0
0, 0xa0800
0, 0x647f0
0, 0xa0820
0, 0x64810
0, 0xa0840
0, 0x64830
0, 0xa0860
1, 0xa07e0
0, 0x647d0
0, 0xa0800
2, 2
3, 0
3, 0
3, 0
3, 0
3, 0
3, 0
3, 0
3, 0
3, 0
3, 0
3, 0
3, 0
3, 0
3, 0
1, 0xa0800
0, 0x647f0
0, 0xa0820
2, 2
3, 0
3, 0
3, 0
3, 0
3, 0
3, 0
3, 0
3, 0
3, 0
3, 0
3, 0
3, 0
3, 0
3, 0
1, 0xa0820
0, 0x64810
0, 0xa0840
2, 2
3, 0
3, 0
3, 0
3, 0
3, 0
3, 0
3, 0
3, 0
3, 0
3, 0
3, 0
3, 0
3, 0
3, 0
1, 0xa0840
0, 0x64830
0, 0xa0860
2, 2
3, 0
3, 0
3, 0
3, 0
3, 0
3, 0
3, 0
3, 0
3, 0
3, 0
3, 0
3, 0
3, 0
3, 0
0, 0x64850
0, 0xa0880
0, 0x64870
0, 0xa08a0
0, 0x64890
0, 0xa08c0
0, 0x648b0
0, 0xa08e0
1, 0xa0860
0, 0x64850
0, 0xa0880
2, 2
3, 0
3, 0
3, 0
3, 0
3, 0
3, 0
3, 0
3, 0
3, 0
3, 0
3, 0
3, 0
3, 0
3, 0
1, 0xa0880
0, 0x64870
0, 0xa08a0
2, 2
3, 0
3, 0
3, 0
3, 0
3, 0
3, 0
3, 0
3, 0
3, 0
3, 0
3, 0
3, 0
3, 0
3, 0
1, 0xa08a0
0, 0x64890
0, 0xa08c0
2, 2
3, 0
3, 0
3, 0
3, 0
3, 0
3, 0
3, 0
3, 0
3, 0
3, 0
3, 0
3, 0
3, 0
3, 0
1, 0xa08c0
0, 0x648b0
0, 0xa08e0
2, 2
3, 0
3, 0
3, 0
3, 0
3, 0
3, 0
3, 0
3, 0
3, 0
3, 0
3, 0
3, 0
3, 0
3, 0
0, 0x648d0
0, 0xa0900
0, 0x648f0
0, 0xa0920
0, 0x64910
0, 0xa0940
0, 0x64930
0, 0xa0960
1, 0xa08e0
0, 0x648d0
0, 0xa0900
2, 2
3, 0
3, 0
3, 0
3, 0
3, 0
3, 0
3, 0
3, 0
3, 0
3, 0
3, 0
3, 0
3, 0
3, 0
1, 0xa0900
0, 0x648f0
0, 0xa0920
2, 2
3, 0
3, 0
3, 0
3, 0
3, 0
3, 0
3, 0
3, 0
3, 0
3, 0
3, 0
3, 0
3, 0
3, 0
1, 0xa0920
0, 0x64910
0, 0xa0940
2, 2
3, 0
3, 0
3, 0
3, 0
3, 0
3, 0
3, 0
3, 0
3, 0
3, 0
3, 0
3, 0
3, 0
3, 0
1, 0xa0940
0, 0x64930
0, 0xa0960
2, 2
3, 0
3, 0
3, 0
3, 0
3, 0
3, 0
3, 0
3, 0
3, 0
3, 0
3, 0
3, 0
3, 0
3, 0
0, 0x64950
0, 0xa0980
0, 0x64970
0, 0xa09a0
0, 0x64990
0, 0xa09c0
0, 0x649b0
0, 0xa09e0
1, 0xa0960
0, 0x64950
0, 0xa0980
2, 2
3, 0
3, 0
3, 0
3, 0
3, 0
3, 0
3, 0
3, 0
3, 0
3, 0
3, 0
3, 0
3, 0
3, 0
1, 0xa0980
0, 0x64970
0, 0xa09a0
2, 2
3, 0
3, 0
3, 0
3, 0
3, 0
3, 0
3, 0
3, 0
3, 0
3, 0
3, 0
3, 0
3, 0
3, 0
1, 0xa09a0
0, 0x64990
0, 0xa09c0
2, 2
3, 0
3, 0
3, 0
3, 0
3, 0
3, 0
3, 0
3, 0
3, 0
3, 0
3, 0
3, 0
3, 0
3, 0
1, 0xa09c0
0, 0x649b0
0, 0xa09e0
2, 2
3, 0
3, 0
3, 0
3, 0
3, 0
3, 0
3, 0
3, 0
3, 0
3, 0
3, 0
3, 0
3, 0
3, 0
0, 0x649d0
0, 0xa0a00
0, 0x649f0
0, 0xa0a20
0, 0x64a10
0, 0xa0a40
0, 0x64a30
0, 0xa0a60
1, 0xa09e0
0, 0x649d0
0, 0xa0a00
2, 2
3, 0
3, 0
3, 0
3, 0
3, 0
3, 0
3, 0
3, 0
3, 0
3, 0
3, 0
3, 0
3, 0
3, 0
1, 0xa0a00
0, 0x649f0
0, 0xa0a20
2, 2
3, 0
3, 0
3, 0
3, 0
3, 0
3, 0
3, 0
3, 0
3, 0
3, 0
3, 0
3, 0
3, 0
3, 0
1, 0xa0a20
0, 0x64a10
0, 0xa0a40
2, 2
3, 0
3, 0
3, 0
3, 0
3, 0
3, 0
3, 0
3, 0
3, 0
3, 0
3, 0
3, 0
3, 0
3, 0
1, 0xa0a40
0, 0x64a30
0, 0xa0a60
2, 2
3, 0
3, 0
3, 0
3, 0
3, 0
3, 0
3, 0
3, 0
3, 0
3, 0
3, 0
3, 0
3, 0
3, 0
0, 0x64a50
0, 0xa0a80
0, 0x64a70
0, 0xa0aa0
0, 0x64a90
0, 0xa0ac0
0, 0x64ab0
0, 0xa0ae0
1, 0xa0a60
0, 0x64a50
0, 0xa0a80
2, 2
3, 0
3, 0
3, 0
3, 0
3, 0
3, 0
3, 0
3, 0
3, 0
3, 0
3, 0
3, 0
3, 0
3, 0
1, 0xa0a80
0, 0x64a70
0, 0xa0aa0
2, 2
3, 0
3, 0
3, 0
3, 0
3, 0
3, 0
3, 0
3, 0
3, 0
3, 0
3, 0
3, 0
3, 0
3, 0
1, 0xa0aa0
0, 0x64a90
0, 0xa0ac0
2, 2
3, 0
3, 0
3, 0
3, 0
3, 0
3, 0
3, 0
3, 0
3, 0
3, 0
3, 0
3, 0
3, 0
3, 0
1, 0xa0ac0
0, 0x64ab0
0, 0xa0ae0
2, 2
3, 0
3, 0
3, 0
3, 0
3, 0
3, 0
3, 0
3, 0
3, 0
3, 0
3, 0
3, 0
3, 0
3, 0
0, 0x64ad0
0, 0xa0b00
0, 0x64af0
0, 0xa0b20
0, 0x64b10
0, 0xa0b40
0, 0x64b30
0, 0xa0b60
1, 0xa0ae0
0, 0x64ad0
0, 0xa0b00
2, 2
3, 0
3, 0
3, 0
3, 0
3, 0
3, 0
3, 0
3, 0
3, 0
3, 0
3, 0
3, 0
3, 0
3, 0
1, 0xa0b00
0, 0x64af0
0, 0xa0b20
2, 2
3, 0
3, 0
3, 0
3, 0
3, 0
3, 0
3, 0
3, 0
3, 0
3, 0
3, 0
3, 0
3, 0
3, 0
1, 0xa0b20
0, 0x64b10
0, 0xa0b40
2, 2
3, 0
3, 0
3, 0
3, 0
3, 0
3, 0
3, 0
3, 0
3, 0
3, 0
3, 0
3, 0
3, 0
3, 0
1, 0xa0b40
0, 0x64b30
0, 0xa0b60
2, 2
3, 0
3, 0
3, 0
3, 0
3, 0
3, 0
3, 0
3, 0
3, 0
3, 0
3, 0
3, 0
3, 0
3, 0
0, 0x64b50
0, 0xa0b80
0, 0x64b70
0, 0xa0ba0
0, 0x64b90
0, 0xa0bc0
0, 0x64bb0
0, 0xa0be0
1, 0xa0b60
0, 0x64b50
0, 0xa0b80
2, 2
3, 0
3, 0
3, 0
3, 0
3, 0
3, 0
3, 0
3, 0
3, 0
3, 0
3, 0
3, 0
3, 0
3, 0
1, 0xa0b80
0, 0x64b70
0, 0xa0ba0
2, 2
3, 0
3, 0
3, 0
3, 0
3, 0
3, 0
3, 0
3, 0
3, 0
3, 0
3, 0
3, 0
3, 0
3, 0
1, 0xa0ba0
0, 0x64b90
0, 0xa0bc0
2, 2
3, 0
3, 0
3, 0
3, 0
3, 0
3, 0
3, 0
3, 0
3, 0
3, 0
3, 0
3, 0
3, 0
3, 0
1, 0xa0bc0
0, 0x64bb0
0, 0xa0be0
2, 2
3, 0
3, 0
3, 0
3, 0
3, 0
3, 0
3, 0
3, 0
3, 0
3, 0
3, 0
3, 0
3, 0
3, 0
0, 0x64bd0
0, 0xa0c00
0, 0x64bf0
0, 0xa0c20
0, 0x64c10
0, 0xa0c40
0, 0x64c30
0, 0xa0c60
1, 0xa0be0
0, 0x64bd0
0, 0xa0c00
2, 2
3, 0
3, 0
3, 0
3, 0
3, 0
3, 0
3, 0
3, 0
3, 0
3, 0
3, 0
3, 0
3, 0
3, 0
1, 0xa0c00
0, 0x64bf0
0, 0xa0c20
2, 2
3, 0
3, 0
3, 0
3, 0
3, 0
3, 0
3, 0
3, 0
3, 0
3, 0
3, 0
3, 0
3, 0
3, 0
1, 0xa0c20
0, 0x64c10
0, 0xa0c40
2, 2
3, 0
3, 0
3, 0
3, 0
3, 0
3, 0
3, 0
3, 0
3, 0
3, 0
3, 0
3, 0
3, 0
3, 0
1, 0xa0c40
0, 0x64c30
0, 0xa0c60
2, 2
3, 0
3, 0
3, 0
3, 0
3, 0
3, 0
3, 0
3, 0
3, 0
3, 0
3, 0
3, 0
3, 0
3, 0
0, 0x64c50
0, 0xa0c80
0, 0x64c70
0, 0xa0ca0
0, 0x64c90
0, 0xa0cc0
0, 0x64cb0
0, 0xa0ce0
1, 0xa0c60
0, 0x64c50
0, 0xa0c80
2, 2
3, 0
3, 0
3, 0
3, 0
3, 0
3, 0
3, 0
3, 0
3, 0
3, 0
3, 0
3, 0
3, 0
3, 0
1, 0xa0c80
0, 0x64c70
0, 0xa0ca0
2, 2
3, 0
3, 0
3, 0
3, 0
3, 0
3, 0
3, 0
3, 0
3, 0
3, 0
3, 0
3, 0
3, 0
3, 0
1, 0xa0ca0
0, 0x64c90
0, 0xa0cc0
2, 2
3, 0
3, 0
3, 0
3, 0
3, 0
3, 0
3, 0
3, 0
3, 0
3, 0
3, 0
3, 0
3, 0
3, 0
1, 0xa0cc0
0, 0x64cb0
0, 0xa0ce0
2, 2
3, 0
3, 0
3, 0
3, 0
3, 0
3, 0
3, 0
3, 0
3, 0
3, 0
3, 0
3, 0
3, 0
3, 0
0, 0x64cd0
0, 0xa0d00
0, 0x64cf0
0, 0xa0d20
0, 0x64d10
0, 0xa0d40
0, 0x64d30
0, 0xa0d60
1, 0xa0ce0
0, 0x64cd0
0, 0xa0d00
2, 2
3, 0
3, 0
3, 0
3, 0
3, 0
3, 0
3, 0
3, 0
3, 0
3, 0
3, 0
3, 0
3, 0
3, 0
1, 0xa0d00
0, 0x64cf0
0, 0xa0d20
2, 2
3, 0
3, 0
3, 0
3, 0
3, 0
3, 0
3, 0
3, 0
3, 0
3, 0
3, 0
3, 0
3, 0
3, 0
1, 0xa0d20
0, 0x64d10
0, 0xa0d40
2, 2
3, 0
3, 0
3, 0
3, 0
3, 0
3, 0
3, 0
3, 0
3, 0
3, 0
3, 0
3, 0
3, 0
3, 0
1, 0xa0d40
0, 0x64d30
0, 0xa0d60
2, 2
3, 0
3, 0
3, 0
3, 0
3, 0
3, 0
3, 0
3, 0
3, 0
3, 0
3, 0
3, 0
3, 0
3, 0
0, 0x64d50
0, 0xa0d80
0, 0x64d70
0, 0xa0da0
0, 0x64d90
0, 0xa0dc0
0, 0x64db0
0, 0xa0de0
1, 0xa0d60
0, 0x64d50
0, 0xa0d80
2, 2
3, 0
3, 0
3, 0
3, 0
3, 0
3, 0
3, 0
3, 0
3, 0
3, 0
3, 0
3, 0
3, 0
3, 0
1, 0xa0d80
0, 0x64d70
0, 0xa0da0
2, 2
3, 0
3, 0
3, 0
3, 0
3, 0
3, 0
3, 0
3, 0
3, 0
3, 0
3, 0
3, 0
3, 0
3, 0
1, 0xa0da0
0, 0x64d90
0, 0xa0dc0
2, 2
3, 0
3, 0
3, 0
3, 0
3, 0
3, 0
3, 0
3, 0
3, 0
3, 0
3, 0
3, 0
3, 0
3, 0
1, 0xa0dc0
0, 0x64db0
0, 0xa0de0
2, 2
3, 0
3, 0
3, 0
3, 0
3, 0
3, 0
3, 0
3, 0
3, 0
3, 0
3, 0
3, 0
3, 0
3, 0
0, 0x64dd0
0, 0xa0e00
0, 0x64df0
0, 0xa0e20
0, 0x64e10
0, 0xa0e40
0, 0x64e30
0, 0xa0e60
1, 0xa0de0
0, 0x64dd0
0, 0xa0e00
2, 2
3, 0
3, 0
3, 0
3, 0
3, 0
3, 0
3, 0
3, 0
3, 0
3, 0
3, 0
3, 0
3, 0
3, 0
1, 0xa0e00
0, 0x64df0
0, 0xa0e20
2, 2
3, 0
3, 0
3, 0
3, 0
3, 0
3, 0
3, 0
3, 0
3, 0
3, 0
3, 0
3, 0
3, 0
3, 0
1, 0xa0e20
0, 0x64e10
0, 0xa0e40
2, 2
3, 0
3, 0
3, 0
3, 0
3, 0
3, 0
3, 0
3, 0
3, 0
3, 0
3, 0
3, 0
3, 0
3, 0
1, 0xa0e40
0, 0x64e30
0, 0xa0e60
2, 2
3, 0
3, 0
3, 0
3, 0
3, 0
3, 0
3, 0
3, 0
3, 0
3, 0
3, 0
3, 0
3, 0
3, 0
0, 0x64e50
0, 0xa0e80
0, 0x64e70
0, 0xa0ea0
0, 0x64e90
0, 0xa0ec0
0, 0x64eb0
0, 0xa0ee0
1, 0xa0e60
0, 0x64e50
0, 0xa0e80
2, 2
3, 0
3, 0
3, 0
3, 0
3, 0
3, 0
3, 0
3, 0
3, 0
3, 0
3, 0
3, 0
3, 0
3, 0
1, 0xa0e80
0, 0x64e70
0, 0xa0ea0
2, 2
3, 0
3, 0
3, 0
3, 0
3, 0
3, 0
3, 0
3, 0
3, 0
3, 0
3, 0
3, 0
3, 0
3, 0
1, 0xa0ea0
0, 0x64e90
0, 0xa0ec0
2, 2
3, 0
3, 0
3, 0
3, 0
3, 0
3, 0
3, 0
3, 0
3, 0
3, 0
3, 0
3, 0
3, 0
3, 0
1, 0xa0ec0
0, 0x64eb0
0, 0xa0ee0
2, 2
3, 0
3, 0
3, 0
3, 0
3, 0
3, 0
3, 0
3, 0
3, 0
3, 0
3, 0
3, 0
3, 0
3, 0
0, 0x64ed0
0, 0xa0f00
0, 0x64ef0
0, 0xa0f20
0, 0x64f10
0, 0xa0f40
0, 0x64f30
0, 0xa0f60
1, 0xa0ee0
0, 0x64ed0
0, 0xa0f00
2, 2
3, 0
3, 0
3, 0
3, 0
3, 0
3, 0
3, 0
3, 0
3, 0
3, 0
3, 0
3, 0
3, 0
3, 0
1, 0xa0f00
0, 0x64ef0
0, 0xa0f20
2, 2
3, 0
3, 0
3, 0
3, 0
3, 0
3, 0
3, 0
3, 0
3, 0
3, 0
3, 0
3, 0
3, 0
3, 0
1, 0xa0f20
0, 0x64f10
0, 0xa0f40
2, 2
3, 0
3, 0
3, 0
3, 0
3, 0
3, 0
3, 0
3, 0
3, 0
3, 0
3, 0
3, 0
3, 0
3, 0
1, 0xa0f40
0, 0x64f30
0, 0xa0f60
2, 2
3, 0
3, 0
3, 0
3, 0
3, 0
3, 0
3, 0
3, 0
3, 0
3, 0
3, 0
3, 0
3, 0
3, 0
0, 0x64f50
0, 0xa0f80
0, 0x64f70
0, 0xa0fa0
0, 0x64f90
0, 0xa0fc0
0, 0x64fb0
0, 0xa0fe0
1, 0xa0f60
0, 0x64f50
0, 0xa0f80
2, 2
3, 0
3, 0
3, 0
3, 0
3, 0
3, 0
3, 0
3, 0
3, 0
3, 0
3, 0
3, 0
3, 0
3, 0
1, 0xa0f80
0, 0x64f70
0, 0xa0fa0
2, 2
3, 0
3, 0
3, 0
3, 0
3, 0
3, 0
3, 0
3, 0
3, 0
3, 0
3, 0
3, 0
3, 0
3, 0
1, 0xa0fa0
0, 0x64f90
0, 0xa0fc0
2, 2
3, 0
3, 0
3, 0
3, 0
3, 0
3, 0
3, 0
3, 0
3, 0
3, 0
3, 0
3, 0
3, 0
3, 0
1, 0xa0fc0
0, 0x64fb0
0, 0xa0fe0
2, 2
3, 0
3, 0
3, 0
3, 0
3, 0
3, 0
3, 0
3, 0
3, 0
3, 0
3, 0
3, 0
3, 0
3, 0
0, 0x64fd0
0, 0xa1000
0, 0x64ff0
0, 0xa1020
0, 0x65010
0, 0xa1040
0, 0x65030
0, 0xa1060
1, 0xa0fe0
0, 0x64fd0
0, 0xa1000
2, 2
3, 0
3, 0
3, 0
3, 0
3, 0
3, 0
3, 0
3, 0
3, 0
3, 0
3, 0
3, 0
3, 0
3, 0
1, 0xa1000
0, 0x64ff0
0, 0xa1020
2, 2
3, 0
3, 0
3, 0
3, 0
3, 0
3, 0
3, 0
3, 0
3, 0
3, 0
3, 0
3, 0
3, 0
3, 0
1, 0xa1020
0, 0x65010
0, 0xa1040
2, 2
3, 0
3, 0
3, 0
3, 0
3, 0
3, 0
3, 0
3, 0
3, 0
3, 0
3, 0
3, 0
3, 0
3, 0
1, 0xa1040
0, 0x65030
0, 0xa1060
2, 2
3, 0
3, 0
3, 0
3, 0
3, 0
3, 0
3, 0
3, 0
3, 0
3, 0
3, 0
3, 0
3, 0
3, 0
0, 0x65050
0, 0xa1080
0, 0x65070
0, 0xa10a0
0, 0x65090
0, 0xa10c0
0, 0x650b0
0, 0xa10e0
1, 0xa1060
0, 0x65050
0, 0xa1080
2, 2
3, 0
3, 0
3, 0
3, 0
3, 0
3, 0
3, 0
3, 0
3, 0
3, 0
3, 0
3, 0
3, 0
3, 0
1, 0xa1080
0, 0x65070
0, 0xa10a0
2, 2
3, 0
3, 0
3, 0
3, 0
3, 0
3, 0
3, 0
3, 0
3, 0
3, 0
3, 0
3, 0
3, 0
3, 0
1, 0xa10a0
0, 0x65090
0, 0xa10c0
2, 2
3, 0
3, 0
3, 0
3, 0
3, 0
3, 0
3, 0
3, 0
3, 0
3, 0
3, 0
3, 0
3, 0
3, 0
1, 0xa10c0
0, 0x650b0
0, 0xa10e0
2, 2
3, 0
3, 0
3, 0
3, 0
3, 0
3, 0
3, 0
3, 0
3, 0
3, 0
3, 0
3, 0
3, 0
3, 0
0, 0x650d0
0, 0xa1100
0, 0x650f0
0, 0xa1120
0, 0x65110
0, 0xa1140
0, 0x65130
0, 0xa1160
1, 0xa10e0
0, 0x650d0
0, 0xa1100
2, 2
3, 0
3, 0
3, 0
3, 0
3, 0
3, 0
3, 0
3, 0
3, 0
3, 0
3, 0
3, 0
3, 0
3, 0
1, 0xa1100
0, 0x650f0
0, 0xa1120
2, 2
3, 0
3, 0
3, 0
3, 0
3, 0
3, 0
3, 0
3, 0
3, 0
3, 0
3, 0
3, 0
3, 0
3, 0
1, 0xa1120
0, 0x65110
0, 0xa1140
2, 2
3, 0
3, 0
3, 0
3, 0
3, 0
3, 0
3, 0
3, 0
3, 0
3, 0
3, 0
3, 0
3, 0
3, 0
1, 0xa1140
0, 0x65130
0, 0xa1160
2, 2
3, 0
3, 0
3, 0
3, 0
3, 0
3, 0
3, 0
3, 0
3, 0
3, 0
3, 0
3, 0
3, 0
3, 0
0, 0x65150
0, 0xa1180
0, 0x65170
0, 0xa11a0
0, 0x65190
0, 0xa11c0
0, 0x651b0
0, 0xa11e0
1, 0xa1160
0, 0x65150
0, 0xa1180
2, 2
3, 0
3, 0
3, 0
3, 0
3, 0
3, 0
3, 0
3, 0
3, 0
3, 0
3, 0
3, 0
3, 0
3, 0
1, 0xa1180
0, 0x65170
0, 0xa11a0
2, 2
3, 0
3, 0
3, 0
3, 0
3, 0
3, 0
3, 0
3, 0
3, 0
3, 0
3, 0
3, 0
3, 0
3, 0
1, 0xa11a0
0, 0x65190
0, 0xa11c0
2, 2
3, 0
3, 0
3, 0
3, 0
3, 0
3, 0
3, 0
3, 0
3, 0
3, 0
3, 0
3, 0
3, 0
3, 0
1, 0xa11c0
0, 0x651b0
0, 0xa11e0
2, 2
3, 0
3, 0
3, 0
3, 0
3, 0
3, 0
3, 0
3, 0
3, 0
3, 0
3, 0
3, 0
3, 0
3, 0
0, 0x651d0
0, 0xa1200
0, 0x651f0
0, 0xa1220
0, 0x65210
0, 0xa1240
0, 0x65230
0, 0xa1260
1, 0xa11e0
0, 0x651d0
0, 0xa1200
2, 2
3, 0
3, 0
3, 0
3, 0
3, 0
3, 0
3, 0
3, 0
3, 0
3, 0
3, 0
3, 0
3, 0
3, 0
1, 0xa1200
0, 0x651f0
0, 0xa1220
2, 2
3, 0
3, 0
3, 0
3, 0
3, 0
3, 0
3, 0
3, 0
3, 0
3, 0
3, 0
3, 0
3, 0
3, 0
1, 0xa1220
0, 0x65210
0, 0xa1240
2, 2
3, 0
3, 0
3, 0
3, 0
3, 0
3, 0
3, 0
3, 0
3, 0
3, 0
3, 0
3, 0
3, 0
3, 0
1, 0xa1240
0, 0x65230
0, 0xa1260
2, 2
3, 0
3, 0
3, 0
3, 0
3, 0
3, 0
3, 0
3, 0
3, 0
3, 0
3, 0
3, 0
3, 0
3, 0
0, 0x65250
0, 0xa1280
0, 0x65270
0, 0xa12a0
0, 0x65290
0, 0xa12c0
0, 0x652b0
0, 0xa12e0
1, 0xa1260
0, 0x65250
0, 0xa1280
2, 2
3, 0
3, 0
3, 0
3, 0
3, 0
3, 0
3, 0
3, 0
3, 0
3, 0
3, 0
3, 0
3, 0
3, 0
1, 0xa1280
0, 0x65270
0, 0xa12a0
2, 2
3, 0
3, 0
3, 0
3, 0
3, 0
3, 0
3, 0
3, 0
3, 0
3, 0
3, 0
3, 0
3, 0
3, 0
1, 0xa12a0
0, 0x65290
0, 0xa12c0
2, 2
3, 0
3, 0
3, 0
3, 0
3, 0
3, 0
3, 0
3, 0
3, 0
3, 0
3, 0
3, 0
3, 0
3, 0
1, 0xa12c0
0, 0x652b0
0, 0xa12e0
2, 2
3, 0
3, 0
3, 0
3, 0
3, 0
3, 0
3, 0
3, 0
3, 0
3, 0
3, 0
3, 0
3, 0
3, 0
0, 0x652d0
0, 0xa1300
0, 0x652f0
0, 0xa1320
0, 0x65310
0, 0xa1340
0, 0x65330
0, 0xa1360
1, 0xa12e0
0, 0x652d0
0, 0xa1300
2, 2
3, 0
3, 0
3, 0
3, 0
3, 0
3, 0
3, 0
3, 0
3, 0
3, 0
3, 0
3, 0
3, 0
3, 0
1, 0xa1300
0, 0x652f0
0, 0xa1320
2, 2
3, 0
3, 0
3, 0
3, 0
3, 0
3, 0
3, 0
3, 0
3, 0
3, 0
3, 0
3, 0
3, 0
3, 0
1, 0xa1320
0, 0x65310
0, 0xa1340
2, 2
3, 0
3, 0
3, 0
3, 0
3, 0
3, 0
3, 0
3, 0
3, 0
3, 0
3, 0
3, 0
3, 0
3, 0
1, 0xa1340
0, 0x65330
0, 0xa1360
2, 2
3, 0
3, 0
3, 0
3, 0
3, 0
3, 0
3, 0
3, 0
3, 0
3, 0
3, 0
3, 0
3, 0
3, 0
0, 0x65350
0, 0xa1380
0, 0x65370
0, 0xa13a0
0, 0x65390
0, 0xa13c0
0, 0x653b0
0, 0xa13e0
1, 0xa1360
0, 0x65350
0, 0xa1380
2, 2
3, 0
3, 0
3, 0
3, 0
3, 0
3, 0
3, 0
3, 0
3, 0
3, 0
3, 0
3, 0
3, 0
3, 0
1, 0xa1380
0, 0x65370
0, 0xa13a0
2, 2
3, 0
3, 0
3, 0
3, 0
3, 0
3, 0
3, 0
3, 0
3, 0
3, 0
3, 0
3, 0
3, 0
3, 0
1, 0xa13a0
0, 0x65390
0, 0xa13c0
2, 2
3, 0
3, 0
3, 0
3, 0
3, 0
3, 0
3, 0
3, 0
3, 0
3, 0
3, 0
3, 0
3, 0
3, 0
1, 0xa13c0
0, 0x653b0
0, 0xa13e0
2, 2
3, 0
3, 0
3, 0
3, 0
3, 0
3, 0
3, 0
3, 0
3, 0
3, 0
3, 0
3, 0
3, 0
3, 0
0, 0x653d0
0, 0xa1400
0, 0x653f0
0, 0xa1420
0, 0x65410
0, 0xa1440
0, 0x65430
0, 0xa1460
1, 0xa13e0
0, 0x653d0
0, 0xa1400
2, 2
3, 0
3, 0
3, 0
3, 0
3, 0
3, 0
3, 0
3, 0
3, 0
3, 0
3, 0
3, 0
3, 0
3, 0
1, 0xa1400
0, 0x653f0
0, 0xa1420
2, 2
3, 0
3, 0
3, 0
3, 0
3, 0
3, 0
3, 0
3, 0
3, 0
3, 0
3, 0
3, 0
3, 0
3, 0
1, 0xa1420
0, 0x65410
0, 0xa1440
2, 2
3, 0
3, 0
3, 0
3, 0
3, 0
3, 0
3, 0
3, 0
3, 0
3, 0
3, 0
3, 0
3, 0
3, 0
1, 0xa1440
0, 0x65430
0, 0xa1460
2, 2
3, 0
3, 0
3, 0
3, 0
3, 0
3, 0
3, 0
3, 0
3, 0
3, 0
3, 0
3, 0
3, 0
3, 0
0, 0x65450
0, 0xa1480
0, 0x65470
0, 0xa14a0
0, 0x65490
0, 0xa14c0
0, 0x654b0
0, 0xa14e0
1, 0xa1460
0, 0x65450
0, 0xa1480
2, 2
3, 0
3, 0
3, 0
3, 0
3, 0
3, 0
3, 0
3, 0
3, 0
3, 0
3, 0
3, 0
3, 0
3, 0
1, 0xa1480
0, 0x65470
0, 0xa14a0
2, 2
3, 0
3, 0
3, 0
3, 0
3, 0
3, 0
3, 0
3, 0
3, 0
3, 0
3, 0
3, 0
3, 0
3, 0
1, 0xa14a0
0, 0x65490
0, 0xa14c0
2, 2
3, 0
3, 0
3, 0
3, 0
3, 0
3, 0
3, 0
3, 0
3, 0
3, 0
3, 0
3, 0
3, 0
3, 0
1, 0xa14c0
0, 0x654b0
0, 0xa14e0
2, 2
3, 0
3, 0
3, 0
3, 0
3, 0
3, 0
3, 0
3, 0
3, 0
3, 0
3, 0
3, 0
3, 0
3, 0
0, 0x654d0
0, 0xa1500
0, 0x654f0
0, 0xa1520
0, 0x65510
0, 0xa1540
0, 0x65530
0, 0xa1560
1, 0xa14e0
0, 0x654d0
0, 0xa1500
2, 2
3, 0
3, 0
3, 0
3, 0
3, 0
3, 0
3, 0
3, 0
3, 0
3, 0
3, 0
3, 0
3, 0
3, 0
1, 0xa1500
0, 0x654f0
0, 0xa1520
2, 2
3, 0
3, 0
3, 0
3, 0
3, 0
3, 0
3, 0
3, 0
3, 0
3, 0
3, 0
3, 0
3, 0
3, 0
1, 0xa1520
0, 0x65510
0, 0xa1540
2, 2
3, 0
3, 0
3, 0
3, 0
3, 0
3, 0
3, 0
3, 0
3, 0
3, 0
3, 0
3, 0
3, 0
3, 0
1, 0xa1540
0, 0x65530
0, 0xa1560
2, 2
3, 0
3, 0
3, 0
3, 0
3, 0
3, 0
3, 0
3, 0
3, 0
3, 0
3, 0
3, 0
3, 0
3, 0
0, 0x65550
0, 0xa1580
0, 0x65570
0, 0xa15a0
0, 0x65590
0, 0xa15c0
0, 0x655b0
0, 0xa15e0
1, 0xa1560
0, 0x65550
0, 0xa1580
2, 2
3, 0
3, 0
3, 0
3, 0
3, 0
3, 0
3, 0
3, 0
3, 0
3, 0
3, 0
3, 0
3, 0
3, 0
1, 0xa1580
0, 0x65570
0, 0xa15a0
2, 2
3, 0
3, 0
3, 0
3, 0
3, 0
3, 0
3, 0
3, 0
3, 0
3, 0
3, 0
3, 0
3, 0
3, 0
1, 0xa15a0
0, 0x65590
0, 0xa15c0
2, 2
3, 0
3, 0
3, 0
3, 0
3, 0
3, 0
3, 0
3, 0
3, 0
3, 0
3, 0
3, 0
3, 0
3, 0
1, 0xa15c0
0, 0x655b0
0, 0xa15e0
2, 2
3, 0
3, 0
3, 0
3, 0
3, 0
3, 0
3, 0
3, 0
3, 0
3, 0
3, 0
3, 0
3, 0
3, 0
0, 0x655d0
0, 0xa1600
0, 0x655f0
0, 0xa1620
0, 0x65610
0, 0xa1640
0, 0x65630
0, 0xa1660
1, 0xa15e0
0, 0x655d0
0, 0xa1600
2, 2
3, 0
3, 0
3, 0
3, 0
3, 0
3, 0
3, 0
3, 0
3, 0
3, 0
3, 0
3, 0
3, 0
3, 0
1, 0xa1600
0, 0x655f0
0, 0xa1620
2, 2
3, 0
3, 0
3, 0
3, 0
3, 0
3, 0
3, 0
3, 0
3, 0
3, 0
3, 0
3, 0
3, 0
3, 0
1, 0xa1620
0, 0x65610
0, 0xa1640
2, 2
3, 0
3, 0
3, 0
3, 0
3, 0
3, 0
3, 0
3, 0
3, 0
3, 0
3, 0
3, 0
3, 0
3, 0
1, 0xa1640
0, 0x65630
0, 0xa1660
2, 2
3, 0
3, 0
3, 0
3, 0
3, 0
3, 0
3, 0
3, 0
3, 0
3, 0
3, 0
3, 0
3, 0
3, 0
0, 0x65650
0, 0xa1680
0, 0x65670
0, 0xa16a0
0, 0x65690
0, 0xa16c0
0, 0x656b0
0, 0xa16e0
1, 0xa1660
0, 0x65650
0, 0xa1680
2, 2
3, 0
3, 0
3, 0
3, 0
3, 0
3, 0
3, 0
3, 0
3, 0
3, 0
3, 0
3, 0
3, 0
3, 0
1, 0xa1680
0, 0x65670
0, 0xa16a0
2, 2
3, 0
3, 0
3, 0
3, 0
3, 0
3, 0
3, 0
3, 0
3, 0
3, 0
3, 0
3, 0
3, 0
3, 0
1, 0xa16a0
0, 0x65690
0, 0xa16c0
2, 2
3, 0
3, 0
3, 0
3, 0
3, 0
3, 0
3, 0
3, 0
3, 0
3, 0
3, 0
3, 0
3, 0
3, 0
1, 0xa16c0
0, 0x656b0
0, 0xa16e0
2, 2
3, 0
3, 0
3, 0
3, 0
3, 0
3, 0
3, 0
3, 0
3, 0
3, 0
3, 0
3, 0
3, 0
3, 0
0, 0x656d0
0, 0xa1700
0, 0x656f0
0, 0xa1720
0, 0x65710
0, 0xa1740
0, 0x65730
0, 0xa1760
1, 0xa16e0
0, 0x656d0
0, 0xa1700
2, 2
3, 0
3, 0
3, 0
3, 0
3, 0
3, 0
3, 0
3, 0
3, 0
3, 0
3, 0
3, 0
3, 0
3, 0
1, 0xa1700
0, 0x656f0
0, 0xa1720
2, 2
3, 0
3, 0
3, 0
3, 0
3, 0
3, 0
3, 0
3, 0
3, 0
3, 0
3, 0
3, 0
3, 0
3, 0
1, 0xa1720
0, 0x65710
0, 0xa1740
2, 2
3, 0
3, 0
3, 0
3, 0
3, 0
3, 0
3, 0
3, 0
3, 0
3, 0
3, 0
3, 0
3, 0
3, 0
1, 0xa1740
0, 0x65730
0, 0xa1760
2, 2
3, 0
3, 0
3, 0
3, 0
3, 0
3, 0
3, 0
3, 0
3, 0
3, 0
3, 0
3, 0
3, 0
3, 0
0, 0x65750
0, 0xa1780
0, 0x65770
0, 0xa17a0
0, 0x65790
0, 0xa17c0
0, 0x657b0
0, 0xa17e0
1, 0xa1760
0, 0x65750
0, 0xa1780
2, 2
3, 0
3, 0
3, 0
3, 0
3, 0
3, 0
3, 0
3, 0
3, 0
3, 0
3, 0
3, 0
3, 0
3, 0
1, 0xa1780
0, 0x65770
0, 0xa17a0
2, 2
3, 0
3, 0
3, 0
3, 0
3, 0
3, 0
3, 0
3, 0
3, 0
3, 0
3, 0
3, 0
3, 0
3, 0
1, 0xa17a0
0, 0x65790
0, 0xa17c0
2, 2
3, 0
3, 0
3, 0
3, 0
3, 0
3, 0
3, 0
3, 0
3, 0
3, 0
3, 0
3, 0
3, 0
3, 0
1, 0xa17c0
0, 0x657b0
0, 0xa17e0
2, 2
3, 0
3, 0
3, 0
3, 0
3, 0
3, 0
3, 0
3, 0
3, 0
3, 0
3, 0
3, 0
3, 0
3, 0
0, 0x657d0
0, 0xa1800
0, 0x657f0
0, 0xa1820
0, 0x65810
0, 0xa1840
0, 0x65830
0, 0xa1860
1, 0xa17e0
0, 0x657d0
0, 0xa1800
2, 2
3, 0
3, 0
3, 0
3, 0
3, 0
3, 0
3, 0
3, 0
3, 0
3, 0
3, 0
3, 0
3, 0
3, 0
1, 0xa1800
0, 0x657f0
0, 0xa1820
2, 2
3, 0
3, 0
3, 0
3, 0
3, 0
3, 0
3, 0
3, 0
3, 0
3, 0
3, 0
3, 0
3, 0
3, 0
1, 0xa1820
0, 0x65810
0, 0xa1840
2, 2
3, 0
3, 0
3, 0
3, 0
3, 0
3, 0
3, 0
3, 0
3, 0
3, 0
3, 0
3, 0
3, 0
3, 0
1, 0xa1840
0, 0x65830
0, 0xa1860
2, 2
3, 0
3, 0
3, 0
3, 0
3, 0
3, 0
3, 0
3, 0
3, 0
3, 0
3, 0
3, 0
3, 0
3, 0
0, 0x65850
0, 0xa1880
0, 0x65870
0, 0xa18a0
0, 0x65890
0, 0xa18c0
0, 0x658b0
0, 0xa18e0
1, 0xa1860
0, 0x65850
0, 0xa1880
2, 2
3, 0
3, 0
3, 0
3, 0
3, 0
3, 0
3, 0
3, 0
3, 0
3, 0
3, 0
3, 0
3, 0
3, 0
1, 0xa1880
0, 0x65870
0, 0xa18a0
2, 2
3, 0
3, 0
3, 0
3, 0
3, 0
3, 0
3, 0
3, 0
3, 0
3, 0
3, 0
3, 0
3, 0
3, 0
1, 0xa18a0
0, 0x65890
0, 0xa18c0
2, 2
3, 0
3, 0
3, 0
3, 0
3, 0
3, 0
3, 0
3, 0
3, 0
3, 0
3, 0
3, 0
3, 0
3, 0
1, 0xa18c0
0, 0x658b0
0, 0xa18e0
2, 2
3, 0
3, 0
3, 0
3, 0
3, 0
3, 0
3, 0
3, 0
3, 0
3, 0
3, 0
3, 0
3, 0
3, 0
0, 0x658d0
0, 0xa1900
0, 0x658f0
0, 0xa1920
0, 0x65910
0, 0xa1940
0, 0x65930
0, 0xa1960
1, 0xa18e0
0, 0x658d0
0, 0xa1900
2, 2
3, 0
3, 0
3, 0
3, 0
3, 0
3, 0
3, 0
3, 0
3, 0
3, 0
3, 0
3, 0
3, 0
3, 0
1, 0xa1900
0, 0x658f0
0, 0xa1920
2, 2
3, 0
3, 0
3, 0
3, 0
3, 0
3, 0
3, 0
3, 0
3, 0
3, 0
3, 0
3, 0
3, 0
3, 0
1, 0xa1920
0, 0x65910
0, 0xa1940
2, 2
3, 0
3, 0
3, 0
3, 0
3, 0
3, 0
3, 0
3, 0
3, 0
3, 0
3, 0
3, 0
3, 0
3, 0
1, 0xa1940
0, 0x65930
0, 0xa1960
2, 2
3, 0
3, 0
3, 0
3, 0
3, 0
3, 0
3, 0
3, 0
3, 0
3, 0
3, 0
3, 0
3, 0
3, 0
0, 0x65950
0, 0xa1980
0, 0x65970
0, 0xa19a0
0, 0x65990
0, 0xa19c0
0, 0x659b0
0, 0xa19e0
1, 0xa1960
0, 0x65950
0, 0xa1980
2, 2
3, 0
3, 0
3, 0
3, 0
3, 0
3, 0
3, 0
3, 0
3, 0
3, 0
3, 0
3, 0
3, 0
3, 0
1, 0xa1980
0, 0x65970
0, 0xa19a0
2, 2
3, 0
3, 0
3, 0
3, 0
3, 0
3, 0
3, 0
3, 0
3, 0
3, 0
3, 0
3, 0
3, 0
3, 0
1, 0xa19a0
0, 0x65990
0, 0xa19c0
2, 2
3, 0
3, 0
3, 0
3, 0
3, 0
3, 0
3, 0
3, 0
3, 0
3, 0
3, 0
3, 0
3, 0
3, 0
1, 0xa19c0
0, 0x659b0
0, 0xa19e0
2, 2
3, 0
3, 0
3, 0
3, 0
3, 0
3, 0
3, 0
3, 0
3, 0
3, 0
3, 0
3, 0
3, 0
3, 0
0, 0x659d0
0, 0xa1a00
0, 0x659f0
0, 0xa1a20
0, 0x65a10
0, 0xa1a40
0, 0x65a30
0, 0xa1a60
1, 0xa19e0
0, 0x659d0
0, 0xa1a00
2, 2
3, 0
3, 0
3, 0
3, 0
3, 0
3, 0
3, 0
3, 0
3, 0
3, 0
3, 0
3, 0
3, 0
3, 0
1, 0xa1a00
0, 0x659f0
0, 0xa1a20
2, 2
3, 0
3, 0
3, 0
3, 0
3, 0
3, 0
3, 0
3, 0
3, 0
3, 0
3, 0
3, 0
3, 0
3, 0
1, 0xa1a20
0, 0x65a10
0, 0xa1a40
2, 2
3, 0
3, 0
3, 0
3, 0
3, 0
3, 0
3, 0
3, 0
3, 0
3, 0
3, 0
3, 0
3, 0
3, 0
1, 0xa1a40
0, 0x65a30
0, 0xa1a60
2, 2
3, 0
3, 0
3, 0
3, 0
3, 0
3, 0
3, 0
3, 0
3, 0
3, 0
3, 0
3, 0
3, 0
3, 0
0, 0x65a50
0, 0xa1a80
0, 0x65a70
0, 0xa1aa0
0, 0x65a90
0, 0xa1ac0
0, 0x65ab0
0, 0xa1ae0
1, 0xa1a60
0, 0x65a50
0, 0xa1a80
2, 2
3, 0
3, 0
3, 0
3, 0
3, 0
3, 0
3, 0
3, 0
3, 0
3, 0
3, 0
3, 0
3, 0
3, 0
1, 0xa1a80
0, 0x65a70
0, 0xa1aa0
2, 2
3, 0
3, 0
3, 0
3, 0
3, 0
3, 0
3, 0
3, 0
3, 0
3, 0
3, 0
3, 0
3, 0
3, 0
1, 0xa1aa0
0, 0x65a90
0, 0xa1ac0
2, 2
3, 0
3, 0
3, 0
3, 0
3, 0
3, 0
3, 0
3, 0
3, 0
3, 0
3, 0
3, 0
3, 0
3, 0
1, 0xa1ac0
0, 0x65ab0
0, 0xa1ae0
2, 2
3, 0
3, 0
3, 0
3, 0
3, 0
3, 0
3, 0
3, 0
3, 0
3, 0
3, 0
3, 0
3, 0
3, 0
0, 0x65ad0
0, 0xa1b00
0, 0x65af0
0, 0xa1b20
0, 0x65b10
0, 0xa1b40
0, 0x65b30
0, 0xa1b60
1, 0xa1ae0
0, 0x65ad0
0, 0xa1b00
2, 2
3, 0
3, 0
3, 0
3, 0
3, 0
3, 0
3, 0
3, 0
3, 0
3, 0
3, 0
3, 0
3, 0
3, 0
1, 0xa1b00
0, 0x65af0
0, 0xa1b20
2, 2
3, 0
3, 0
3, 0
3, 0
3, 0
3, 0
3, 0
3, 0
3, 0
3, 0
3, 0
3, 0
3, 0
3, 0
1, 0xa1b20
0, 0x65b10
0, 0xa1b40
2, 2
3, 0
3, 0
3, 0
3, 0
3, 0
3, 0
3, 0
3, 0
3, 0
3, 0
3, 0
3, 0
3, 0
3, 0
1, 0xa1b40
0, 0x65b30
0, 0xa1b60
2, 2
3, 0
3, 0
3, 0
3, 0
3, 0
3, 0
3, 0
3, 0
3, 0
3, 0
3, 0
3, 0
3, 0
3, 0
0, 0x65b50
0, 0xa1b80
0, 0x65b70
0, 0xa1ba0
0, 0x65b90
0, 0xa1bc0
0, 0x65bb0
0, 0xa1be0
1, 0xa1b60
0, 0x65b50
0, 0xa1b80
2, 2
3, 0
3, 0
3, 0
3, 0
3, 0
3, 0
3, 0
3, 0
3, 0
3, 0
3, 0
3, 0
3, 0
3, 0
1, 0xa1b80
0, 0x65b70
0, 0xa1ba0
2, 2
3, 0
3, 0
3, 0
3, 0
3, 0
3, 0
3, 0
3, 0
3, 0
3, 0
3, 0
3, 0
3, 0
3, 0
1, 0xa1ba0
0, 0x65b90
0, 0xa1bc0
2, 2
3, 0
3, 0
3, 0
3, 0
3, 0
3, 0
3, 0
3, 0
3, 0
3, 0
3, 0
3, 0
3, 0
3, 0
1, 0xa1bc0
0, 0x65bb0
0, 0xa1be0
2, 2
3, 0
3, 0
3, 0
3, 0
3, 0
3, 0
3, 0
3, 0
3, 0
3, 0
3, 0
3, 0
3, 0
3, 0
0, 0x65bd0
0, 0xa1c00
0, 0x65bf0
0, 0xa1c20
0, 0x65c10
0, 0xa1c40
0, 0x65c30
0, 0xa1c60
1, 0xa1be0
0, 0x65bd0
0, 0xa1c00
2, 2
3, 0
3, 0
3, 0
3, 0
3, 0
3, 0
3, 0
3, 0
3, 0
3, 0
3, 0
3, 0
3, 0
3, 0
1, 0xa1c00
0, 0x65bf0
0, 0xa1c20
2, 2
3, 0
3, 0
3, 0
3, 0
3, 0
3, 0
3, 0
3, 0
3, 0
3, 0
3, 0
3, 0
3, 0
3, 0
1, 0xa1c20
0, 0x65c10
0, 0xa1c40
2, 2
3, 0
3, 0
3, 0
3, 0
3, 0
3, 0
3, 0
3, 0
3, 0
3, 0
3, 0
3, 0
3, 0
3, 0
1, 0xa1c40
0, 0x65c30
0, 0xa1c60
2, 2
3, 0
3, 0
3, 0
3, 0
3, 0
3, 0
3, 0
3, 0
3, 0
3, 0
3, 0
3, 0
3, 0
3, 0
0, 0x65c50
0, 0xa1c80
0, 0x65c70
0, 0xa1ca0
0, 0x65c90
0, 0xa1cc0
0, 0x65cb0
0, 0xa1ce0
1, 0xa1c60
0, 0x65c50
0, 0xa1c80
2, 2
3, 0
3, 0
3, 0
3, 0
3, 0
3, 0
3, 0
3, 0
3, 0
3, 0
3, 0
3, 0
3, 0
3, 0
1, 0xa1c80
0, 0x65c70
0, 0xa1ca0
2, 2
3, 0
3, 0
3, 0
3, 0
3, 0
3, 0
3, 0
3, 0
3, 0
3, 0
3, 0
3, 0
3, 0
3, 0
1, 0xa1ca0
0, 0x65c90
0, 0xa1cc0
2, 2
3, 0
3, 0
3, 0
3, 0
3, 0
3, 0
3, 0
3, 0
3, 0
3, 0
3, 0
3, 0
3, 0
3, 0
1, 0xa1cc0
0, 0x65cb0
0, 0xa1ce0
2, 2
3, 0
3, 0
3, 0
3, 0
3, 0
3, 0
3, 0
3, 0
3, 0
3, 0
3, 0
3, 0
3, 0
3, 0
0, 0x65cd0
0, 0xa1d00
0, 0x65cf0
0, 0xa1d20
0, 0x65d10
0, 0xa1d40
0, 0x65d30
0, 0xa1d60
1, 0xa1ce0
0, 0x65cd0
0, 0xa1d00
2, 2
3, 0
3, 0
3, 0
3, 0
3, 0
3, 0
3, 0
3, 0
3, 0
3, 0
3, 0
3, 0
3, 0
3, 0
1, 0xa1d00
0, 0x65cf0
0, 0xa1d20
2, 2
3, 0
3, 0
3, 0
3, 0
3, 0
3, 0
3, 0
3, 0
3, 0
3, 0
3, 0
3, 0
3, 0
3, 0
1, 0xa1d20
0, 0x65d10
0, 0xa1d40
2, 2
3, 0
3, 0
3, 0
3, 0
3, 0
3, 0
3, 0
3, 0
3, 0
3, 0
3, 0
3, 0
3, 0
3, 0
1, 0xa1d40
0, 0x65d30
0, 0xa1d60
2, 2
3, 0
3, 0
3, 0
3, 0
3, 0
3, 0
3, 0
3, 0
3, 0
3, 0
3, 0
3, 0
3, 0
3, 0
0, 0x65d50
0, 0xa1d80
0, 0x65d70
0, 0xa1da0
0, 0x65d90
0, 0xa1dc0
0, 0x65db0
0, 0xa1de0
1, 0xa1d60
0, 0x65d50
0, 0xa1d80
2, 2
3, 0
3, 0
3, 0
3, 0
3, 0
3, 0
3, 0
3, 0
3, 0
3, 0
3, 0
3, 0
3, 0
3, 0
1, 0xa1d80
0, 0x65d70
0, 0xa1da0
2, 2
3, 0
3, 0
3, 0
3, 0
3, 0
3, 0
3, 0
3, 0
3, 0
3, 0
3, 0
3, 0
3, 0
3, 0
1, 0xa1da0
0, 0x65d90
0, 0xa1dc0
2, 2
3, 0
3, 0
3, 0
3, 0
3, 0
3, 0
3, 0
3, 0
3, 0
3, 0
3, 0
3, 0
3, 0
3, 0
1, 0xa1dc0
0, 0x65db0
0, 0xa1de0
2, 2
3, 0
3, 0
3, 0
3, 0
3, 0
3, 0
3, 0
3, 0
3, 0
3, 0
3, 0
3, 0
3, 0
3, 0
0, 0x65dd0
0, 0xa1e00
0, 0x65df0
0, 0xa1e20
0, 0x65e10
0, 0xa1e40
0, 0x65e30
0, 0xa1e60
1, 0xa1de0
0, 0x65dd0
0, 0xa1e00
2, 2
3, 0
3, 0
3, 0
3, 0
3, 0
3, 0
3, 0
3, 0
3, 0
3, 0
3, 0
3, 0
3, 0
3, 0
1, 0xa1e00
0, 0x65df0
0, 0xa1e20
2, 2
3, 0
3, 0
3, 0
3, 0
3, 0
3, 0
3, 0
3, 0
3, 0
3, 0
3, 0
3, 0
3, 0
3, 0
1, 0xa1e20
0, 0x65e10
0, 0xa1e40
2, 2
3, 0
3, 0
3, 0
3, 0
3, 0
3, 0
3, 0
3, 0
3, 0
3, 0
3, 0
3, 0
3, 0
3, 0
1, 0xa1e40
0, 0x65e30
0, 0xa1e60
2, 2
3, 0
3, 0
3, 0
3, 0
3, 0
3, 0
3, 0
3, 0
3, 0
3, 0
3, 0
3, 0
3, 0
3, 0
0, 0x65e50
0, 0xa1e80
0, 0x65e70
0, 0xa1ea0
0, 0x65e90
0, 0xa1ec0
0, 0x65eb0
0, 0xa1ee0
1, 0xa1e60
0, 0x65e50
0, 0xa1e80
2, 2
3, 0
3, 0
3, 0
3, 0
3, 0
3, 0
3, 0
3, 0
3, 0
3, 0
3, 0
3, 0
3, 0
3, 0
1, 0xa1e80
0, 0x65e70
0, 0xa1ea0
2, 2
3, 0
3, 0
3, 0
3, 0
3, 0
3, 0
3, 0
3, 0
3, 0
3, 0
3, 0
3, 0
3, 0
3, 0
1, 0xa1ea0
0, 0x65e90
0, 0xa1ec0
2, 2
3, 0
3, 0
3, 0
3, 0
3, 0
3, 0
3, 0
3, 0
3, 0
3, 0
3, 0
3, 0
3, 0
3, 0
1, 0xa1ec0
0, 0x65eb0
0, 0xa1ee0
2, 2
3, 0
3, 0
3, 0
3, 0
3, 0
3, 0
3, 0
3, 0
3, 0
3, 0
3, 0
3, 0
3, 0
3, 0
0, 0x65ed0
0, 0xa1f00
0, 0x65ef0
0, 0xa1f20
0, 0x65f10
0, 0xa1f40
0, 0x65f30
0, 0xa1f60
1, 0xa1ee0
0, 0x65ed0
0, 0xa1f00
2, 2
3, 0
3, 0
3, 0
3, 0
3, 0
3, 0
3, 0
3, 0
3, 0
3, 0
3, 0
3, 0
3, 0
3, 0
1, 0xa1f00
0, 0x65ef0
0, 0xa1f20
2, 2
3, 0
3, 0
3, 0
3, 0
3, 0
3, 0
3, 0
3, 0
3, 0
3, 0
3, 0
3, 0
3, 0
3, 0
1, 0xa1f20
0, 0x65f10
0, 0xa1f40
2, 2
3, 0
3, 0
3, 0
3, 0
3, 0
3, 0
3, 0
3, 0
3, 0
3, 0
3, 0
3, 0
3, 0
3, 0
1, 0xa1f40
0, 0x65f30
0, 0xa1f60
2, 2
3, 0
3, 0
3, 0
3, 0
3, 0
3, 0
3, 0
3, 0
3, 0
3, 0
3, 0
3, 0
3, 0
3, 0
0, 0x65f50
0, 0xa1f80
0, 0x65f70
0, 0xa1fa0
0, 0x65f90
0, 0xa1fc0
0, 0x65fb0
0, 0xa1fe0
1, 0xa1f60
0, 0x65f50
0, 0xa1f80
2, 2
3, 0
3, 0
3, 0
3, 0
3, 0
3, 0
3, 0
3, 0
3, 0
3, 0
3, 0
3, 0
3, 0
3, 0
1, 0xa1f80
0, 0x65f70
0, 0xa1fa0
2, 2
3, 0
3, 0
3, 0
3, 0
3, 0
3, 0
3, 0
3, 0
3, 0
3, 0
3, 0
3, 0
3, 0
3, 0
1, 0xa1fa0
0, 0x65f90
0, 0xa1fc0
2, 2
3, 0
3, 0
3, 0
3, 0
3, 0
3, 0
3, 0
3, 0
3, 0
3, 0
3, 0
3, 0
3, 0
3, 0
1, 0xa1fc0
0, 0x65fb0
0, 0xa1fe0
2, 2
3, 0
3, 0
3, 0
3, 0
3, 0
3, 0
3, 0
3, 0
3, 0
3, 0
3, 0
3, 0
3, 0
3, 0
0, 0x65fd0
0, 0xa2000
0, 0x65ff0
0, 0xa2020
0, 0x66010
0, 0xa2040
0, 0x66030
0, 0xa2060
1, 0xa1fe0
0, 0x65fd0
0, 0xa2000
2, 2
3, 0
3, 0
3, 0
3, 0
3, 0
3, 0
3, 0
3, 0
3, 0
3, 0
3, 0
3, 0
3, 0
3, 0
1, 0xa2000
0, 0x65ff0
0, 0xa2020
2, 2
3, 0
3, 0
3, 0
3, 0
3, 0
3, 0
3, 0
3, 0
3, 0
3, 0
3, 0
3, 0
3, 0
3, 0
1, 0xa2020
0, 0x66010
0, 0xa2040
2, 2
3, 0
3, 0
3, 0
3, 0
3, 0
3, 0
3, 0
3, 0
3, 0
3, 0
3, 0
3, 0
3, 0
3, 0
1, 0xa2040
0, 0x66030
0, 0xa2060
2, 2
3, 0
3, 0
3, 0
3, 0
3, 0
3, 0
3, 0
3, 0
3, 0
3, 0
3, 0
3, 0
3, 0
3, 0
0, 0x66050
0, 0xa2080
0, 0x66070
0, 0xa20a0
0, 0x66090
0, 0xa20c0
0, 0x660b0
0, 0xa20e0
1, 0xa2060
0, 0x66050
0, 0xa2080
2, 2
3, 0
3, 0
3, 0
3, 0
3, 0
3, 0
3, 0
3, 0
3, 0
3, 0
3, 0
3, 0
3, 0
3, 0
1, 0xa2080
0, 0x66070
0, 0xa20a0
2, 2
3, 0
3, 0
3, 0
3, 0
3, 0
3, 0
3, 0
3, 0
3, 0
3, 0
3, 0
3, 0
3, 0
3, 0
1, 0xa20a0
0, 0x66090
0, 0xa20c0
2, 2
3, 0
3, 0
3, 0
3, 0
3, 0
3, 0
3, 0
3, 0
3, 0
3, 0
3, 0
3, 0
3, 0
3, 0
1, 0xa20c0
0, 0x660b0
0, 0xa20e0
2, 2
3, 0
3, 0
3, 0
3, 0
3, 0
3, 0
3, 0
3, 0
3, 0
3, 0
3, 0
3, 0
3, 0
3, 0
0, 0x660d0
0, 0xa2100
0, 0x660f0
0, 0xa2120
0, 0x66110
0, 0xa2140
0, 0x66130
0, 0xa2160
1, 0xa20e0
0, 0x660d0
0, 0xa2100
2, 2
3, 0
3, 0
3, 0
3, 0
3, 0
3, 0
3, 0
3, 0
3, 0
3, 0
3, 0
3, 0
3, 0
3, 0
1, 0xa2100
0, 0x660f0
0, 0xa2120
2, 2
3, 0
3, 0
3, 0
3, 0
3, 0
3, 0
3, 0
3, 0
3, 0
3, 0
3, 0
3, 0
3, 0
3, 0
1, 0xa2120
0, 0x66110
0, 0xa2140
2, 2
3, 0
3, 0
3, 0
3, 0
3, 0
3, 0
3, 0
3, 0
3, 0
3, 0
3, 0
3, 0
3, 0
3, 0
1, 0xa2140
0, 0x66130
0, 0xa2160
2, 2
3, 0
3, 0
3, 0
3, 0
3, 0
3, 0
3, 0
3, 0
3, 0
3, 0
3, 0
3, 0
3, 0
3, 0
0, 0x66150
0, 0xa2180
0, 0x66170
0, 0xa21a0
0, 0x66190
0, 0xa21c0
0, 0x661b0
0, 0xa21e0
1, 0xa2160
0, 0x66150
0, 0xa2180
2, 2
3, 0
3, 0
3, 0
3, 0
3, 0
3, 0
3, 0
3, 0
3, 0
3, 0
3, 0
3, 0
3, 0
3, 0
1, 0xa2180
0, 0x66170
0, 0xa21a0
2, 2
3, 0
3, 0
3, 0
3, 0
3, 0
3, 0
3, 0
3, 0
3, 0
3, 0
3, 0
3, 0
3, 0
3, 0
1, 0xa21a0
0, 0x66190
0, 0xa21c0
2, 2
3, 0
3, 0
3, 0
3, 0
3, 0
3, 0
3, 0
3, 0
3, 0
3, 0
3, 0
3, 0
3, 0
3, 0
1, 0xa21c0
0, 0x661b0
0, 0xa21e0
2, 2
3, 0
3, 0
3, 0
3, 0
3, 0
3, 0
3, 0
3, 0
3, 0
3, 0
3, 0
3, 0
3, 0
3, 0
0, 0x661d0
0, 0xa2200
0, 0x661f0
0, 0xa2220
0, 0x66210
0, 0xa2240
0, 0x66230
0, 0xa2260
1, 0xa21e0
0, 0x661d0
0, 0xa2200
2, 2
3, 0
3, 0
3, 0
3, 0
3, 0
3, 0
3, 0
3, 0
3, 0
3, 0
3, 0
3, 0
3, 0
3, 0
1, 0xa2200
0, 0x661f0
0, 0xa2220
2, 2
3, 0
3, 0
3, 0
3, 0
3, 0
3, 0
3, 0
3, 0
3, 0
3, 0
3, 0
3, 0
3, 0
3, 0
1, 0xa2220
0, 0x66210
0, 0xa2240
2, 2
3, 0
3, 0
3, 0
3, 0
3, 0
3, 0
3, 0
3, 0
3, 0
3, 0
3, 0
3, 0
3, 0
3, 0
1, 0xa2240
0, 0x66230
0, 0xa2260
2, 2
3, 0
3, 0
3, 0
3, 0
3, 0
3, 0
3, 0
3, 0
3, 0
3, 0
3, 0
3, 0
3, 0
3, 0
0, 0x66250
0, 0xa2280
0, 0x66270
0, 0xa22a0
0, 0x66290
0, 0xa22c0
0, 0x662b0
0, 0xa22e0
1, 0xa2260
0, 0x66250
0, 0xa2280
2, 2
3, 0
3, 0
3, 0
3, 0
3, 0
3, 0
3, 0
3, 0
3, 0
3, 0
3, 0
3, 0
3, 0
3, 0
1, 0xa2280
0, 0x66270
0, 0xa22a0
2, 2
3, 0
3, 0
3, 0
3, 0
3, 0
3, 0
3, 0
3, 0
3, 0
3, 0
3, 0
3, 0
3, 0
3, 0
1, 0xa22a0
0, 0x66290
0, 0xa22c0
2, 2
3, 0
3, 0
3, 0
3, 0
3, 0
3, 0
3, 0
3, 0
3, 0
3, 0
3, 0
3, 0
3, 0
3, 0
1, 0xa22c0
0, 0x662b0
0, 0xa22e0
2, 2
3, 0
3, 0
3, 0
3, 0
3, 0
3, 0
3, 0
3, 0
3, 0
3, 0
3, 0
3, 0
3, 0
3, 0
0, 0x662d0
0, 0xa2300
0, 0x662f0
0, 0xa2320
0, 0x66310
0, 0xa2340
0, 0x66330
0, 0xa2360
1, 0xa22e0
0, 0x662d0
0, 0xa2300
2, 2
3, 0
3, 0
3, 0
3, 0
3, 0
3, 0
3, 0
3, 0
3, 0
3, 0
3, 0
3, 0
3, 0
3, 0
1, 0xa2300
0, 0x662f0
0, 0xa2320
2, 2
3, 0
3, 0
3, 0
3, 0
3, 0
3, 0
3, 0
3, 0
3, 0
3, 0
3, 0
3, 0
3, 0
3, 0
1, 0xa2320
0, 0x66310
0, 0xa2340
2, 2
3, 0
3, 0
3, 0
3, 0
3, 0
3, 0
3, 0
3, 0
3, 0
3, 0
3, 0
3, 0
3, 0
3, 0
1, 0xa2340
0, 0x66330
0, 0xa2360
2, 2
3, 0
3, 0
3, 0
3, 0
3, 0
3, 0
3, 0
3, 0
3, 0
3, 0
3, 0
3, 0
3, 0
3, 0
0, 0x66350
0, 0xa2380
0, 0x66370
0, 0xa23a0
0, 0x66390
0, 0xa23c0
0, 0x663b0
0, 0xa23e0
1, 0xa2360
0, 0x66350
0, 0xa2380
2, 2
3, 0
3, 0
3, 0
3, 0
3, 0
3, 0
3, 0
3, 0
3, 0
3, 0
3, 0
3, 0
3, 0
3, 0
1, 0xa2380
0, 0x66370
0, 0xa23a0
2, 2
3, 0
3, 0
3, 0
3, 0
3, 0
3, 0
3, 0
3, 0
3, 0
3, 0
3, 0
3, 0
3, 0
3, 0
1, 0xa23a0
0, 0x66390
0, 0xa23c0
2, 2
3, 0
3, 0
3, 0
3, 0
3, 0
3, 0
3, 0
3, 0
3, 0
3, 0
3, 0
3, 0
3, 0
3, 0
1, 0xa23c0
0, 0x663b0
0, 0xa23e0
2, 2
3, 0
3, 0
3, 0
3, 0
3, 0
3, 0
3, 0
3, 0
3, 0
3, 0
3, 0
3, 0
3, 0
3, 0
0, 0x663d0
0, 0xa2400
0, 0x663f0
0, 0xa2420
0, 0x66410
0, 0xa2440
0, 0x66430
0, 0xa2460
1, 0xa23e0
0, 0x663d0
0, 0xa2400
2, 2
3, 0
3, 0
3, 0
3, 0
3, 0
3, 0
3, 0
3, 0
3, 0
3, 0
3, 0
3, 0
3, 0
3, 0
1, 0xa2400
0, 0x663f0
0, 0xa2420
2, 2
3, 0
3, 0
3, 0
3, 0
3, 0
3, 0
3, 0
3, 0
3, 0
3, 0
3, 0
3, 0
3, 0
3, 0
1, 0xa2420
0, 0x66410
0, 0xa2440
2, 2
3, 0
3, 0
3, 0
3, 0
3, 0
3, 0
3, 0
3, 0
3, 0
3, 0
3, 0
3, 0
3, 0
3, 0
1, 0xa2440
0, 0x66430
0, 0xa2460
2, 2
3, 0
3, 0
3, 0
3, 0
3, 0
3, 0
3, 0
3, 0
3, 0
3, 0
3, 0
3, 0
3, 0
3, 0
0, 0x66450
0, 0xa2480
0, 0x66470
0, 0xa24a0
0, 0x66490
0, 0xa24c0
0, 0x664b0
0, 0xa24e0
1, 0xa2460
0, 0x66450
0, 0xa2480
2, 2
3, 0
3, 0
3, 0
3, 0
3, 0
3, 0
3, 0
3, 0
3, 0
3, 0
3, 0
3, 0
3, 0
3, 0
1, 0xa2480
0, 0x66470
0, 0xa24a0
2, 2
3, 0
3, 0
3, 0
3, 0
3, 0
3, 0
3, 0
3, 0
3, 0
3, 0
3, 0
3, 0
3, 0
3, 0
1, 0xa24a0
0, 0x66490
0, 0xa24c0
2, 2
3, 0
3, 0
3, 0
3, 0
3, 0
3, 0
3, 0
3, 0
3, 0
3, 0
3, 0
3, 0
3, 0
3, 0
1, 0xa24c0
0, 0x664b0
0, 0xa24e0
2, 2
3, 0
3, 0
3, 0
3, 0
3, 0
3, 0
3, 0
3, 0
3, 0
3, 0
3, 0
3, 0
3, 0
3, 0
0, 0x664d0
0, 0xa2500
0, 0x664f0
0, 0xa2520
0, 0x66510
0, 0xa2540
0, 0x66530
0, 0xa2560
1, 0xa24e0
0, 0x664d0
0, 0xa2500
2, 2
3, 0
3, 0
3, 0
3, 0
3, 0
3, 0
3, 0
3, 0
3, 0
3, 0
3, 0
3, 0
3, 0
3, 0
1, 0xa2500
0, 0x664f0
0, 0xa2520
2, 2
3, 0
3, 0
3, 0
3, 0
3, 0
3, 0
3, 0
3, 0
3, 0
3, 0
3, 0
3, 0
3, 0
3, 0
1, 0xa2520
0, 0x66510
0, 0xa2540
2, 2
3, 0
3, 0
3, 0
3, 0
3, 0
3, 0
3, 0
3, 0
3, 0
3, 0
3, 0
3, 0
3, 0
3, 0
1, 0xa2540
0, 0x66530
0, 0xa2560
2, 2
3, 0
3, 0
3, 0
3, 0
3, 0
3, 0
3, 0
3, 0
3, 0
3, 0
3, 0
3, 0
3, 0
3, 0
0, 0x66550
0, 0xa2580
0, 0x66570
0, 0xa25a0
0, 0x66590
0, 0xa25c0
0, 0x665b0
0, 0xa25e0
1, 0xa2560
0, 0x66550
0, 0xa2580
2, 2
3, 0
3, 0
3, 0
3, 0
3, 0
3, 0
3, 0
3, 0
3, 0
3, 0
3, 0
3, 0
3, 0
3, 0
1, 0xa2580
0, 0x66570
0, 0xa25a0
2, 2
3, 0
3, 0
3, 0
3, 0
3, 0
3, 0
3, 0
3, 0
3, 0
3, 0
3, 0
3, 0
3, 0
3, 0
1, 0xa25a0
0, 0x66590
0, 0xa25c0
2, 2
3, 0
3, 0
3, 0
3, 0
3, 0
3, 0
3, 0
3, 0
3, 0
3, 0
3, 0
3, 0
3, 0
3, 0
1, 0xa25c0
0, 0x665b0
0, 0xa25e0
2, 2
3, 0
3, 0
3, 0
3, 0
3, 0
3, 0
3, 0
3, 0
3, 0
3, 0
3, 0
3, 0
3, 0
3, 0
0, 0x665d0
0, 0xa2600
0, 0x665f0
0, 0xa2620
0, 0x66610
0, 0xa2640
0, 0x66630
0, 0xa2660
1, 0xa25e0
0, 0x665d0
0, 0xa2600
2, 2
3, 0
3, 0
3, 0
3, 0
3, 0
3, 0
3, 0
3, 0
3, 0
3, 0
3, 0
3, 0
3, 0
3, 0
1, 0xa2600
0, 0x665f0
0, 0xa2620
2, 2
3, 0
3, 0
3, 0
3, 0
3, 0
3, 0
3, 0
3, 0
3, 0
3, 0
3, 0
3, 0
3, 0
3, 0
1, 0xa2620
0, 0x66610
0, 0xa2640
2, 2
3, 0
3, 0
3, 0
3, 0
3, 0
3, 0
3, 0
3, 0
3, 0
3, 0
3, 0
3, 0
3, 0
3, 0
1, 0xa2640
0, 0x66630
0, 0xa2660
2, 2
3, 0
3, 0
3, 0
3, 0
3, 0
3, 0
3, 0
3, 0
3, 0
3, 0
3, 0
3, 0
3, 0
3, 0
0, 0x66650
0, 0xa2680
0, 0x66670
0, 0xa26a0
0, 0x66690
0, 0xa26c0
0, 0x666b0
0, 0xa26e0
1, 0xa2660
0, 0x66650
0, 0xa2680
2, 2
3, 0
3, 0
3, 0
3, 0
3, 0
3, 0
3, 0
3, 0
3, 0
3, 0
3, 0
3, 0
3, 0
3, 0
1, 0xa2680
0, 0x66670
0, 0xa26a0
2, 2
3, 0
3, 0
3, 0
3, 0
3, 0
3, 0
3, 0
3, 0
3, 0
3, 0
3, 0
3, 0
3, 0
3, 0
1, 0xa26a0
0, 0x66690
0, 0xa26c0
2, 2
3, 0
3, 0
3, 0
3, 0
3, 0
3, 0
3, 0
3, 0
3, 0
3, 0
3, 0
3, 0
3, 0
3, 0
1, 0xa26c0
0, 0x666b0
0, 0xa26e0
2, 2
3, 0
3, 0
3, 0
3, 0
3, 0
3, 0
3, 0
3, 0
3, 0
3, 0
3, 0
3, 0
3, 0
3, 0
0, 0x666d0
0, 0xa2700
0, 0x666f0
0, 0xa2720
0, 0x66710
0, 0xa2740
0, 0x66730
0, 0xa2760
1, 0xa26e0
0, 0x666d0
0, 0xa2700
2, 2
3, 0
3, 0
3, 0
3, 0
3, 0
3, 0
3, 0
3, 0
3, 0
3, 0
3, 0
3, 0
3, 0
3, 0
1, 0xa2700
0, 0x666f0
0, 0xa2720
2, 2
3, 0
3, 0
3, 0
3, 0
3, 0
3, 0
3, 0
3, 0
3, 0
3, 0
3, 0
3, 0
3, 0
3, 0
1, 0xa2720
0, 0x66710
0, 0xa2740
2, 2
3, 0
3, 0
3, 0
3, 0
3, 0
3, 0
3, 0
3, 0
3, 0
3, 0
3, 0
3, 0
3, 0
3, 0
1, 0xa2740
0, 0x66730
0, 0xa2760
2, 2
3, 0
3, 0
3, 0
3, 0
3, 0
3, 0
3, 0
3, 0
3, 0
3, 0
3, 0
3, 0
3, 0
3, 0
0, 0x66750
0, 0xa2780
0, 0x66770
0, 0xa27a0
0, 0x66790
0, 0xa27c0
0, 0x667b0
0, 0xa27e0
1, 0xa2760
0, 0x66750
0, 0xa2780
2, 2
3, 0
3, 0
3, 0
3, 0
3, 0
3, 0
3, 0
3, 0
3, 0
3, 0
3, 0
3, 0
3, 0
3, 0
1, 0xa2780
0, 0x66770
0, 0xa27a0
2, 2
3, 0
3, 0
3, 0
3, 0
3, 0
3, 0
3, 0
3, 0
3, 0
3, 0
3, 0
3, 0
3, 0
3, 0
1, 0xa27a0
0, 0x66790
0, 0xa27c0
2, 2
3, 0
3, 0
3, 0
3, 0
3, 0
3, 0
3, 0
3, 0
3, 0
3, 0
3, 0
3, 0
3, 0
3, 0
1, 0xa27c0
0, 0x667b0
0, 0xa27e0
2, 2
3, 0
3, 0
3, 0
3, 0
3, 0
3, 0
3, 0
3, 0
3, 0
3, 0
3, 0
3, 0
3, 0
3, 0
0, 0x667d0
0, 0xa2800
0, 0x667f0
0, 0xa2820
0, 0x66810
0, 0xa2840
0, 0x66830
0, 0xa2860
1, 0xa27e0
0, 0x667d0
0, 0xa2800
2, 2
3, 0
3, 0
3, 0
3, 0
3, 0
3, 0
3, 0
3, 0
3, 0
3, 0
3, 0
3, 0
3, 0
3, 0
1, 0xa2800
0, 0x667f0
0, 0xa2820
2, 2
3, 0
3, 0
3, 0
3, 0
3, 0
3, 0
3, 0
3, 0
3, 0
3, 0
3, 0
3, 0
3, 0
3, 0
1, 0xa2820
0, 0x66810
0, 0xa2840
2, 2
3, 0
3, 0
3, 0
3, 0
3, 0
3, 0
3, 0
3, 0
3, 0
3, 0
3, 0
3, 0
3, 0
3, 0
1, 0xa2840
0, 0x66830
0, 0xa2860
2, 2
3, 0
3, 0
3, 0
3, 0
3, 0
3, 0
3, 0
3, 0
3, 0
3, 0
3, 0
3, 0
3, 0
3, 0
0, 0x66850
0, 0xa2880
0, 0x66870
0, 0xa28a0
0, 0x66890
0, 0xa28c0
0, 0x668b0
0, 0xa28e0
1, 0xa2860
0, 0x66850
0, 0xa2880
2, 2
3, 0
3, 0
3, 0
3, 0
3, 0
3, 0
3, 0
3, 0
3, 0
3, 0
3, 0
3, 0
3, 0
3, 0
1, 0xa2880
0, 0x66870
0, 0xa28a0
2, 2
3, 0
3, 0
3, 0
3, 0
3, 0
3, 0
3, 0
3, 0
3, 0
3, 0
3, 0
3, 0
3, 0
3, 0
1, 0xa28a0
0, 0x66890
0, 0xa28c0
2, 2
3, 0
3, 0
3, 0
3, 0
3, 0
3, 0
3, 0
3, 0
3, 0
3, 0
3, 0
3, 0
3, 0
3, 0
1, 0xa28c0
0, 0x668b0
0, 0xa28e0
2, 2
3, 0
3, 0
3, 0
3, 0
3, 0
3, 0
3, 0
3, 0
3, 0
3, 0
3, 0
3, 0
3, 0
3, 0
0, 0x668d0
0, 0xa2900
0, 0x668f0
0, 0xa2920
0, 0x66910
0, 0xa2940
0, 0x66930
0, 0xa2960
1, 0xa28e0
0, 0x668d0
0, 0xa2900
2, 2
3, 0
3, 0
3, 0
3, 0
3, 0
3, 0
3, 0
3, 0
3, 0
3, 0
3, 0
3, 0
3, 0
3, 0
1, 0xa2900
0, 0x668f0
0, 0xa2920
2, 2
3, 0
3, 0
3, 0
3, 0
3, 0
3, 0
3, 0
3, 0
3, 0
3, 0
3, 0
3, 0
3, 0
3, 0
1, 0xa2920
0, 0x66910
0, 0xa2940
2, 2
3, 0
3, 0
3, 0
3, 0
3, 0
3, 0
3, 0
3, 0
3, 0
3, 0
3, 0
3, 0
3, 0
3, 0
1, 0xa2940
0, 0x66930
0, 0xa2960
2, 2
3, 0
3, 0
3, 0
3, 0
3, 0
3, 0
3, 0
3, 0
3, 0
3, 0
3, 0
3, 0
3, 0
3, 0
0, 0x66950
0, 0xa2980
0, 0x66970
0, 0xa29a0
0, 0x66990
0, 0xa29c0
0, 0x669b0
0, 0xa29e0
1, 0xa2960
0, 0x66950
0, 0xa2980
2, 2
3, 0
3, 0
3, 0
3, 0
3, 0
3, 0
3, 0
3, 0
3, 0
3, 0
3, 0
3, 0
3, 0
3, 0
1, 0xa2980
0, 0x66970
0, 0xa29a0
2, 2
3, 0
3, 0
3, 0
3, 0
3, 0
3, 0
3, 0
3, 0
3, 0
3, 0
3, 0
3, 0
3, 0
3, 0
1, 0xa29a0
0, 0x66990
0, 0xa29c0
2, 2
3, 0
3, 0
3, 0
3, 0
3, 0
3, 0
3, 0
3, 0
3, 0
3, 0
3, 0
3, 0
3, 0
3, 0
1, 0xa29c0
0, 0x669b0
0, 0xa29e0
2, 2
3, 0
3, 0
3, 0
3, 0
3, 0
3, 0
3, 0
3, 0
3, 0
3, 0
3, 0
3, 0
3, 0
3, 0
0, 0x669d0
0, 0xa2a00
0, 0x669f0
0, 0xa2a20
0, 0x66a10
0, 0xa2a40
0, 0x66a30
0, 0xa2a60
1, 0xa29e0
0, 0x669d0
0, 0xa2a00
2, 2
3, 0
3, 0
3, 0
3, 0
3, 0
3, 0
3, 0
3, 0
3, 0
3, 0
3, 0
3, 0
3, 0
3, 0
1, 0xa2a00
0, 0x669f0
0, 0xa2a20
2, 2
3, 0
3, 0
3, 0
3, 0
3, 0
3, 0
3, 0
3, 0
3, 0
3, 0
3, 0
3, 0
3, 0
3, 0
1, 0xa2a20
0, 0x66a10
0, 0xa2a40
2, 2
3, 0
3, 0
3, 0
3, 0
3, 0
3, 0
3, 0
3, 0
3, 0
3, 0
3, 0
3, 0
3, 0
3, 0
1, 0xa2a40
0, 0x66a30
0, 0xa2a60
2, 2
3, 0
3, 0
3, 0
3, 0
3, 0
3, 0
3, 0
3, 0
3, 0
3, 0
3, 0
3, 0
3, 0
3, 0
0, 0x66a50
0, 0xa2a80
0, 0x66a70
0, 0xa2aa0
0, 0x66a90
0, 0xa2ac0
0, 0x66ab0
0, 0xa2ae0
1, 0xa2a60
0, 0x66a50
0, 0xa2a80
2, 2
3, 0
3, 0
3, 0
3, 0
3, 0
3, 0
3, 0
3, 0
3, 0
3, 0
3, 0
3, 0
3, 0
3, 0
1, 0xa2a80
0, 0x66a70
0, 0xa2aa0
2, 2
3, 0
3, 0
3, 0
3, 0
3, 0
3, 0
3, 0
3, 0
3, 0
3, 0
3, 0
3, 0
3, 0
3, 0
1, 0xa2aa0
0, 0x66a90
0, 0xa2ac0
2, 2
3, 0
3, 0
3, 0
3, 0
3, 0
3, 0
3, 0
3, 0
3, 0
3, 0
3, 0
3, 0
3, 0
3, 0
1, 0xa2ac0
0, 0x66ab0
0, 0xa2ae0
2, 2
3, 0
3, 0
3, 0
3, 0
3, 0
3, 0
3, 0
3, 0
3, 0
3, 0
3, 0
3, 0
3, 0
3, 0
0, 0x66ad0
0, 0xa2b00
0, 0x66af0
0, 0xa2b20
0, 0x66b10
0, 0xa2b40
0, 0x66b30
0, 0xa2b60
1, 0xa2ae0
0, 0x66ad0
0, 0xa2b00
2, 2
3, 0
3, 0
3, 0
3, 0
3, 0
3, 0
3, 0
3, 0
3, 0
3, 0
3, 0
3, 0
3, 0
3, 0
1, 0xa2b00
0, 0x66af0
0, 0xa2b20
2, 2
3, 0
3, 0
3, 0
3, 0
3, 0
3, 0
3, 0
3, 0
3, 0
3, 0
3, 0
3, 0
3, 0
3, 0
1, 0xa2b20
0, 0x66b10
0, 0xa2b40
2, 2
3, 0
3, 0
3, 0
3, 0
3, 0
3, 0
3, 0
3, 0
3, 0
3, 0
3, 0
3, 0
3, 0
3, 0
1, 0xa2b40
0, 0x66b30
0, 0xa2b60
2, 2
3, 0
3, 0
3, 0
3, 0
3, 0
3, 0
3, 0
3, 0
3, 0
3, 0
3, 0
3, 0
3, 0
3, 0
0, 0x66b50
0, 0xa2b80
0, 0x66b70
0, 0xa2ba0
0, 0x66b90
0, 0xa2bc0
0, 0x66bb0
0, 0xa2be0
1, 0xa2b60
0, 0x66b50
0, 0xa2b80
2, 2
3, 0
3, 0
3, 0
3, 0
3, 0
3, 0
3, 0
3, 0
3, 0
3, 0
3, 0
3, 0
3, 0
3, 0
1, 0xa2b80
0, 0x66b70
0, 0xa2ba0
2, 2
3, 0
3, 0
3, 0
3, 0
3, 0
3, 0
3, 0
3, 0
3, 0
3, 0
3, 0
3, 0
3, 0
3, 0
1, 0xa2ba0
0, 0x66b90
0, 0xa2bc0
2, 2
3, 0
3, 0
3, 0
3, 0
3, 0
3, 0
3, 0
3, 0
3, 0
3, 0
3, 0
3, 0
3, 0
3, 0
1, 0xa2bc0
0, 0x66bb0
0, 0xa2be0
2, 2
3, 0
3, 0
3, 0
3, 0
3, 0
3, 0
3, 0
3, 0
3, 0
3, 0
3, 0
3, 0
3, 0
3, 0
0, 0x66bd0
0, 0xa2c00
0, 0x66bf0
0, 0xa2c20
0, 0x66c10
0, 0xa2c40
0, 0x66c30
0, 0xa2c60
1, 0xa2be0
0, 0x66bd0
0, 0xa2c00
2, 2
3, 0
3, 0
3, 0
3, 0
3, 0
3, 0
3, 0
3, 0
3, 0
3, 0
3, 0
3, 0
3, 0
3, 0
1, 0xa2c00
0, 0x66bf0
0, 0xa2c20
2, 2
3, 0
3, 0
3, 0
3, 0
3, 0
3, 0
3, 0
3, 0
3, 0
3, 0
3, 0
3, 0
3, 0
3, 0
1, 0xa2c20
0, 0x66c10
0, 0xa2c40
2, 2
3, 0
3, 0
3, 0
3, 0
3, 0
3, 0
3, 0
3, 0
3, 0
3, 0
3, 0
3, 0
3, 0
3, 0
1, 0xa2c40
0, 0x66c30
0, 0xa2c60
2, 2
3, 0
3, 0
3, 0
3, 0
3, 0
3, 0
3, 0
3, 0
3, 0
3, 0
3, 0
3, 0
3, 0
3, 0
0, 0x66c50
0, 0xa2c80
0, 0x66c70
0, 0xa2ca0
0, 0x66c90
0, 0xa2cc0
0, 0x66cb0
0, 0xa2ce0
1, 0xa2c60
0, 0x66c50
0, 0xa2c80
2, 2
3, 0
3, 0
3, 0
3, 0
3, 0
3, 0
3, 0
3, 0
3, 0
3, 0
3, 0
3, 0
3, 0
3, 0
1, 0xa2c80
0, 0x66c70
0, 0xa2ca0
2, 2
3, 0
3, 0
3, 0
3, 0
3, 0
3, 0
3, 0
3, 0
3, 0
3, 0
3, 0
3, 0
3, 0
3, 0
1, 0xa2ca0
0, 0x66c90
0, 0xa2cc0
2, 2
3, 0
3, 0
3, 0
3, 0
3, 0
3, 0
3, 0
3, 0
3, 0
3, 0
3, 0
3, 0
3, 0
3, 0
1, 0xa2cc0
0, 0x66cb0
0, 0xa2ce0
2, 2
3, 0
3, 0
3, 0
3, 0
3, 0
3, 0
3, 0
3, 0
3, 0
3, 0
3, 0
3, 0
3, 0
3, 0
0, 0x66cd0
0, 0xa2d00
0, 0x66cf0
0, 0xa2d20
0, 0x66d10
0, 0xa2d40
0, 0x66d30
0, 0xa2d60
1, 0xa2ce0
0, 0x66cd0
0, 0xa2d00
2, 2
3, 0
3, 0
3, 0
3, 0
3, 0
3, 0
3, 0
3, 0
3, 0
3, 0
3, 0
3, 0
3, 0
3, 0
1, 0xa2d00
0, 0x66cf0
0, 0xa2d20
2, 2
3, 0
3, 0
3, 0
3, 0
3, 0
3, 0
3, 0
3, 0
3, 0
3, 0
3, 0
3, 0
3, 0
3, 0
1, 0xa2d20
0, 0x66d10
0, 0xa2d40
2, 2
3, 0
3, 0
3, 0
3, 0
3, 0
3, 0
3, 0
3, 0
3, 0
3, 0
3, 0
3, 0
3, 0
3, 0
1, 0xa2d40
0, 0x66d30
0, 0xa2d60
2, 2
3, 0
3, 0
3, 0
3, 0
3, 0
3, 0
3, 0
3, 0
3, 0
3, 0
3, 0
3, 0
3, 0
3, 0
0, 0x66d50
0, 0xa2d80
0, 0x66d70
0, 0xa2da0
0, 0x66d90
0, 0xa2dc0
0, 0x66db0
0, 0xa2de0
1, 0xa2d60
0, 0x66d50
0, 0xa2d80
2, 2
3, 0
3, 0
3, 0
3, 0
3, 0
3, 0
3, 0
3, 0
3, 0
3, 0
3, 0
3, 0
3, 0
3, 0
1, 0xa2d80
0, 0x66d70
0, 0xa2da0
2, 2
3, 0
3, 0
3, 0
3, 0
3, 0
3, 0
3, 0
3, 0
3, 0
3, 0
3, 0
3, 0
3, 0
3, 0
1, 0xa2da0
0, 0x66d90
0, 0xa2dc0
2, 2
3, 0
3, 0
3, 0
3, 0
3, 0
3, 0
3, 0
3, 0
3, 0
3, 0
3, 0
3, 0
3, 0
3, 0
1, 0xa2dc0
0, 0x66db0
0, 0xa2de0
2, 2
3, 0
3, 0
3, 0
3, 0
3, 0
3, 0
3, 0
3, 0
3, 0
3, 0
3, 0
3, 0
3, 0
3, 0
0, 0x66dd0
0, 0xa2e00
0, 0x66df0
0, 0xa2e20
0, 0x66e10
0, 0xa2e40
0, 0x66e30
0, 0xa2e60
1, 0xa2de0
0, 0x66dd0
0, 0xa2e00
2, 2
3, 0
3, 0
3, 0
3, 0
3, 0
3, 0
3, 0
3, 0
3, 0
3, 0
3, 0
3, 0
3, 0
3, 0
1, 0xa2e00
0, 0x66df0
0, 0xa2e20
2, 2
3, 0
3, 0
3, 0
3, 0
3, 0
3, 0
3, 0
3, 0
3, 0
3, 0
3, 0
3, 0
3, 0
3, 0
1, 0xa2e20
0, 0x66e10
0, 0xa2e40
2, 2
3, 0
3, 0
3, 0
3, 0
3, 0
3, 0
3, 0
3, 0
3, 0
3, 0
3, 0
3, 0
3, 0
3, 0
1, 0xa2e40
0, 0x66e30
0, 0xa2e60
2, 2
3, 0
3, 0
3, 0
3, 0
3, 0
3, 0
3, 0
3, 0
3, 0
3, 0
3, 0
3, 0
3, 0
3, 0
0, 0x66e50
0, 0xa2e80
0, 0x66e70
0, 0xa2ea0
0, 0x66e90
0, 0xa2ec0
0, 0x66eb0
0, 0xa2ee0
1, 0xa2e60
0, 0x66e50
0, 0xa2e80
2, 2
3, 0
3, 0
3, 0
3, 0
3, 0
3, 0
3, 0
3, 0
3, 0
3, 0
3, 0
3, 0
3, 0
3, 0
1, 0xa2e80
0, 0x66e70
0, 0xa2ea0
2, 2
3, 0
3, 0
3, 0
3, 0
3, 0
3, 0
3, 0
3, 0
3, 0
3, 0
3, 0
3, 0
3, 0
3, 0
1, 0xa2ea0
0, 0x66e90
0, 0xa2ec0
2, 2
3, 0
3, 0
3, 0
3, 0
3, 0
3, 0
3, 0
3, 0
3, 0
3, 0
3, 0
3, 0
3, 0
3, 0
1, 0xa2ec0
0, 0x66eb0
0, 0xa2ee0
2, 2
3, 0
3, 0
3, 0
3, 0
3, 0
3, 0
3, 0
3, 0
3, 0
3, 0
3, 0
3, 0
3, 0
3, 0
0, 0x66ed0
0, 0xa2f00
0, 0x66ef0
0, 0xa2f20
0, 0x66f10
0, 0xa2f40
0, 0x66f30
0, 0xa2f60
1, 0xa2ee0
0, 0x66ed0
0, 0xa2f00
2, 2
3, 0
3, 0
3, 0
3, 0
3, 0
3, 0
3, 0
3, 0
3, 0
3, 0
3, 0
3, 0
3, 0
3, 0
1, 0xa2f00
0, 0x66ef0
0, 0xa2f20
2, 2
3, 0
3, 0
3, 0
3, 0
3, 0
3, 0
3, 0
3, 0
3, 0
3, 0
3, 0
3, 0
3, 0
3, 0
1, 0xa2f20
0, 0x66f10
0, 0xa2f40
2, 2
3, 0
3, 0
3, 0
3, 0
3, 0
3, 0
3, 0
3, 0
3, 0
3, 0
3, 0
3, 0
3, 0
3, 0
1, 0xa2f40
0, 0x66f30
0, 0xa2f60
2, 2
3, 0
3, 0
3, 0
3, 0
3, 0
3, 0
3, 0
3, 0
3, 0
3, 0
3, 0
3, 0
3, 0
3, 0
0, 0x66f50
0, 0xa2f80
0, 0x66f70
0, 0xa2fa0
0, 0x66f90
0, 0xa2fc0
0, 0x66fb0
0, 0xa2fe0
1, 0xa2f60
0, 0x66f50
0, 0xa2f80
2, 2
3, 0
3, 0
3, 0
3, 0
3, 0
3, 0
3, 0
3, 0
3, 0
3, 0
3, 0
3, 0
3, 0
3, 0
1, 0xa2f80
0, 0x66f70
0, 0xa2fa0
2, 2
3, 0
3, 0
3, 0
3, 0
3, 0
3, 0
3, 0
3, 0
3, 0
3, 0
3, 0
3, 0
3, 0
3, 0
1, 0xa2fa0
0, 0x66f90
0, 0xa2fc0
2, 2
3, 0
3, 0
3, 0
3, 0
3, 0
3, 0
3, 0
3, 0
3, 0
3, 0
3, 0
3, 0
3, 0
3, 0
1, 0xa2fc0
0, 0x66fb0
0, 0xa2fe0
2, 2
3, 0
3, 0
3, 0
3, 0
3, 0
3, 0
3, 0
3, 0
3, 0
3, 0
3, 0
3, 0
3, 0
3, 0
0, 0x66fd0
0, 0xa3000
0, 0x66ff0
0, 0xa3020
0, 0x67010
0, 0xa3040
0, 0x67030
0, 0xa3060
1, 0xa2fe0
0, 0x66fd0
0, 0xa3000
2, 2
3, 0
3, 0
3, 0
3, 0
3, 0
3, 0
3, 0
3, 0
3, 0
3, 0
3, 0
3, 0
3, 0
3, 0
1, 0xa3000
0, 0x66ff0
0, 0xa3020
2, 2
3, 0
3, 0
3, 0
3, 0
3, 0
3, 0
3, 0
3, 0
3, 0
3, 0
3, 0
3, 0
3, 0
3, 0
1, 0xa3020
0, 0x67010
0, 0xa3040
2, 2
3, 0
3, 0
3, 0
3, 0
3, 0
3, 0
3, 0
3, 0
3, 0
3, 0
3, 0
3, 0
3, 0
3, 0
1, 0xa3040
0, 0x67030
0, 0xa3060
2, 2
3, 0
3, 0
3, 0
3, 0
3, 0
3, 0
3, 0
3, 0
3, 0
3, 0
3, 0
3, 0
3, 0
3, 0
0, 0x67050
0, 0xa3080
0, 0x67070
0, 0xa30a0
0, 0x67090
0, 0xa30c0
0, 0x670b0
0, 0xa30e0
1, 0xa3060
0, 0x67050
0, 0xa3080
2, 2
3, 0
3, 0
3, 0
3, 0
3, 0
3, 0
3, 0
3, 0
3, 0
3, 0
3, 0
3, 0
3, 0
3, 0
1, 0xa3080
0, 0x67070
0, 0xa30a0
2, 2
3, 0
3, 0
3, 0
3, 0
3, 0
3, 0
3, 0
3, 0
3, 0
3, 0
3, 0
3, 0
3, 0
3, 0
1, 0xa30a0
0, 0x67090
0, 0xa30c0
2, 2
3, 0
3, 0
3, 0
3, 0
3, 0
3, 0
3, 0
3, 0
3, 0
3, 0
3, 0
3, 0
3, 0
3, 0
1, 0xa30c0
0, 0x670b0
0, 0xa30e0
2, 2
3, 0
3, 0
3, 0
3, 0
3, 0
3, 0
3, 0
3, 0
3, 0
3, 0
3, 0
3, 0
3, 0
3, 0
0, 0x670d0
0, 0xa3100
0, 0x670f0
0, 0xa3120
0, 0x67110
0, 0xa3140
0, 0x67130
0, 0xa3160
1, 0xa30e0
0, 0x670d0
0, 0xa3100
2, 2
3, 0
3, 0
3, 0
3, 0
3, 0
3, 0
3, 0
3, 0
3, 0
3, 0
3, 0
3, 0
3, 0
3, 0
1, 0xa3100
0, 0x670f0
0, 0xa3120
2, 2
3, 0
3, 0
3, 0
3, 0
3, 0
3, 0
3, 0
3, 0
3, 0
3, 0
3, 0
3, 0
3, 0
3, 0
1, 0xa3120
0, 0x67110
0, 0xa3140
2, 2
3, 0
3, 0
3, 0
3, 0
3, 0
3, 0
3, 0
3, 0
3, 0
3, 0
3, 0
3, 0
3, 0
3, 0
1, 0xa3140
0, 0x67130
0, 0xa3160
2, 2
3, 0
3, 0
3, 0
3, 0
3, 0
3, 0
3, 0
3, 0
3, 0
3, 0
3, 0
3, 0
3, 0
3, 0
0, 0x67150
0, 0xa3180
0, 0x67170
0, 0xa31a0
0, 0x67190
0, 0xa31c0
0, 0x671b0
0, 0xa31e0
1, 0xa3160
0, 0x67150
0, 0xa3180
2, 2
3, 0
3, 0
3, 0
3, 0
3, 0
3, 0
3, 0
3, 0
3, 0
3, 0
3, 0
3, 0
3, 0
3, 0
1, 0xa3180
0, 0x67170
0, 0xa31a0
2, 2
3, 0
3, 0
3, 0
3, 0
3, 0
3, 0
3, 0
3, 0
3, 0
3, 0
3, 0
3, 0
3, 0
3, 0
1, 0xa31a0
0, 0x67190
0, 0xa31c0
2, 2
3, 0
3, 0
3, 0
3, 0
3, 0
3, 0
3, 0
3, 0
3, 0
3, 0
3, 0
3, 0
3, 0
3, 0
1, 0xa31c0
0, 0x671b0
0, 0xa31e0
2, 2
3, 0
3, 0
3, 0
3, 0
3, 0
3, 0
3, 0
3, 0
3, 0
3, 0
3, 0
3, 0
3, 0
3, 0
0, 0x671d0
0, 0xa3200
0, 0x671f0
0, 0xa3220
0, 0x67210
0, 0xa3240
0, 0x67230
0, 0xa3260
1, 0xa31e0
0, 0x671d0
0, 0xa3200
2, 2
3, 0
3, 0
3, 0
3, 0
3, 0
3, 0
3, 0
3, 0
3, 0
3, 0
3, 0
3, 0
3, 0
3, 0
1, 0xa3200
0, 0x671f0
0, 0xa3220
2, 2
3, 0
3, 0
3, 0
3, 0
3, 0
3, 0
3, 0
3, 0
3, 0
3, 0
3, 0
3, 0
3, 0
3, 0
1, 0xa3220
0, 0x67210
0, 0xa3240
2, 2
3, 0
3, 0
3, 0
3, 0
3, 0
3, 0
3, 0
3, 0
3, 0
3, 0
3, 0
3, 0
3, 0
3, 0
1, 0xa3240
0, 0x67230
0, 0xa3260
2, 2
3, 0
3, 0
3, 0
3, 0
3, 0
3, 0
3, 0
3, 0
3, 0
3, 0
3, 0
3, 0
3, 0
3, 0
0, 0x67250
0, 0xa3280
0, 0x67270
0, 0xa32a0
0, 0x67290
0, 0xa32c0
0, 0x672b0
0, 0xa32e0
1, 0xa3260
0, 0x67250
0, 0xa3280
2, 2
3, 0
3, 0
3, 0
3, 0
3, 0
3, 0
3, 0
3, 0
3, 0
3, 0
3, 0
3, 0
3, 0
3, 0
1, 0xa3280
0, 0x67270
0, 0xa32a0
2, 2
3, 0
3, 0
3, 0
3, 0
3, 0
3, 0
3, 0
3, 0
3, 0
3, 0
3, 0
3, 0
3, 0
3, 0
1, 0xa32a0
0, 0x67290
0, 0xa32c0
2, 2
3, 0
3, 0
3, 0
3, 0
3, 0
3, 0
3, 0
3, 0
3, 0
3, 0
3, 0
3, 0
3, 0
3, 0
1, 0xa32c0
0, 0x672b0
0, 0xa32e0
2, 2
3, 0
3, 0
3, 0
3, 0
3, 0
3, 0
3, 0
3, 0
3, 0
3, 0
3, 0
3, 0
3, 0
3, 0
0, 0x672d0
0, 0xa3300
0, 0x672f0
0, 0xa3320
0, 0x67310
0, 0xa3340
0, 0x67330
0, 0xa3360
1, 0xa32e0
0, 0x672d0
0, 0xa3300
2, 2
3, 0
3, 0
3, 0
3, 0
3, 0
3, 0
3, 0
3, 0
3, 0
3, 0
3, 0
3, 0
3, 0
3, 0
1, 0xa3300
0, 0x672f0
0, 0xa3320
2, 2
3, 0
3, 0
3, 0
3, 0
3, 0
3, 0
3, 0
3, 0
3, 0
3, 0
3, 0
3, 0
3, 0
3, 0
1, 0xa3320
0, 0x67310
0, 0xa3340
2, 2
3, 0
3, 0
3, 0
3, 0
3, 0
3, 0
3, 0
3, 0
3, 0
3, 0
3, 0
3, 0
3, 0
3, 0
1, 0xa3340
0, 0x67330
0, 0xa3360
2, 2
3, 0
3, 0
3, 0
3, 0
3, 0
3, 0
3, 0
3, 0
3, 0
3, 0
3, 0
3, 0
3, 0
3, 0
0, 0x67350
0, 0xa3380
0, 0x67370
0, 0xa33a0
0, 0x67390
0, 0xa33c0
0, 0x673b0
0, 0xa33e0
1, 0xa3360
0, 0x67350
0, 0xa3380
2, 2
3, 0
3, 0
3, 0
3, 0
3, 0
3, 0
3, 0
3, 0
3, 0
3, 0
3, 0
3, 0
3, 0
3, 0
1, 0xa3380
0, 0x67370
0, 0xa33a0
2, 2
3, 0
3, 0
3, 0
3, 0
3, 0
3, 0
3, 0
3, 0
3, 0
3, 0
3, 0
3, 0
3, 0
3, 0
1, 0xa33a0
0, 0x67390
0, 0xa33c0
2, 2
3, 0
3, 0
3, 0
3, 0
3, 0
3, 0
3, 0
3, 0
3, 0
3, 0
3, 0
3, 0
3, 0
3, 0
1, 0xa33c0
0, 0x673b0
0, 0xa33e0
2, 2
3, 0
3, 0
3, 0
3, 0
3, 0
3, 0
3, 0
3, 0
3, 0
3, 0
3, 0
3, 0
3, 0
3, 0
0, 0x673d0
0, 0xa3400
0, 0x673f0
0, 0xa3420
0, 0x67410
0, 0xa3440
0, 0x67430
0, 0xa3460
1, 0xa33e0
0, 0x673d0
0, 0xa3400
2, 2
3, 0
3, 0
3, 0
3, 0
3, 0
3, 0
3, 0
3, 0
3, 0
3, 0
3, 0
3, 0
3, 0
3, 0
1, 0xa3400
0, 0x673f0
0, 0xa3420
2, 2
3, 0
3, 0
3, 0
3, 0
3, 0
3, 0
3, 0
3, 0
3, 0
3, 0
3, 0
3, 0
3, 0
3, 0
1, 0xa3420
0, 0x67410
0, 0xa3440
2, 2
3, 0
3, 0
3, 0
3, 0
3, 0
3, 0
3, 0
3, 0
3, 0
3, 0
3, 0
3, 0
3, 0
3, 0
1, 0xa3440
0, 0x67430
0, 0xa3460
2, 2
3, 0
3, 0
3, 0
3, 0
3, 0
3, 0
3, 0
3, 0
3, 0
3, 0
3, 0
3, 0
3, 0
3, 0
0, 0x67450
0, 0xa3480
0, 0x67470
0, 0xa34a0
0, 0x67490
0, 0xa34c0
0, 0x674b0
0, 0xa34e0
1, 0xa3460
0, 0x67450
0, 0xa3480
2, 2
3, 0
3, 0
3, 0
3, 0
3, 0
3, 0
3, 0
3, 0
3, 0
3, 0
3, 0
3, 0
3, 0
3, 0
1, 0xa3480
0, 0x67470
0, 0xa34a0
2, 2
3, 0
3, 0
3, 0
3, 0
3, 0
3, 0
3, 0
3, 0
3, 0
3, 0
3, 0
3, 0
3, 0
3, 0
1, 0xa34a0
0, 0x67490
0, 0xa34c0
2, 2
3, 0
3, 0
3, 0
3, 0
3, 0
3, 0
3, 0
3, 0
3, 0
3, 0
3, 0
3, 0
3, 0
3, 0
1, 0xa34c0
0, 0x674b0
0, 0xa34e0
2, 2
3, 0
3, 0
3, 0
3, 0
3, 0
3, 0
3, 0
3, 0
3, 0
3, 0
3, 0
3, 0
3, 0
3, 0
0, 0x674d0
0, 0xa3500
0, 0x674f0
0, 0xa3520
0, 0x67510
0, 0xa3540
0, 0x67530
0, 0xa3560
1, 0xa34e0
0, 0x674d0
0, 0xa3500
2, 2
3, 0
3, 0
3, 0
3, 0
3, 0
3, 0
3, 0
3, 0
3, 0
3, 0
3, 0
3, 0
3, 0
3, 0
1, 0xa3500
0, 0x674f0
0, 0xa3520
2, 2
3, 0
3, 0
3, 0
3, 0
3, 0
3, 0
3, 0
3, 0
3, 0
3, 0
3, 0
3, 0
3, 0
3, 0
1, 0xa3520
0, 0x67510
0, 0xa3540
2, 2
3, 0
3, 0
3, 0
3, 0
3, 0
3, 0
3, 0
3, 0
3, 0
3, 0
3, 0
3, 0
3, 0
3, 0
1, 0xa3540
0, 0x67530
0, 0xa3560
2, 2
3, 0
3, 0
3, 0
3, 0
3, 0
3, 0
3, 0
3, 0
3, 0
3, 0
3, 0
3, 0
3, 0
3, 0
0, 0x67550
0, 0xa3580
0, 0x67570
0, 0xa35a0
0, 0x67590
0, 0xa35c0
0, 0x675b0
0, 0xa35e0
1, 0xa3560
0, 0x67550
0, 0xa3580
2, 2
3, 0
3, 0
3, 0
3, 0
3, 0
3, 0
3, 0
3, 0
3, 0
3, 0
3, 0
3, 0
3, 0
3, 0
1, 0xa3580
0, 0x67570
0, 0xa35a0
2, 2
3, 0
3, 0
3, 0
3, 0
3, 0
3, 0
3, 0
3, 0
3, 0
3, 0
3, 0
3, 0
3, 0
3, 0
1, 0xa35a0
0, 0x67590
0, 0xa35c0
2, 2
3, 0
3, 0
3, 0
3, 0
3, 0
3, 0
3, 0
3, 0
3, 0
3, 0
3, 0
3, 0
3, 0
3, 0
1, 0xa35c0
0, 0x675b0
0, 0xa35e0
2, 2
3, 0
3, 0
3, 0
3, 0
3, 0
3, 0
3, 0
3, 0
3, 0
3, 0
3, 0
3, 0
3, 0
3, 0
0, 0x675d0
0, 0xa3600
0, 0x675f0
0, 0xa3620
0, 0x67610
0, 0xa3640
0, 0x67630
0, 0xa3660
1, 0xa35e0
0, 0x675d0
0, 0xa3600
2, 2
3, 0
3, 0
3, 0
3, 0
3, 0
3, 0
3, 0
3, 0
3, 0
3, 0
3, 0
3, 0
3, 0
3, 0
1, 0xa3600
0, 0x675f0
0, 0xa3620
2, 2
3, 0
3, 0
3, 0
3, 0
3, 0
3, 0
3, 0
3, 0
3, 0
3, 0
3, 0
3, 0
3, 0
3, 0
1, 0xa3620
0, 0x67610
0, 0xa3640
2, 2
3, 0
3, 0
3, 0
3, 0
3, 0
3, 0
3, 0
3, 0
3, 0
3, 0
3, 0
3, 0
3, 0
3, 0
1, 0xa3640
0, 0x67630
0, 0xa3660
2, 2
3, 0
3, 0
3, 0
3, 0
3, 0
3, 0
3, 0
3, 0
3, 0
3, 0
3, 0
3, 0
3, 0
3, 0
0, 0x67650
0, 0xa3680
0, 0x67670
0, 0xa36a0
0, 0x67690
0, 0xa36c0
0, 0x676b0
0, 0xa36e0
1, 0xa3660
0, 0x67650
0, 0xa3680
2, 2
3, 0
3, 0
3, 0
3, 0
3, 0
3, 0
3, 0
3, 0
3, 0
3, 0
3, 0
3, 0
3, 0
3, 0
1, 0xa3680
0, 0x67670
0, 0xa36a0
2, 2
3, 0
3, 0
3, 0
3, 0
3, 0
3, 0
3, 0
3, 0
3, 0
3, 0
3, 0
3, 0
3, 0
3, 0
1, 0xa36a0
0, 0x67690
0, 0xa36c0
2, 2
3, 0
3, 0
3, 0
3, 0
3, 0
3, 0
3, 0
3, 0
3, 0
3, 0
3, 0
3, 0
3, 0
3, 0
1, 0xa36c0
0, 0x676b0
0, 0xa36e0
2, 2
3, 0
3, 0
3, 0
3, 0
3, 0
3, 0
3, 0
3, 0
3, 0
3, 0
3, 0
3, 0
3, 0
3, 0
0, 0x676d0
0, 0xa3700
0, 0x676f0
0, 0xa3720
0, 0x67710
0, 0xa3740
0, 0x67730
0, 0xa3760
1, 0xa36e0
0, 0x676d0
0, 0xa3700
2, 2
3, 0
3, 0
3, 0
3, 0
3, 0
3, 0
3, 0
3, 0
3, 0
3, 0
3, 0
3, 0
3, 0
3, 0
1, 0xa3700
0, 0x676f0
0, 0xa3720
2, 2
3, 0
3, 0
3, 0
3, 0
3, 0
3, 0
3, 0
3, 0
3, 0
3, 0
3, 0
3, 0
3, 0
3, 0
1, 0xa3720
0, 0x67710
0, 0xa3740
2, 2
3, 0
3, 0
3, 0
3, 0
3, 0
3, 0
3, 0
3, 0
3, 0
3, 0
3, 0
3, 0
3, 0
3, 0
1, 0xa3740
0, 0x67730
0, 0xa3760
2, 2
3, 0
3, 0
3, 0
3, 0
3, 0
3, 0
3, 0
3, 0
3, 0
3, 0
3, 0
3, 0
3, 0
3, 0
0, 0x67750
0, 0xa3780
0, 0x67770
0, 0xa37a0
0, 0x67790
0, 0xa37c0
0, 0x677b0
0, 0xa37e0
1, 0xa3760
0, 0x67750
0, 0xa3780
2, 2
3, 0
3, 0
3, 0
3, 0
3, 0
3, 0
3, 0
3, 0
3, 0
3, 0
3, 0
3, 0
3, 0
3, 0
1, 0xa3780
0, 0x67770
0, 0xa37a0
2, 2
3, 0
3, 0
3, 0
3, 0
3, 0
3, 0
3, 0
3, 0
3, 0
3, 0
3, 0
3, 0
3, 0
3, 0
1, 0xa37a0
0, 0x67790
0, 0xa37c0
2, 2
3, 0
3, 0
3, 0
3, 0
3, 0
3, 0
3, 0
3, 0
3, 0
3, 0
3, 0
3, 0
3, 0
3, 0
1, 0xa37c0
0, 0x677b0
0, 0xa37e0
2, 2
3, 0
3, 0
3, 0
3, 0
3, 0
3, 0
3, 0
3, 0
3, 0
3, 0
3, 0
3, 0
3, 0
3, 0
0, 0x677d0
0, 0xa3800
0, 0x677f0
0, 0xa3820
0, 0x67810
0, 0xa3840
0, 0x67830
0, 0xa3860
1, 0xa37e0
0, 0x677d0
0, 0xa3800
2, 2
3, 0
3, 0
3, 0
3, 0
3, 0
3, 0
3, 0
3, 0
3, 0
3, 0
3, 0
3, 0
3, 0
3, 0
1, 0xa3800
0, 0x677f0
0, 0xa3820
2, 2
3, 0
3, 0
3, 0
3, 0
3, 0
3, 0
3, 0
3, 0
3, 0
3, 0
3, 0
3, 0
3, 0
3, 0
1, 0xa3820
0, 0x67810
0, 0xa3840
2, 2
3, 0
3, 0
3, 0
3, 0
3, 0
3, 0
3, 0
3, 0
3, 0
3, 0
3, 0
3, 0
3, 0
3, 0
1, 0xa3840
0, 0x67830
0, 0xa3860
2, 2
3, 0
3, 0
3, 0
3, 0
3, 0
3, 0
3, 0
3, 0
3, 0
3, 0
3, 0
3, 0
3, 0
3, 0
0, 0x67850
0, 0xa3880
0, 0x67870
0, 0xa38a0
0, 0x67890
0, 0xa38c0
0, 0x678b0
0, 0xa38e0
1, 0xa3860
0, 0x67850
0, 0xa3880
2, 2
3, 0
3, 0
3, 0
3, 0
3, 0
3, 0
3, 0
3, 0
3, 0
3, 0
3, 0
3, 0
3, 0
3, 0
1, 0xa3880
0, 0x67870
0, 0xa38a0
2, 2
3, 0
3, 0
3, 0
3, 0
3, 0
3, 0
3, 0
3, 0
3, 0
3, 0
3, 0
3, 0
3, 0
3, 0
1, 0xa38a0
0, 0x67890
0, 0xa38c0
2, 2
3, 0
3, 0
3, 0
3, 0
3, 0
3, 0
3, 0
3, 0
3, 0
3, 0
3, 0
3, 0
3, 0
3, 0
1, 0xa38c0
0, 0x678b0
0, 0xa38e0
2, 2
3, 0
3, 0
3, 0
3, 0
3, 0
3, 0
3, 0
3, 0
3, 0
3, 0
3, 0
3, 0
3, 0
3, 0
0, 0x678d0
0, 0xa3900
0, 0x678f0
0, 0xa3920
0, 0x67910
0, 0xa3940
0, 0x67930
0, 0xa3960
1, 0xa38e0
0, 0x678d0
0, 0xa3900
2, 2
3, 0
3, 0
3, 0
3, 0
3, 0
3, 0
3, 0
3, 0
3, 0
3, 0
3, 0
3, 0
3, 0
3, 0
1, 0xa3900
0, 0x678f0
0, 0xa3920
2, 2
3, 0
3, 0
3, 0
3, 0
3, 0
3, 0
3, 0
3, 0
3, 0
3, 0
3, 0
3, 0
3, 0
3, 0
1, 0xa3920
0, 0x67910
0, 0xa3940
2, 2
3, 0
3, 0
3, 0
3, 0
3, 0
3, 0
3, 0
3, 0
3, 0
3, 0
3, 0
3, 0
3, 0
3, 0
1, 0xa3940
0, 0x67930
0, 0xa3960
2, 2
3, 0
3, 0
3, 0
3, 0
3, 0
3, 0
3, 0
3, 0
3, 0
3, 0
3, 0
3, 0
3, 0
3, 0
0, 0x67950
0, 0xa3980
0, 0x67970
0, 0xa39a0
0, 0x67990
0, 0xa39c0
0, 0x679b0
0, 0xa39e0
1, 0xa3960
0, 0x67950
0, 0xa3980
2, 2
3, 0
3, 0
3, 0
3, 0
3, 0
3, 0
3, 0
3, 0
3, 0
3, 0
3, 0
3, 0
3, 0
3, 0
1, 0xa3980
0, 0x67970
0, 0xa39a0
2, 2
3, 0
3, 0
3, 0
3, 0
3, 0
3, 0
3, 0
3, 0
3, 0
3, 0
3, 0
3, 0
3, 0
3, 0
1, 0xa39a0
0, 0x67990
0, 0xa39c0
2, 2
3, 0
3, 0
3, 0
3, 0
3, 0
3, 0
3, 0
3, 0
3, 0
3, 0
3, 0
3, 0
3, 0
3, 0
1, 0xa39c0
0, 0x679b0
0, 0xa39e0
2, 2
3, 0
3, 0
3, 0
3, 0
3, 0
3, 0
3, 0
3, 0
3, 0
3, 0
3, 0
3, 0
3, 0
3, 0
0, 0x679d0
0, 0xa3a00
0, 0x679f0
0, 0xa3a20
0, 0x67a10
0, 0xa3a40
0, 0x67a30
0, 0xa3a60
1, 0xa39e0
0, 0x679d0
0, 0xa3a00
2, 2
3, 0
3, 0
3, 0
3, 0
3, 0
3, 0
3, 0
3, 0
3, 0
3, 0
3, 0
3, 0
3, 0
3, 0
1, 0xa3a00
0, 0x679f0
0, 0xa3a20
2, 2
3, 0
3, 0
3, 0
3, 0
3, 0
3, 0
3, 0
3, 0
3, 0
3, 0
3, 0
3, 0
3, 0
3, 0
1, 0xa3a20
0, 0x67a10
0, 0xa3a40
2, 2
3, 0
3, 0
3, 0
3, 0
3, 0
3, 0
3, 0
3, 0
3, 0
3, 0
3, 0
3, 0
3, 0
3, 0
1, 0xa3a40
0, 0x67a30
0, 0xa3a60
2, 2
3, 0
3, 0
3, 0
3, 0
3, 0
3, 0
3, 0
3, 0
3, 0
3, 0
3, 0
3, 0
3, 0
3, 0
0, 0x67a50
0, 0xa3a80
0, 0x67a70
0, 0xa3aa0
0, 0x67a90
0, 0xa3ac0
0, 0x67ab0
0, 0xa3ae0
1, 0xa3a60
0, 0x67a50
0, 0xa3a80
2, 2
3, 0
3, 0
3, 0
3, 0
3, 0
3, 0
3, 0
3, 0
3, 0
3, 0
3, 0
3, 0
3, 0
3, 0
1, 0xa3a80
0, 0x67a70
0, 0xa3aa0
2, 2
3, 0
3, 0
3, 0
3, 0
3, 0
3, 0
3, 0
3, 0
3, 0
3, 0
3, 0
3, 0
3, 0
3, 0
1, 0xa3aa0
0, 0x67a90
0, 0xa3ac0
2, 2
3, 0
3, 0
3, 0
3, 0
3, 0
3, 0
3, 0
3, 0
3, 0
3, 0
3, 0
3, 0
3, 0
3, 0
1, 0xa3ac0
0, 0x67ab0
0, 0xa3ae0
2, 2
3, 0
3, 0
3, 0
3, 0
3, 0
3, 0
3, 0
3, 0
3, 0
3, 0
3, 0
3, 0
3, 0
3, 0
0, 0x67ad0
0, 0xa3b00
0, 0x67af0
0, 0xa3b20
0, 0x67b10
0, 0xa3b40
0, 0x67b30
0, 0xa3b60
1, 0xa3ae0
0, 0x67ad0
0, 0xa3b00
2, 2
3, 0
3, 0
3, 0
3, 0
3, 0
3, 0
3, 0
3, 0
3, 0
3, 0
3, 0
3, 0
3, 0
3, 0
1, 0xa3b00
0, 0x67af0
0, 0xa3b20
2, 2
3, 0
3, 0
3, 0
3, 0
3, 0
3, 0
3, 0
3, 0
3, 0
3, 0
3, 0
3, 0
3, 0
3, 0
1, 0xa3b20
0, 0x67b10
0, 0xa3b40
2, 2
3, 0
3, 0
3, 0
3, 0
3, 0
3, 0
3, 0
3, 0
3, 0
3, 0
3, 0
3, 0
3, 0
3, 0
1, 0xa3b40
0, 0x67b30
0, 0xa3b60
2, 2
3, 0
3, 0
3, 0
3, 0
3, 0
3, 0
3, 0
3, 0
3, 0
3, 0
3, 0
3, 0
3, 0
3, 0
0, 0x67b50
0, 0xa3b80
0, 0x67b70
0, 0xa3ba0
0, 0x67b90
0, 0xa3bc0
0, 0x67bb0
0, 0xa3be0
1, 0xa3b60
0, 0x67b50
0, 0xa3b80
2, 2
3, 0
3, 0
3, 0
3, 0
3, 0
3, 0
3, 0
3, 0
3, 0
3, 0
3, 0
3, 0
3, 0
3, 0
1, 0xa3b80
0, 0x67b70
0, 0xa3ba0
2, 2
3, 0
3, 0
3, 0
3, 0
3, 0
3, 0
3, 0
3, 0
3, 0
3, 0
3, 0
3, 0
3, 0
3, 0
1, 0xa3ba0
0, 0x67b90
0, 0xa3bc0
2, 2
3, 0
3, 0
3, 0
3, 0
3, 0
3, 0
3, 0
3, 0
3, 0
3, 0
3, 0
3, 0
3, 0
3, 0
1, 0xa3bc0
0, 0x67bb0
0, 0xa3be0
2, 2
3, 0
3, 0
3, 0
3, 0
3, 0
3, 0
3, 0
3, 0
3, 0
3, 0
3, 0
3, 0
3, 0
3, 0
0, 0x67bd0
0, 0xa3c00
0, 0x67bf0
0, 0xa3c20
0, 0x67c10
0, 0xa3c40
0, 0x67c30
0, 0xa3c60
1, 0xa3be0
0, 0x67bd0
0, 0xa3c00
2, 2
3, 0
3, 0
3, 0
3, 0
3, 0
3, 0
3, 0
3, 0
3, 0
3, 0
3, 0
3, 0
3, 0
3, 0
1, 0xa3c00
0, 0x67bf0
0, 0xa3c20
2, 2
3, 0
3, 0
3, 0
3, 0
3, 0
3, 0
3, 0
3, 0
3, 0
3, 0
3, 0
3, 0
3, 0
3, 0
1, 0xa3c20
0, 0x67c10
0, 0xa3c40
2, 2
3, 0
3, 0
3, 0
3, 0
3, 0
3, 0
3, 0
3, 0
3, 0
3, 0
3, 0
3, 0
3, 0
3, 0
1, 0xa3c40
0, 0x67c30
0, 0xa3c60
2, 2
3, 0
3, 0
3, 0
3, 0
3, 0
3, 0
3, 0
3, 0
3, 0
3, 0
3, 0
3, 0
3, 0
3, 0
0, 0x67c50
0, 0xa3c80
0, 0x67c70
0, 0xa3ca0
0, 0x67c90
0, 0xa3cc0
0, 0x67cb0
0, 0xa3ce0
1, 0xa3c60
0, 0x67c50
0, 0xa3c80
2, 2
3, 0
3, 0
3, 0
3, 0
3, 0
3, 0
3, 0
3, 0
3, 0
3, 0
3, 0
3, 0
3, 0
3, 0
1, 0xa3c80
0, 0x67c70
0, 0xa3ca0
2, 2
3, 0
3, 0
3, 0
3, 0
3, 0
3, 0
3, 0
3, 0
3, 0
3, 0
3, 0
3, 0
3, 0
3, 0
1, 0xa3ca0
0, 0x67c90
0, 0xa3cc0
2, 2
3, 0
3, 0
3, 0
3, 0
3, 0
3, 0
3, 0
3, 0
3, 0
3, 0
3, 0
3, 0
3, 0
3, 0
1, 0xa3cc0
0, 0x67cb0
0, 0xa3ce0
2, 2
3, 0
3, 0
3, 0
3, 0
3, 0
3, 0
3, 0
3, 0
3, 0
3, 0
3, 0
3, 0
3, 0
3, 0
0, 0x67cd0
0, 0xa3d00
0, 0x67cf0
0, 0xa3d20
0, 0x67d10
0, 0xa3d40
0, 0x67d30
0, 0xa3d60
1, 0xa3ce0
0, 0x67cd0
0, 0xa3d00
2, 2
3, 0
3, 0
3, 0
3, 0
3, 0
3, 0
3, 0
3, 0
3, 0
3, 0
3, 0
3, 0
3, 0
3, 0
1, 0xa3d00
0, 0x67cf0
0, 0xa3d20
2, 2
3, 0
3, 0
3, 0
3, 0
3, 0
3, 0
3, 0
3, 0
3, 0
3, 0
3, 0
3, 0
3, 0
3, 0
1, 0xa3d20
0, 0x67d10
0, 0xa3d40
2, 2
3, 0
3, 0
3, 0
3, 0
3, 0
3, 0
3, 0
3, 0
3, 0
3, 0
3, 0
3, 0
3, 0
3, 0
1, 0xa3d40
0, 0x67d30
0, 0xa3d60
2, 2
3, 0
3, 0
3, 0
3, 0
3, 0
3, 0
3, 0
3, 0
3, 0
3, 0
3, 0
3, 0
3, 0
3, 0
0, 0x67d50
0, 0xa3d80
0, 0x67d70
0, 0xa3da0
0, 0x67d90
0, 0xa3dc0
0, 0x67db0
0, 0xa3de0
1, 0xa3d60
0, 0x67d50
0, 0xa3d80
2, 2
3, 0
3, 0
3, 0
3, 0
3, 0
3, 0
3, 0
3, 0
3, 0
3, 0
3, 0
3, 0
3, 0
3, 0
1, 0xa3d80
0, 0x67d70
0, 0xa3da0
2, 2
3, 0
3, 0
3, 0
3, 0
3, 0
3, 0
3, 0
3, 0
3, 0
3, 0
3, 0
3, 0
3, 0
3, 0
1, 0xa3da0
0, 0x67d90
0, 0xa3dc0
2, 2
3, 0
3, 0
3, 0
3, 0
3, 0
3, 0
3, 0
3, 0
3, 0
3, 0
3, 0
3, 0
3, 0
3, 0
1, 0xa3dc0
0, 0x67db0
0, 0xa3de0
2, 2
3, 0
3, 0
3, 0
3, 0
3, 0
3, 0
3, 0
3, 0
3, 0
3, 0
3, 0
3, 0
3, 0
3, 0
0, 0x67dd0
0, 0xa3e00
0, 0x67df0
0, 0xa3e20
0, 0x67e10
0, 0xa3e40
0, 0x67e30
0, 0xa3e60
1, 0xa3de0
0, 0x67dd0
0, 0xa3e00
2, 2
3, 0
3, 0
3, 0
3, 0
3, 0
3, 0
3, 0
3, 0
3, 0
3, 0
3, 0
3, 0
3, 0
3, 0
1, 0xa3e00
0, 0x67df0
0, 0xa3e20
2, 2
3, 0
3, 0
3, 0
3, 0
3, 0
3, 0
3, 0
3, 0
3, 0
3, 0
3, 0
3, 0
3, 0
3, 0
1, 0xa3e20
0, 0x67e10
0, 0xa3e40
2, 2
3, 0
3, 0
3, 0
3, 0
3, 0
3, 0
3, 0
3, 0
3, 0
3, 0
3, 0
3, 0
3, 0
3, 0
1, 0xa3e40
0, 0x67e30
0, 0xa3e60
2, 2
3, 0
3, 0
3, 0
3, 0
3, 0
3, 0
3, 0
3, 0
3, 0
3, 0
3, 0
3, 0
3, 0
3, 0
0, 0x67e50
0, 0xa3e80
0, 0x67e70
0, 0xa3ea0
0, 0x67e90
0, 0xa3ec0
0, 0x67eb0
0, 0xa3ee0
1, 0xa3e60
0, 0x67e50
0, 0xa3e80
2, 2
3, 0
3, 0
3, 0
3, 0
3, 0
3, 0
3, 0
3, 0
3, 0
3, 0
3, 0
3, 0
3, 0
3, 0
1, 0xa3e80
0, 0x67e70
0, 0xa3ea0
2, 2
3, 0
3, 0
3, 0
3, 0
3, 0
3, 0
3, 0
3, 0
3, 0
3, 0
3, 0
3, 0
3, 0
3, 0
1, 0xa3ea0
0, 0x67e90
0, 0xa3ec0
2, 2
3, 0
3, 0
3, 0
3, 0
3, 0
3, 0
3, 0
3, 0
3, 0
3, 0
3, 0
3, 0
3, 0
3, 0
1, 0xa3ec0
0, 0x67eb0
0, 0xa3ee0
2, 2
3, 0
3, 0
3, 0
3, 0
3, 0
3, 0
3, 0
3, 0
3, 0
3, 0
3, 0
3, 0
3, 0
3, 0
0, 0x67ed0
0, 0xa3f00
0, 0x67ef0
0, 0xa3f20
0, 0x67f10
0, 0xa3f40
0, 0x67f30
0, 0xa3f60
1, 0xa3ee0
0, 0x67ed0
0, 0xa3f00
2, 2
3, 0
3, 0
3, 0
3, 0
3, 0
3, 0
3, 0
3, 0
3, 0
3, 0
3, 0
3, 0
3, 0
3, 0
1, 0xa3f00
0, 0x67ef0
0, 0xa3f20
2, 2
3, 0
3, 0
3, 0
3, 0
3, 0
3, 0
3, 0
3, 0
3, 0
3, 0
3, 0
3, 0
3, 0
3, 0
1, 0xa3f20
0, 0x67f10
0, 0xa3f40
2, 2
3, 0
3, 0
3, 0
3, 0
3, 0
3, 0
3, 0
3, 0
3, 0
3, 0
3, 0
3, 0
3, 0
3, 0
1, 0xa3f40
0, 0x67f30
0, 0xa3f60
2, 2
3, 0
3, 0
3, 0
3, 0
3, 0
3, 0
3, 0
3, 0
3, 0
3, 0
3, 0
3, 0
3, 0
3, 0
0, 0x67f50
0, 0xa3f80
0, 0x67f70
0, 0xa3fa0
0, 0x67f90
0, 0xa3fc0
0, 0x67fb0
0, 0xa3fe0
1, 0xa3f60
0, 0x67f50
0, 0xa3f80
2, 2
3, 0
3, 0
3, 0
3, 0
3, 0
3, 0
3, 0
3, 0
3, 0
3, 0
3, 0
3, 0
3, 0
3, 0
1, 0xa3f80
0, 0x67f70
0, 0xa3fa0
2, 2
3, 0
3, 0
3, 0
3, 0
3, 0
3, 0
3, 0
3, 0
3, 0
3, 0
3, 0
3, 0
3, 0
3, 0
1, 0xa3fa0
0, 0x67f90
0, 0xa3fc0
2, 2
3, 0
3, 0
3, 0
3, 0
3, 0
3, 0
3, 0
3, 0
3, 0
3, 0
3, 0
3, 0
3, 0
3, 0
1, 0xa3fc0
0, 0x67fb0
0, 0xa3fe0
2, 2
3, 0
3, 0
3, 0
3, 0
3, 0
3, 0
3, 0
3, 0
3, 0
3, 0
3, 0
3, 0
3, 0
3, 0
0, 0x67fd0
0, 0xa4000
0, 0x67ff0
0, 0xa4020
0, 0x68010
0, 0xa4040
0, 0x68030
0, 0xa4060
1, 0xa3fe0
0, 0x67fd0
0, 0xa4000
2, 2
3, 0
3, 0
3, 0
3, 0
3, 0
3, 0
3, 0
3, 0
3, 0
3, 0
3, 0
3, 0
3, 0
3, 0
1, 0xa4000
0, 0x67ff0
0, 0xa4020
2, 2
3, 0
3, 0
3, 0
3, 0
3, 0
3, 0
3, 0
3, 0
3, 0
3, 0
3, 0
3, 0
3, 0
3, 0
1, 0xa4020
0, 0x68010
0, 0xa4040
2, 2
3, 0
3, 0
3, 0
3, 0
3, 0
3, 0
3, 0
3, 0
3, 0
3, 0
3, 0
3, 0
3, 0
3, 0
1, 0xa4040
0, 0x68030
0, 0xa4060
2, 2
3, 0
3, 0
3, 0
3, 0
3, 0
3, 0
3, 0
3, 0
3, 0
3, 0
3, 0
3, 0
3, 0
3, 0
0, 0x68050
0, 0xa4080
0, 0x68070
0, 0xa40a0
0, 0x68090
0, 0xa40c0
0, 0x680b0
0, 0xa40e0
1, 0xa4060
0, 0x68050
0, 0xa4080
2, 2
3, 0
3, 0
3, 0
3, 0
3, 0
3, 0
3, 0
3, 0
3, 0
3, 0
3, 0
3, 0
3, 0
3, 0
1, 0xa4080
0, 0x68070
0, 0xa40a0
2, 2
3, 0
3, 0
3, 0
3, 0
3, 0
3, 0
3, 0
3, 0
3, 0
3, 0
3, 0
3, 0
3, 0
3, 0
1, 0xa40a0
0, 0x68090
0, 0xa40c0
2, 2
3, 0
3, 0
3, 0
3, 0
3, 0
3, 0
3, 0
3, 0
3, 0
3, 0
3, 0
3, 0
3, 0
3, 0
1, 0xa40c0
0, 0x680b0
0, 0xa40e0
2, 2
3, 0
3, 0
3, 0
3, 0
3, 0
3, 0
3, 0
3, 0
3, 0
3, 0
3, 0
3, 0
3, 0
3, 0
0, 0x680d0
0, 0xa4100
0, 0x680f0
0, 0xa4120
0, 0x68110
0, 0xa4140
0, 0x68130
0, 0xa4160
1, 0xa40e0
0, 0x680d0
0, 0xa4100
2, 2
3, 0
3, 0
3, 0
3, 0
3, 0
3, 0
3, 0
3, 0
3, 0
3, 0
3, 0
3, 0
3, 0
3, 0
1, 0xa4100
0, 0x680f0
0, 0xa4120
2, 2
3, 0
3, 0
3, 0
3, 0
3, 0
3, 0
3, 0
3, 0
3, 0
3, 0
3, 0
3, 0
3, 0
3, 0
1, 0xa4120
0, 0x68110
0, 0xa4140
2, 2
3, 0
3, 0
3, 0
3, 0
3, 0
3, 0
3, 0
3, 0
3, 0
3, 0
3, 0
3, 0
3, 0
3, 0
1, 0xa4140
0, 0x68130
0, 0xa4160
2, 2
3, 0
3, 0
3, 0
3, 0
3, 0
3, 0
3, 0
3, 0
3, 0
3, 0
3, 0
3, 0
3, 0
3, 0
0, 0x68150
0, 0xa4180
0, 0x68170
0, 0xa41a0
0, 0x68190
0, 0xa41c0
0, 0x681b0
0, 0xa41e0
1, 0xa4160
0, 0x68150
0, 0xa4180
2, 2
3, 0
3, 0
3, 0
3, 0
3, 0
3, 0
3, 0
3, 0
3, 0
3, 0
3, 0
3, 0
3, 0
3, 0
1, 0xa4180
0, 0x68170
0, 0xa41a0
2, 2
3, 0
3, 0
3, 0
3, 0
3, 0
3, 0
3, 0
3, 0
3, 0
3, 0
3, 0
3, 0
3, 0
3, 0
1, 0xa41a0
0, 0x68190
0, 0xa41c0
2, 2
3, 0
3, 0
3, 0
3, 0
3, 0
3, 0
3, 0
3, 0
3, 0
3, 0
3, 0
3, 0
3, 0
3, 0
1, 0xa41c0
0, 0x681b0
0, 0xa41e0
2, 2
3, 0
3, 0
3, 0
3, 0
3, 0
3, 0
3, 0
3, 0
3, 0
3, 0
3, 0
3, 0
3, 0
3, 0
0, 0x681d0
0, 0xa4200
0, 0x681f0
0, 0xa4220
0, 0x68210
0, 0xa4240
0, 0x68230
0, 0xa4260
1, 0xa41e0
0, 0x681d0
0, 0xa4200
2, 2
3, 0
3, 0
3, 0
3, 0
3, 0
3, 0
3, 0
3, 0
3, 0
3, 0
3, 0
3, 0
3, 0
3, 0
1, 0xa4200
0, 0x681f0
0, 0xa4220
2, 2
3, 0
3, 0
3, 0
3, 0
3, 0
3, 0
3, 0
3, 0
3, 0
3, 0
3, 0
3, 0
3, 0
3, 0
1, 0xa4220
0, 0x68210
0, 0xa4240
2, 2
3, 0
3, 0
3, 0
3, 0
3, 0
3, 0
3, 0
3, 0
3, 0
3, 0
3, 0
3, 0
3, 0
3, 0
1, 0xa4240
0, 0x68230
0, 0xa4260
2, 2
3, 0
3, 0
3, 0
3, 0
3, 0
3, 0
3, 0
3, 0
3, 0
3, 0
3, 0
3, 0
3, 0
3, 0
0, 0x68250
0, 0xa4280
0, 0x68270
0, 0xa42a0
0, 0x68290
0, 0xa42c0
0, 0x682b0
0, 0xa42e0
1, 0xa4260
0, 0x68250
0, 0xa4280
2, 2
3, 0
3, 0
3, 0
3, 0
3, 0
3, 0
3, 0
3, 0
3, 0
3, 0
3, 0
3, 0
3, 0
3, 0
1, 0xa4280
0, 0x68270
0, 0xa42a0
2, 2
3, 0
3, 0
3, 0
3, 0
3, 0
3, 0
3, 0
3, 0
3, 0
3, 0
3, 0
3, 0
3, 0
3, 0
1, 0xa42a0
0, 0x68290
0, 0xa42c0
2, 2
3, 0
3, 0
3, 0
3, 0
3, 0
3, 0
3, 0
3, 0
3, 0
3, 0
3, 0
3, 0
3, 0
3, 0
1, 0xa42c0
0, 0x682b0
0, 0xa42e0
2, 2
3, 0
3, 0
3, 0
3, 0
3, 0
3, 0
3, 0
3, 0
3, 0
3, 0
3, 0
3, 0
3, 0
3, 0
0, 0x682d0
0, 0xa4300
0, 0x682f0
0, 0xa4320
0, 0x68310
0, 0xa4340
0, 0x68330
0, 0xa4360
1, 0xa42e0
0, 0x682d0
0, 0xa4300
2, 2
3, 0
3, 0
3, 0
3, 0
3, 0
3, 0
3, 0
3, 0
3, 0
3, 0
3, 0
3, 0
3, 0
3, 0
1, 0xa4300
0, 0x682f0
0, 0xa4320
2, 2
3, 0
3, 0
3, 0
3, 0
3, 0
3, 0
3, 0
3, 0
3, 0
3, 0
3, 0
3, 0
3, 0
3, 0
1, 0xa4320
0, 0x68310
0, 0xa4340
2, 2
3, 0
3, 0
3, 0
3, 0
3, 0
3, 0
3, 0
3, 0
3, 0
3, 0
3, 0
3, 0
3, 0
3, 0
1, 0xa4340
0, 0x68330
0, 0xa4360
2, 2
3, 0
3, 0
3, 0
3, 0
3, 0
3, 0
3, 0
3, 0
3, 0
3, 0
3, 0
3, 0
3, 0
3, 0
0, 0x68350
0, 0xa4380
0, 0x68370
0, 0xa43a0
0, 0x68390
0, 0xa43c0
0, 0x683b0
0, 0xa43e0
1, 0xa4360
0, 0x68350
0, 0xa4380
2, 2
3, 0
3, 0
3, 0
3, 0
3, 0
3, 0
3, 0
3, 0
3, 0
3, 0
3, 0
3, 0
3, 0
3, 0
1, 0xa4380
0, 0x68370
0, 0xa43a0
2, 2
3, 0
3, 0
3, 0
3, 0
3, 0
3, 0
3, 0
3, 0
3, 0
3, 0
3, 0
3, 0
3, 0
3, 0
1, 0xa43a0
0, 0x68390
0, 0xa43c0
2, 2
3, 0
3, 0
3, 0
3, 0
3, 0
3, 0
3, 0
3, 0
3, 0
3, 0
3, 0
3, 0
3, 0
3, 0
1, 0xa43c0
0, 0x683b0
0, 0xa43e0
2, 2
3, 0
3, 0
3, 0
3, 0
3, 0
3, 0
3, 0
3, 0
3, 0
3, 0
3, 0
3, 0
3, 0
3, 0
0, 0x683d0
0, 0xa4400
0, 0x683f0
0, 0xa4420
0, 0x68410
0, 0xa4440
0, 0x68430
0, 0xa4460
1, 0xa43e0
0, 0x683d0
0, 0xa4400
2, 2
3, 0
3, 0
3, 0
3, 0
3, 0
3, 0
3, 0
3, 0
3, 0
3, 0
3, 0
3, 0
3, 0
3, 0
1, 0xa4400
0, 0x683f0
0, 0xa4420
2, 2
3, 0
3, 0
3, 0
3, 0
3, 0
3, 0
3, 0
3, 0
3, 0
3, 0
3, 0
3, 0
3, 0
3, 0
1, 0xa4420
0, 0x68410
0, 0xa4440
2, 2
3, 0
3, 0
3, 0
3, 0
3, 0
3, 0
3, 0
3, 0
3, 0
3, 0
3, 0
3, 0
3, 0
3, 0
1, 0xa4440
0, 0x68430
0, 0xa4460
2, 2
3, 0
3, 0
3, 0
3, 0
3, 0
3, 0
3, 0
3, 0
3, 0
3, 0
3, 0
3, 0
3, 0
3, 0
0, 0x68450
0, 0xa4480
0, 0x68470
0, 0xa44a0
0, 0x68490
0, 0xa44c0
0, 0x684b0
0, 0xa44e0
1, 0xa4460
0, 0x68450
0, 0xa4480
2, 2
3, 0
3, 0
3, 0
3, 0
3, 0
3, 0
3, 0
3, 0
3, 0
3, 0
3, 0
3, 0
3, 0
3, 0
1, 0xa4480
0, 0x68470
0, 0xa44a0
2, 2
3, 0
3, 0
3, 0
3, 0
3, 0
3, 0
3, 0
3, 0
3, 0
3, 0
3, 0
3, 0
3, 0
3, 0
1, 0xa44a0
0, 0x68490
0, 0xa44c0
2, 2
3, 0
3, 0
3, 0
3, 0
3, 0
3, 0
3, 0
3, 0
3, 0
3, 0
3, 0
3, 0
3, 0
3, 0
1, 0xa44c0
0, 0x684b0
0, 0xa44e0
2, 2
3, 0
3, 0
3, 0
3, 0
3, 0
3, 0
3, 0
3, 0
3, 0
3, 0
3, 0
3, 0
3, 0
3, 0
0, 0x684d0
0, 0xa4500
0, 0x684f0
0, 0xa4520
0, 0x68510
0, 0xa4540
0, 0x68530
0, 0xa4560
1, 0xa44e0
0, 0x684d0
0, 0xa4500
2, 2
3, 0
3, 0
3, 0
3, 0
3, 0
3, 0
3, 0
3, 0
3, 0
3, 0
3, 0
3, 0
3, 0
3, 0
1, 0xa4500
0, 0x684f0
0, 0xa4520
2, 2
3, 0
3, 0
3, 0
3, 0
3, 0
3, 0
3, 0
3, 0
3, 0
3, 0
3, 0
3, 0
3, 0
3, 0
1, 0xa4520
0, 0x68510
0, 0xa4540
2, 2
3, 0
3, 0
3, 0
3, 0
3, 0
3, 0
3, 0
3, 0
3, 0
3, 0
3, 0
3, 0
3, 0
3, 0
1, 0xa4540
0, 0x68530
0, 0xa4560
2, 2
3, 0
3, 0
3, 0
3, 0
3, 0
3, 0
3, 0
3, 0
3, 0
3, 0
3, 0
3, 0
3, 0
3, 0
0, 0x68550
0, 0xa4580
0, 0x68570
0, 0xa45a0
0, 0x68590
0, 0xa45c0
0, 0x685b0
0, 0xa45e0
1, 0xa4560
0, 0x68550
0, 0xa4580
2, 2
3, 0
3, 0
3, 0
3, 0
3, 0
3, 0
3, 0
3, 0
3, 0
3, 0
3, 0
3, 0
3, 0
3, 0
1, 0xa4580
0, 0x68570
0, 0xa45a0
2, 2
3, 0
3, 0
3, 0
3, 0
3, 0
3, 0
3, 0
3, 0
3, 0
3, 0
3, 0
3, 0
3, 0
3, 0
1, 0xa45a0
0, 0x68590
0, 0xa45c0
2, 2
3, 0
3, 0
3, 0
3, 0
3, 0
3, 0
3, 0
3, 0
3, 0
3, 0
3, 0
3, 0
3, 0
3, 0
1, 0xa45c0
0, 0x685b0
0, 0xa45e0
2, 2
3, 0
3, 0
3, 0
3, 0
3, 0
3, 0
3, 0
3, 0
3, 0
3, 0
3, 0
3, 0
3, 0
3, 0
0, 0x685d0
0, 0xa4600
0, 0x685f0
0, 0xa4620
0, 0x68610
0, 0xa4640
0, 0x68630
0, 0xa4660
1, 0xa45e0
0, 0x685d0
0, 0xa4600
2, 2
3, 0
3, 0
3, 0
3, 0
3, 0
3, 0
3, 0
3, 0
3, 0
3, 0
3, 0
3, 0
3, 0
3, 0
1, 0xa4600
0, 0x685f0
0, 0xa4620
2, 2
3, 0
3, 0
3, 0
3, 0
3, 0
3, 0
3, 0
3, 0
3, 0
3, 0
3, 0
3, 0
3, 0
3, 0
1, 0xa4620
0, 0x68610
0, 0xa4640
2, 2
3, 0
3, 0
3, 0
3, 0
3, 0
3, 0
3, 0
3, 0
3, 0
3, 0
3, 0
3, 0
3, 0
3, 0
1, 0xa4640
0, 0x68630
0, 0xa4660
2, 2
3, 0
3, 0
3, 0
3, 0
3, 0
3, 0
3, 0
3, 0
3, 0
3, 0
3, 0
3, 0
3, 0
3, 0
0, 0x68650
0, 0xa4680
0, 0x68670
0, 0xa46a0
0, 0x68690
0, 0xa46c0
0, 0x686b0
0, 0xa46e0
1, 0xa4660
0, 0x68650
0, 0xa4680
2, 2
3, 0
3, 0
3, 0
3, 0
3, 0
3, 0
3, 0
3, 0
3, 0
3, 0
3, 0
3, 0
3, 0
3, 0
1, 0xa4680
0, 0x68670
0, 0xa46a0
2, 2
3, 0
3, 0
3, 0
3, 0
3, 0
3, 0
3, 0
3, 0
3, 0
3, 0
3, 0
3, 0
3, 0
3, 0
1, 0xa46a0
0, 0x68690
0, 0xa46c0
2, 2
3, 0
3, 0
3, 0
3, 0
3, 0
3, 0
3, 0
3, 0
3, 0
3, 0
3, 0
3, 0
3, 0
3, 0
1, 0xa46c0
0, 0x686b0
0, 0xa46e0
2, 2
3, 0
3, 0
3, 0
3, 0
3, 0
3, 0
3, 0
3, 0
3, 0
3, 0
3, 0
3, 0
3, 0
3, 0
0, 0x686d0
0, 0xa4700
0, 0x686f0
0, 0xa4720
0, 0x68710
0, 0xa4740
0, 0x68730
0, 0xa4760
1, 0xa46e0
0, 0x686d0
0, 0xa4700
2, 2
3, 0
3, 0
3, 0
3, 0
3, 0
3, 0
3, 0
3, 0
3, 0
3, 0
3, 0
3, 0
3, 0
3, 0
1, 0xa4700
0, 0x686f0
0, 0xa4720
2, 2
3, 0
3, 0
3, 0
3, 0
3, 0
3, 0
3, 0
3, 0
3, 0
3, 0
3, 0
3, 0
3, 0
3, 0
1, 0xa4720
0, 0x68710
0, 0xa4740
2, 2
3, 0
3, 0
3, 0
3, 0
3, 0
3, 0
3, 0
3, 0
3, 0
3, 0
3, 0
3, 0
3, 0
3, 0
1, 0xa4740
0, 0x68730
0, 0xa4760
2, 2
3, 0
3, 0
3, 0
3, 0
3, 0
3, 0
3, 0
3, 0
3, 0
3, 0
3, 0
3, 0
3, 0
3, 0
0, 0x68750
0, 0xa4780
0, 0x68770
0, 0xa47a0
0, 0x68790
0, 0xa47c0
0, 0x687b0
0, 0xa47e0
1, 0xa4760
0, 0x68750
0, 0xa4780
2, 2
3, 0
3, 0
3, 0
3, 0
3, 0
3, 0
3, 0
3, 0
3, 0
3, 0
3, 0
3, 0
3, 0
3, 0
1, 0xa4780
0, 0x68770
0, 0xa47a0
2, 2
3, 0
3, 0
3, 0
3, 0
3, 0
3, 0
3, 0
3, 0
3, 0
3, 0
3, 0
3, 0
3, 0
3, 0
1, 0xa47a0
0, 0x68790
0, 0xa47c0
2, 2
3, 0
3, 0
3, 0
3, 0
3, 0
3, 0
3, 0
3, 0
3, 0
3, 0
3, 0
3, 0
3, 0
3, 0
1, 0xa47c0
0, 0x687b0
0, 0xa47e0
2, 2
3, 0
3, 0
3, 0
3, 0
3, 0
3, 0
3, 0
3, 0
3, 0
3, 0
3, 0
3, 0
3, 0
3, 0
0, 0x687d0
0, 0xa4800
0, 0x687f0
0, 0xa4820
0, 0x68810
0, 0xa4840
0, 0x68830
0, 0xa4860
1, 0xa47e0
0, 0x687d0
0, 0xa4800
2, 2
3, 0
3, 0
3, 0
3, 0
3, 0
3, 0
3, 0
3, 0
3, 0
3, 0
3, 0
3, 0
3, 0
3, 0
1, 0xa4800
0, 0x687f0
0, 0xa4820
2, 2
3, 0
3, 0
3, 0
3, 0
3, 0
3, 0
3, 0
3, 0
3, 0
3, 0
3, 0
3, 0
3, 0
3, 0
1, 0xa4820
0, 0x68810
0, 0xa4840
2, 2
3, 0
3, 0
3, 0
3, 0
3, 0
3, 0
3, 0
3, 0
3, 0
3, 0
3, 0
3, 0
3, 0
3, 0
1, 0xa4840
0, 0x68830
0, 0xa4860
2, 2
3, 0
3, 0
3, 0
3, 0
3, 0
3, 0
3, 0
3, 0
3, 0
3, 0
3, 0
3, 0
3, 0
3, 0
0, 0x68850
0, 0xa4880
0, 0x68870
0, 0xa48a0
0, 0x68890
0, 0xa48c0
0, 0x688b0
0, 0xa48e0
1, 0xa4860
0, 0x68850
0, 0xa4880
2, 2
3, 0
3, 0
3, 0
3, 0
3, 0
3, 0
3, 0
3, 0
3, 0
3, 0
3, 0
3, 0
3, 0
3, 0
1, 0xa4880
0, 0x68870
0, 0xa48a0
2, 2
3, 0
3, 0
3, 0
3, 0
3, 0
3, 0
3, 0
3, 0
3, 0
3, 0
3, 0
3, 0
3, 0
3, 0
1, 0xa48a0
0, 0x68890
0, 0xa48c0
2, 2
3, 0
3, 0
3, 0
3, 0
3, 0
3, 0
3, 0
3, 0
3, 0
3, 0
3, 0
3, 0
3, 0
3, 0
1, 0xa48c0
0, 0x688b0
0, 0xa48e0
2, 2
3, 0
3, 0
3, 0
3, 0
3, 0
3, 0
3, 0
3, 0
3, 0
3, 0
3, 0
3, 0
3, 0
3, 0
0, 0x688d0
0, 0xa4900
0, 0x688f0
0, 0xa4920
0, 0x68910
0, 0xa4940
0, 0x68930
0, 0xa4960
1, 0xa48e0
0, 0x688d0
0, 0xa4900
2, 2
3, 0
3, 0
3, 0
3, 0
3, 0
3, 0
3, 0
3, 0
3, 0
3, 0
3, 0
3, 0
3, 0
3, 0
1, 0xa4900
0, 0x688f0
0, 0xa4920
2, 2
3, 0
3, 0
3, 0
3, 0
3, 0
3, 0
3, 0
3, 0
3, 0
3, 0
3, 0
3, 0
3, 0
3, 0
1, 0xa4920
0, 0x68910
0, 0xa4940
2, 2
3, 0
3, 0
3, 0
3, 0
3, 0
3, 0
3, 0
3, 0
3, 0
3, 0
3, 0
3, 0
3, 0
3, 0
1, 0xa4940
0, 0x68930
0, 0xa4960
2, 2
3, 0
3, 0
3, 0
3, 0
3, 0
3, 0
3, 0
3, 0
3, 0
3, 0
3, 0
3, 0
3, 0
3, 0
0, 0x68950
0, 0xa4980
0, 0x68970
0, 0xa49a0
0, 0x68990
0, 0xa49c0
0, 0x689b0
0, 0xa49e0
1, 0xa4960
0, 0x68950
0, 0xa4980
2, 2
3, 0
3, 0
3, 0
3, 0
3, 0
3, 0
3, 0
3, 0
3, 0
3, 0
3, 0
3, 0
3, 0
3, 0
1, 0xa4980
0, 0x68970
0, 0xa49a0
2, 2
3, 0
3, 0
3, 0
3, 0
3, 0
3, 0
3, 0
3, 0
3, 0
3, 0
3, 0
3, 0
3, 0
3, 0
1, 0xa49a0
0, 0x68990
0, 0xa49c0
2, 2
3, 0
3, 0
3, 0
3, 0
3, 0
3, 0
3, 0
3, 0
3, 0
3, 0
3, 0
3, 0
3, 0
3, 0
1, 0xa49c0
0, 0x689b0
0, 0xa49e0
2, 2
3, 0
3, 0
3, 0
3, 0
3, 0
3, 0
3, 0
3, 0
3, 0
3, 0
3, 0
3, 0
3, 0
3, 0
0, 0x689d0
0, 0xa4a00
0, 0x689f0
0, 0xa4a20
0, 0x68a10
0, 0xa4a40
0, 0x68a30
0, 0xa4a60
1, 0xa49e0
0, 0x689d0
0, 0xa4a00
2, 2
3, 0
3, 0
3, 0
3, 0
3, 0
3, 0
3, 0
3, 0
3, 0
3, 0
3, 0
3, 0
3, 0
3, 0
1, 0xa4a00
0, 0x689f0
0, 0xa4a20
2, 2
3, 0
3, 0
3, 0
3, 0
3, 0
3, 0
3, 0
3, 0
3, 0
3, 0
3, 0
3, 0
3, 0
3, 0
1, 0xa4a20
0, 0x68a10
0, 0xa4a40
2, 2
3, 0
3, 0
3, 0
3, 0
3, 0
3, 0
3, 0
3, 0
3, 0
3, 0
3, 0
3, 0
3, 0
3, 0
1, 0xa4a40
0, 0x68a30
0, 0xa4a60
2, 2
3, 0
3, 0
3, 0
3, 0
3, 0
3, 0
3, 0
3, 0
3, 0
3, 0
3, 0
3, 0
3, 0
3, 0
0, 0x68a50
0, 0xa4a80
0, 0x68a70
0, 0xa4aa0
0, 0x68a90
0, 0xa4ac0
0, 0x68ab0
0, 0xa4ae0
1, 0xa4a60
0, 0x68a50
0, 0xa4a80
2, 2
3, 0
3, 0
3, 0
3, 0
3, 0
3, 0
3, 0
3, 0
3, 0
3, 0
3, 0
3, 0
3, 0
3, 0
1, 0xa4a80
0, 0x68a70
0, 0xa4aa0
2, 2
3, 0
3, 0
3, 0
3, 0
3, 0
3, 0
3, 0
3, 0
3, 0
3, 0
3, 0
3, 0
3, 0
3, 0
1, 0xa4aa0
0, 0x68a90
0, 0xa4ac0
2, 2
3, 0
3, 0
3, 0
3, 0
3, 0
3, 0
3, 0
3, 0
3, 0
3, 0
3, 0
3, 0
3, 0
3, 0
1, 0xa4ac0
0, 0x68ab0
0, 0xa4ae0
2, 2
3, 0
3, 0
3, 0
3, 0
3, 0
3, 0
3, 0
3, 0
3, 0
3, 0
3, 0
3, 0
3, 0
3, 0
0, 0x68ad0
0, 0xa4b00
0, 0x68af0
0, 0xa4b20
0, 0x68b10
0, 0xa4b40
0, 0x68b30
0, 0xa4b60
1, 0xa4ae0
0, 0x68ad0
0, 0xa4b00
2, 2
3, 0
3, 0
3, 0
3, 0
3, 0
3, 0
3, 0
3, 0
3, 0
3, 0
3, 0
3, 0
3, 0
3, 0
1, 0xa4b00
0, 0x68af0
0, 0xa4b20
2, 2
3, 0
3, 0
3, 0
3, 0
3, 0
3, 0
3, 0
3, 0
3, 0
3, 0
3, 0
3, 0
3, 0
3, 0
1, 0xa4b20
0, 0x68b10
0, 0xa4b40
2, 2
3, 0
3, 0
3, 0
3, 0
3, 0
3, 0
3, 0
3, 0
3, 0
3, 0
3, 0
3, 0
3, 0
3, 0
1, 0xa4b40
0, 0x68b30
0, 0xa4b60
2, 2
3, 0
3, 0
3, 0
3, 0
3, 0
3, 0
3, 0
3, 0
3, 0
3, 0
3, 0
3, 0
3, 0
3, 0
0, 0x68b50
0, 0xa4b80
0, 0x68b70
0, 0xa4ba0
0, 0x68b90
0, 0xa4bc0
0, 0x68bb0
0, 0xa4be0
1, 0xa4b60
0, 0x68b50
0, 0xa4b80
2, 2
3, 0
3, 0
3, 0
3, 0
3, 0
3, 0
3, 0
3, 0
3, 0
3, 0
3, 0
3, 0
3, 0
3, 0
1, 0xa4b80
0, 0x68b70
0, 0xa4ba0
2, 2
3, 0
3, 0
3, 0
3, 0
3, 0
3, 0
3, 0
3, 0
3, 0
3, 0
3, 0
3, 0
3, 0
3, 0
1, 0xa4ba0
0, 0x68b90
0, 0xa4bc0
2, 2
3, 0
3, 0
3, 0
3, 0
3, 0
3, 0
3, 0
3, 0
3, 0
3, 0
3, 0
3, 0
3, 0
3, 0
1, 0xa4bc0
0, 0x68bb0
0, 0xa4be0
2, 2
3, 0
3, 0
3, 0
3, 0
3, 0
3, 0
3, 0
3, 0
3, 0
3, 0
3, 0
3, 0
3, 0
3, 0
0, 0x68bd0
0, 0xa4c00
0, 0x68bf0
0, 0xa4c20
0, 0x68c10
0, 0xa4c40
0, 0x68c30
0, 0xa4c60
1, 0xa4be0
0, 0x68bd0
0, 0xa4c00
2, 2
3, 0
3, 0
3, 0
3, 0
3, 0
3, 0
3, 0
3, 0
3, 0
3, 0
3, 0
3, 0
3, 0
3, 0
1, 0xa4c00
0, 0x68bf0
0, 0xa4c20
2, 2
3, 0
3, 0
3, 0
3, 0
3, 0
3, 0
3, 0
3, 0
3, 0
3, 0
3, 0
3, 0
3, 0
3, 0
1, 0xa4c20
0, 0x68c10
0, 0xa4c40
2, 2
3, 0
3, 0
3, 0
3, 0
3, 0
3, 0
3, 0
3, 0
3, 0
3, 0
3, 0
3, 0
3, 0
3, 0
1, 0xa4c40
0, 0x68c30
0, 0xa4c60
2, 2
3, 0
3, 0
3, 0
3, 0
3, 0
3, 0
3, 0
3, 0
3, 0
3, 0
3, 0
3, 0
3, 0
3, 0
0, 0x68c50
0, 0xa4c80
0, 0x68c70
0, 0xa4ca0
0, 0x68c90
0, 0xa4cc0
0, 0x68cb0
0, 0xa4ce0
1, 0xa4c60
0, 0x68c50
0, 0xa4c80
2, 2
3, 0
3, 0
3, 0
3, 0
3, 0
3, 0
3, 0
3, 0
3, 0
3, 0
3, 0
3, 0
3, 0
3, 0
1, 0xa4c80
0, 0x68c70
0, 0xa4ca0
2, 2
3, 0
3, 0
3, 0
3, 0
3, 0
3, 0
3, 0
3, 0
3, 0
3, 0
3, 0
3, 0
3, 0
3, 0
1, 0xa4ca0
0, 0x68c90
0, 0xa4cc0
2, 2
3, 0
3, 0
3, 0
3, 0
3, 0
3, 0
3, 0
3, 0
3, 0
3, 0
3, 0
3, 0
3, 0
3, 0
1, 0xa4cc0
0, 0x68cb0
0, 0xa4ce0
2, 2
3, 0
3, 0
3, 0
3, 0
3, 0
3, 0
3, 0
3, 0
3, 0
3, 0
3, 0
3, 0
3, 0
3, 0
0, 0x68cd0
0, 0xa4d00
0, 0x68cf0
0, 0xa4d20
0, 0x68d10
0, 0xa4d40
0, 0x68d30
0, 0xa4d60
1, 0xa4ce0
0, 0x68cd0
0, 0xa4d00
2, 2
3, 0
3, 0
3, 0
3, 0
3, 0
3, 0
3, 0
3, 0
3, 0
3, 0
3, 0
3, 0
3, 0
3, 0
1, 0xa4d00
0, 0x68cf0
0, 0xa4d20
2, 2
3, 0
3, 0
3, 0
3, 0
3, 0
3, 0
3, 0
3, 0
3, 0
3, 0
3, 0
3, 0
3, 0
3, 0
1, 0xa4d20
0, 0x68d10
0, 0xa4d40
2, 2
3, 0
3, 0
3, 0
3, 0
3, 0
3, 0
3, 0
3, 0
3, 0
3, 0
3, 0
3, 0
3, 0
3, 0
1, 0xa4d40
0, 0x68d30
0, 0xa4d60
2, 2
3, 0
3, 0
3, 0
3, 0
3, 0
3, 0
3, 0
3, 0
3, 0
3, 0
3, 0
3, 0
3, 0
3, 0
0, 0x68d50
0, 0xa4d80
0, 0x68d70
0, 0xa4da0
0, 0x68d90
0, 0xa4dc0
0, 0x68db0
0, 0xa4de0
1, 0xa4d60
0, 0x68d50
0, 0xa4d80
2, 2
3, 0
3, 0
3, 0
3, 0
3, 0
3, 0
3, 0
3, 0
3, 0
3, 0
3, 0
3, 0
3, 0
3, 0
1, 0xa4d80
0, 0x68d70
0, 0xa4da0
2, 2
3, 0
3, 0
3, 0
3, 0
3, 0
3, 0
3, 0
3, 0
3, 0
3, 0
3, 0
3, 0
3, 0
3, 0
1, 0xa4da0
0, 0x68d90
0, 0xa4dc0
2, 2
3, 0
3, 0
3, 0
3, 0
3, 0
3, 0
3, 0
3, 0
3, 0
3, 0
3, 0
3, 0
3, 0
3, 0
1, 0xa4dc0
0, 0x68db0
0, 0xa4de0
2, 2
3, 0
3, 0
3, 0
3, 0
3, 0
3, 0
3, 0
3, 0
3, 0
3, 0
3, 0
3, 0
3, 0
3, 0
0, 0x68dd0
0, 0xa4e00
0, 0x68df0
0, 0xa4e20
0, 0x68e10
0, 0xa4e40
0, 0x68e30
0, 0xa4e60
1, 0xa4de0
0, 0x68dd0
0, 0xa4e00
2, 2
3, 0
3, 0
3, 0
3, 0
3, 0
3, 0
3, 0
3, 0
3, 0
3, 0
3, 0
3, 0
3, 0
3, 0
1, 0xa4e00
0, 0x68df0
0, 0xa4e20
2, 2
3, 0
3, 0
3, 0
3, 0
3, 0
3, 0
3, 0
3, 0
3, 0
3, 0
3, 0
3, 0
3, 0
3, 0
1, 0xa4e20
0, 0x68e10
0, 0xa4e40
2, 2
3, 0
3, 0
3, 0
3, 0
3, 0
3, 0
3, 0
3, 0
3, 0
3, 0
3, 0
3, 0
3, 0
3, 0
1, 0xa4e40
0, 0x68e30
0, 0xa4e60
2, 2
3, 0
3, 0
3, 0
3, 0
3, 0
3, 0
3, 0
3, 0
3, 0
3, 0
3, 0
3, 0
3, 0
3, 0
0, 0x68e50
0, 0xa4e80
0, 0x68e70
0, 0xa4ea0
0, 0x68e90
0, 0xa4ec0
0, 0x68eb0
0, 0xa4ee0
1, 0xa4e60
0, 0x68e50
0, 0xa4e80
2, 2
3, 0
3, 0
3, 0
3, 0
3, 0
3, 0
3, 0
3, 0
3, 0
3, 0
3, 0
3, 0
3, 0
3, 0
1, 0xa4e80
0, 0x68e70
0, 0xa4ea0
2, 2
3, 0
3, 0
3, 0
3, 0
3, 0
3, 0
3, 0
3, 0
3, 0
3, 0
3, 0
3, 0
3, 0
3, 0
1, 0xa4ea0
0, 0x68e90
0, 0xa4ec0
2, 2
3, 0
3, 0
3, 0
3, 0
3, 0
3, 0
3, 0
3, 0
3, 0
3, 0
3, 0
3, 0
3, 0
3, 0
1, 0xa4ec0
0, 0x68eb0
0, 0xa4ee0
2, 2
3, 0
3, 0
3, 0
3, 0
3, 0
3, 0
3, 0
3, 0
3, 0
3, 0
3, 0
3, 0
3, 0
3, 0
0, 0x68ed0
0, 0xa4f00
0, 0x68ef0
0, 0xa4f20
0, 0x68f10
0, 0xa4f40
0, 0x68f30
0, 0xa4f60
1, 0xa4ee0
0, 0x68ed0
0, 0xa4f00
2, 2
3, 0
3, 0
3, 0
3, 0
3, 0
3, 0
3, 0
3, 0
3, 0
3, 0
3, 0
3, 0
3, 0
3, 0
1, 0xa4f00
0, 0x68ef0
0, 0xa4f20
2, 2
3, 0
3, 0
3, 0
3, 0
3, 0
3, 0
3, 0
3, 0
3, 0
3, 0
3, 0
3, 0
3, 0
3, 0
1, 0xa4f20
0, 0x68f10
0, 0xa4f40
2, 2
3, 0
3, 0
3, 0
3, 0
3, 0
3, 0
3, 0
3, 0
3, 0
3, 0
3, 0
3, 0
3, 0
3, 0
1, 0xa4f40
0, 0x68f30
0, 0xa4f60
2, 2
3, 0
3, 0
3, 0
3, 0
3, 0
3, 0
3, 0
3, 0
3, 0
3, 0
3, 0
3, 0
3, 0
3, 0
0, 0x68f50
0, 0xa4f80
0, 0x68f70
0, 0xa4fa0
0, 0x68f90
0, 0xa4fc0
0, 0x68fb0
0, 0xa4fe0
1, 0xa4f60
0, 0x68f50
0, 0xa4f80
2, 2
3, 0
3, 0
3, 0
3, 0
3, 0
3, 0
3, 0
3, 0
3, 0
3, 0
3, 0
3, 0
3, 0
3, 0
1, 0xa4f80
0, 0x68f70
0, 0xa4fa0
2, 2
3, 0
3, 0
3, 0
3, 0
3, 0
3, 0
3, 0
3, 0
3, 0
3, 0
3, 0
3, 0
3, 0
3, 0
1, 0xa4fa0
0, 0x68f90
0, 0xa4fc0
2, 2
3, 0
3, 0
3, 0
3, 0
3, 0
3, 0
3, 0
3, 0
3, 0
3, 0
3, 0
3, 0
3, 0
3, 0
1, 0xa4fc0
0, 0x68fb0
0, 0xa4fe0
2, 2
3, 0
3, 0
3, 0
3, 0
3, 0
3, 0
3, 0
3, 0
3, 0
3, 0
3, 0
3, 0
3, 0
3, 0
0, 0x68fd0
0, 0xa5000
0, 0x68ff0
0, 0xa5020
0, 0x69010
0, 0xa5040
0, 0x69030
0, 0xa5060
1, 0xa4fe0
0, 0x68fd0
0, 0xa5000
2, 2
3, 0
3, 0
3, 0
3, 0
3, 0
3, 0
3, 0
3, 0
3, 0
3, 0
3, 0
3, 0
3, 0
3, 0
1, 0xa5000
0, 0x68ff0
0, 0xa5020
2, 2
3, 0
3, 0
3, 0
3, 0
3, 0
3, 0
3, 0
3, 0
3, 0
3, 0
3, 0
3, 0
3, 0
3, 0
1, 0xa5020
0, 0x69010
0, 0xa5040
2, 2
3, 0
3, 0
3, 0
3, 0
3, 0
3, 0
3, 0
3, 0
3, 0
3, 0
3, 0
3, 0
3, 0
3, 0
1, 0xa5040
0, 0x69030
0, 0xa5060
2, 2
3, 0
3, 0
3, 0
3, 0
3, 0
3, 0
3, 0
3, 0
3, 0
3, 0
3, 0
3, 0
3, 0
3, 0
0, 0x69050
0, 0xa5080
0, 0x69070
0, 0xa50a0
0, 0x69090
0, 0xa50c0
0, 0x690b0
0, 0xa50e0
1, 0xa5060
0, 0x69050
0, 0xa5080
2, 2
3, 0
3, 0
3, 0
3, 0
3, 0
3, 0
3, 0
3, 0
3, 0
3, 0
3, 0
3, 0
3, 0
3, 0
1, 0xa5080
0, 0x69070
0, 0xa50a0
2, 2
3, 0
3, 0
3, 0
3, 0
3, 0
3, 0
3, 0
3, 0
3, 0
3, 0
3, 0
3, 0
3, 0
3, 0
1, 0xa50a0
0, 0x69090
0, 0xa50c0
2, 2
3, 0
3, 0
3, 0
3, 0
3, 0
3, 0
3, 0
3, 0
3, 0
3, 0
3, 0
3, 0
3, 0
3, 0
1, 0xa50c0
0, 0x690b0
0, 0xa50e0
2, 2
3, 0
3, 0
3, 0
3, 0
3, 0
3, 0
3, 0
3, 0
3, 0
3, 0
3, 0
3, 0
3, 0
3, 0
0, 0x690d0
0, 0xa5100
0, 0x690f0
0, 0xa5120
0, 0x69110
0, 0xa5140
0, 0x69130
0, 0xa5160
1, 0xa50e0
0, 0x690d0
0, 0xa5100
2, 2
3, 0
3, 0
3, 0
3, 0
3, 0
3, 0
3, 0
3, 0
3, 0
3, 0
3, 0
3, 0
3, 0
3, 0
1, 0xa5100
0, 0x690f0
0, 0xa5120
2, 2
3, 0
3, 0
3, 0
3, 0
3, 0
3, 0
3, 0
3, 0
3, 0
3, 0
3, 0
3, 0
3, 0
3, 0
1, 0xa5120
0, 0x69110
0, 0xa5140
2, 2
3, 0
3, 0
3, 0
3, 0
3, 0
3, 0
3, 0
3, 0
3, 0
3, 0
3, 0
3, 0
3, 0
3, 0
1, 0xa5140
0, 0x69130
0, 0xa5160
2, 2
3, 0
3, 0
3, 0
3, 0
3, 0
3, 0
3, 0
3, 0
3, 0
3, 0
3, 0
3, 0
3, 0
3, 0
0, 0x69150
0, 0xa5180
0, 0x69170
0, 0xa51a0
0, 0x69190
0, 0xa51c0
0, 0x691b0
0, 0xa51e0
1, 0xa5160
0, 0x69150
0, 0xa5180
2, 2
3, 0
3, 0
3, 0
3, 0
3, 0
3, 0
3, 0
3, 0
3, 0
3, 0
3, 0
3, 0
3, 0
3, 0
1, 0xa5180
0, 0x69170
0, 0xa51a0
2, 2
3, 0
3, 0
3, 0
3, 0
3, 0
3, 0
3, 0
3, 0
3, 0
3, 0
3, 0
3, 0
3, 0
3, 0
1, 0xa51a0
0, 0x69190
0, 0xa51c0
2, 2
3, 0
3, 0
3, 0
3, 0
3, 0
3, 0
3, 0
3, 0
3, 0
3, 0
3, 0
3, 0
3, 0
3, 0
1, 0xa51c0
0, 0x691b0
0, 0xa51e0
2, 2
3, 0
3, 0
3, 0
3, 0
3, 0
3, 0
3, 0
3, 0
3, 0
3, 0
3, 0
3, 0
3, 0
3, 0
0, 0x691d0
0, 0xa5200
0, 0x691f0
0, 0xa5220
0, 0x69210
0, 0xa5240
0, 0x69230
0, 0xa5260
1, 0xa51e0
0, 0x691d0
0, 0xa5200
2, 2
3, 0
3, 0
3, 0
3, 0
3, 0
3, 0
3, 0
3, 0
3, 0
3, 0
3, 0
3, 0
3, 0
3, 0
1, 0xa5200
0, 0x691f0
0, 0xa5220
2, 2
3, 0
3, 0
3, 0
3, 0
3, 0
3, 0
3, 0
3, 0
3, 0
3, 0
3, 0
3, 0
3, 0
3, 0
1, 0xa5220
0, 0x69210
0, 0xa5240
2, 2
3, 0
3, 0
3, 0
3, 0
3, 0
3, 0
3, 0
3, 0
3, 0
3, 0
3, 0
3, 0
3, 0
3, 0
1, 0xa5240
0, 0x69230
0, 0xa5260
2, 2
3, 0
3, 0
3, 0
3, 0
3, 0
3, 0
3, 0
3, 0
3, 0
3, 0
3, 0
3, 0
3, 0
3, 0
0, 0x69250
0, 0xa5280
0, 0x69270
0, 0xa52a0
0, 0x69290
0, 0xa52c0
0, 0x692b0
0, 0xa52e0
1, 0xa5260
0, 0x69250
0, 0xa5280
2, 2
3, 0
3, 0
3, 0
3, 0
3, 0
3, 0
3, 0
3, 0
3, 0
3, 0
3, 0
3, 0
3, 0
3, 0
1, 0xa5280
0, 0x69270
0, 0xa52a0
2, 2
3, 0
3, 0
3, 0
3, 0
3, 0
3, 0
3, 0
3, 0
3, 0
3, 0
3, 0
3, 0
3, 0
3, 0
1, 0xa52a0
0, 0x69290
0, 0xa52c0
2, 2
3, 0
3, 0
3, 0
3, 0
3, 0
3, 0
3, 0
3, 0
3, 0
3, 0
3, 0
3, 0
3, 0
3, 0
1, 0xa52c0
0, 0x692b0
0, 0xa52e0
2, 2
3, 0
3, 0
3, 0
3, 0
3, 0
3, 0
3, 0
3, 0
3, 0
3, 0
3, 0
3, 0
3, 0
3, 0
0, 0x692d0
0, 0xa5300
0, 0x692f0
0, 0xa5320
0, 0x69310
0, 0xa5340
0, 0x69330
0, 0xa5360
1, 0xa52e0
0, 0x692d0
0, 0xa5300
2, 2
3, 0
3, 0
3, 0
3, 0
3, 0
3, 0
3, 0
3, 0
3, 0
3, 0
3, 0
3, 0
3, 0
3, 0
1, 0xa5300
0, 0x692f0
0, 0xa5320
2, 2
3, 0
3, 0
3, 0
3, 0
3, 0
3, 0
3, 0
3, 0
3, 0
3, 0
3, 0
3, 0
3, 0
3, 0
1, 0xa5320
0, 0x69310
0, 0xa5340
2, 2
3, 0
3, 0
3, 0
3, 0
3, 0
3, 0
3, 0
3, 0
3, 0
3, 0
3, 0
3, 0
3, 0
3, 0
1, 0xa5340
0, 0x69330
0, 0xa5360
2, 2
3, 0
3, 0
3, 0
3, 0
3, 0
3, 0
3, 0
3, 0
3, 0
3, 0
3, 0
3, 0
3, 0
3, 0
0, 0x69350
0, 0xa5380
0, 0x69370
0, 0xa53a0
0, 0x69390
0, 0xa53c0
0, 0x693b0
0, 0xa53e0
1, 0xa5360
0, 0x69350
0, 0xa5380
2, 2
3, 0
3, 0
3, 0
3, 0
3, 0
3, 0
3, 0
3, 0
3, 0
3, 0
3, 0
3, 0
3, 0
3, 0
1, 0xa5380
0, 0x69370
0, 0xa53a0
2, 2
3, 0
3, 0
3, 0
3, 0
3, 0
3, 0
3, 0
3, 0
3, 0
3, 0
3, 0
3, 0
3, 0
3, 0
1, 0xa53a0
0, 0x69390
0, 0xa53c0
2, 2
3, 0
3, 0
3, 0
3, 0
3, 0
3, 0
3, 0
3, 0
3, 0
3, 0
3, 0
3, 0
3, 0
3, 0
1, 0xa53c0
0, 0x693b0
0, 0xa53e0
2, 2
3, 0
3, 0
3, 0
3, 0
3, 0
3, 0
3, 0
3, 0
3, 0
3, 0
3, 0
3, 0
3, 0
3, 0
0, 0x693d0
0, 0xa5400
0, 0x693f0
0, 0xa5420
0, 0x69410
0, 0xa5440
0, 0x69430
0, 0xa5460
1, 0xa53e0
0, 0x693d0
0, 0xa5400
2, 2
3, 0
3, 0
3, 0
3, 0
3, 0
3, 0
3, 0
3, 0
3, 0
3, 0
3, 0
3, 0
3, 0
3, 0
1, 0xa5400
0, 0x693f0
0, 0xa5420
2, 2
3, 0
3, 0
3, 0
3, 0
3, 0
3, 0
3, 0
3, 0
3, 0
3, 0
3, 0
3, 0
3, 0
3, 0
1, 0xa5420
0, 0x69410
0, 0xa5440
2, 2
3, 0
3, 0
3, 0
3, 0
3, 0
3, 0
3, 0
3, 0
3, 0
3, 0
3, 0
3, 0
3, 0
3, 0
1, 0xa5440
0, 0x69430
0, 0xa5460
2, 2
3, 0
3, 0
3, 0
3, 0
3, 0
3, 0
3, 0
3, 0
3, 0
3, 0
3, 0
3, 0
3, 0
3, 0
0, 0x69450
0, 0xa5480
0, 0x69470
0, 0xa54a0
0, 0x69490
0, 0xa54c0
0, 0x694b0
0, 0xa54e0
1, 0xa5460
0, 0x69450
0, 0xa5480
2, 2
3, 0
3, 0
3, 0
3, 0
3, 0
3, 0
3, 0
3, 0
3, 0
3, 0
3, 0
3, 0
3, 0
3, 0
1, 0xa5480
0, 0x69470
0, 0xa54a0
2, 2
3, 0
3, 0
3, 0
3, 0
3, 0
3, 0
3, 0
3, 0
3, 0
3, 0
3, 0
3, 0
3, 0
3, 0
1, 0xa54a0
0, 0x69490
0, 0xa54c0
2, 2
3, 0
3, 0
3, 0
3, 0
3, 0
3, 0
3, 0
3, 0
3, 0
3, 0
3, 0
3, 0
3, 0
3, 0
1, 0xa54c0
0, 0x694b0
0, 0xa54e0
2, 2
3, 0
3, 0
3, 0
3, 0
3, 0
3, 0
3, 0
3, 0
3, 0
3, 0
3, 0
3, 0
3, 0
3, 0
0, 0x694d0
0, 0xa5500
0, 0x694f0
0, 0xa5520
0, 0x69510
0, 0xa5540
0, 0x69530
0, 0xa5560
1, 0xa54e0
0, 0x694d0
0, 0xa5500
2, 2
3, 0
3, 0
3, 0
3, 0
3, 0
3, 0
3, 0
3, 0
3, 0
3, 0
3, 0
3, 0
3, 0
3, 0
1, 0xa5500
0, 0x694f0
0, 0xa5520
2, 2
3, 0
3, 0
3, 0
3, 0
3, 0
3, 0
3, 0
3, 0
3, 0
3, 0
3, 0
3, 0
3, 0
3, 0
1, 0xa5520
0, 0x69510
0, 0xa5540
2, 2
3, 0
3, 0
3, 0
3, 0
3, 0
3, 0
3, 0
3, 0
3, 0
3, 0
3, 0
3, 0
3, 0
3, 0
1, 0xa5540
0, 0x69530
0, 0xa5560
2, 2
3, 0
3, 0
3, 0
3, 0
3, 0
3, 0
3, 0
3, 0
3, 0
3, 0
3, 0
3, 0
3, 0
3, 0
0, 0x69550
0, 0xa5580
0, 0x69570
0, 0xa55a0
0, 0x69590
0, 0xa55c0
0, 0x695b0
0, 0xa55e0
1, 0xa5560
0, 0x69550
0, 0xa5580
2, 2
3, 0
3, 0
3, 0
3, 0
3, 0
3, 0
3, 0
3, 0
3, 0
3, 0
3, 0
3, 0
3, 0
3, 0
1, 0xa5580
0, 0x69570
0, 0xa55a0
2, 2
3, 0
3, 0
3, 0
3, 0
3, 0
3, 0
3, 0
3, 0
3, 0
3, 0
3, 0
3, 0
3, 0
3, 0
1, 0xa55a0
0, 0x69590
0, 0xa55c0
2, 2
3, 0
3, 0
3, 0
3, 0
3, 0
3, 0
3, 0
3, 0
3, 0
3, 0
3, 0
3, 0
3, 0
3, 0
1, 0xa55c0
0, 0x695b0
0, 0xa55e0
2, 2
3, 0
3, 0
3, 0
3, 0
3, 0
3, 0
3, 0
3, 0
3, 0
3, 0
3, 0
3, 0
3, 0
3, 0
0, 0x695d0
0, 0xa5600
0, 0x695f0
0, 0xa5620
0, 0x69610
0, 0xa5640
0, 0x69630
0, 0xa5660
1, 0xa55e0
0, 0x695d0
0, 0xa5600
2, 2
3, 0
3, 0
3, 0
3, 0
3, 0
3, 0
3, 0
3, 0
3, 0
3, 0
3, 0
3, 0
3, 0
3, 0
1, 0xa5600
0, 0x695f0
0, 0xa5620
2, 2
3, 0
3, 0
3, 0
3, 0
3, 0
3, 0
3, 0
3, 0
3, 0
3, 0
3, 0
3, 0
3, 0
3, 0
1, 0xa5620
0, 0x69610
0, 0xa5640
2, 2
3, 0
3, 0
3, 0
3, 0
3, 0
3, 0
3, 0
3, 0
3, 0
3, 0
3, 0
3, 0
3, 0
3, 0
1, 0xa5640
0, 0x69630
0, 0xa5660
2, 2
3, 0
3, 0
3, 0
3, 0
3, 0
3, 0
3, 0
3, 0
3, 0
3, 0
3, 0
3, 0
3, 0
3, 0
0, 0x69650
0, 0xa5680
0, 0x69670
0, 0xa56a0
0, 0x69690
0, 0xa56c0
0, 0x696b0
0, 0xa56e0
1, 0xa5660
0, 0x69650
0, 0xa5680
2, 2
3, 0
3, 0
3, 0
3, 0
3, 0
3, 0
3, 0
3, 0
3, 0
3, 0
3, 0
3, 0
3, 0
3, 0
1, 0xa5680
0, 0x69670
0, 0xa56a0
2, 2
3, 0
3, 0
3, 0
3, 0
3, 0
3, 0
3, 0
3, 0
3, 0
3, 0
3, 0
3, 0
3, 0
3, 0
1, 0xa56a0
0, 0x69690
0, 0xa56c0
2, 2
3, 0
3, 0
3, 0
3, 0
3, 0
3, 0
3, 0
3, 0
3, 0
3, 0
3, 0
3, 0
3, 0
3, 0
1, 0xa56c0
0, 0x696b0
0, 0xa56e0
2, 2
3, 0
3, 0
3, 0
3, 0
3, 0
3, 0
3, 0
3, 0
3, 0
3, 0
3, 0
3, 0
3, 0
3, 0
0, 0x696d0
0, 0xa5700
0, 0x696f0
0, 0xa5720
0, 0x69710
0, 0xa5740
0, 0x69730
0, 0xa5760
1, 0xa56e0
0, 0x696d0
0, 0xa5700
2, 2
3, 0
3, 0
3, 0
3, 0
3, 0
3, 0
3, 0
3, 0
3, 0
3, 0
3, 0
3, 0
3, 0
3, 0
1, 0xa5700
0, 0x696f0
0, 0xa5720
2, 2
3, 0
3, 0
3, 0
3, 0
3, 0
3, 0
3, 0
3, 0
3, 0
3, 0
3, 0
3, 0
3, 0
3, 0
1, 0xa5720
0, 0x69710
0, 0xa5740
2, 2
3, 0
3, 0
3, 0
3, 0
3, 0
3, 0
3, 0
3, 0
3, 0
3, 0
3, 0
3, 0
3, 0
3, 0
1, 0xa5740
0, 0x69730
0, 0xa5760
2, 2
3, 0
3, 0
3, 0
3, 0
3, 0
3, 0
3, 0
3, 0
3, 0
3, 0
3, 0
3, 0
3, 0
3, 0
0, 0x69750
0, 0xa5780
0, 0x69770
0, 0xa57a0
0, 0x69790
0, 0xa57c0
0, 0x697b0
0, 0xa57e0
1, 0xa5760
0, 0x69750
0, 0xa5780
2, 2
3, 0
3, 0
3, 0
3, 0
3, 0
3, 0
3, 0
3, 0
3, 0
3, 0
3, 0
3, 0
3, 0
3, 0
1, 0xa5780
0, 0x69770
0, 0xa57a0
2, 2
3, 0
3, 0
3, 0
3, 0
3, 0
3, 0
3, 0
3, 0
3, 0
3, 0
3, 0
3, 0
3, 0
3, 0
1, 0xa57a0
0, 0x69790
0, 0xa57c0
2, 2
3, 0
3, 0
3, 0
3, 0
3, 0
3, 0
3, 0
3, 0
3, 0
3, 0
3, 0
3, 0
3, 0
3, 0
1, 0xa57c0
0, 0x697b0
0, 0xa57e0
2, 2
3, 0
3, 0
3, 0
3, 0
3, 0
3, 0
3, 0
3, 0
3, 0
3, 0
3, 0
3, 0
3, 0
3, 0
0, 0x697d0
0, 0xa5800
0, 0x697f0
0, 0xa5820
0, 0x69810
0, 0xa5840
0, 0x69830
0, 0xa5860
1, 0xa57e0
0, 0x697d0
0, 0xa5800
2, 2
3, 0
3, 0
3, 0
3, 0
3, 0
3, 0
3, 0
3, 0
3, 0
3, 0
3, 0
3, 0
3, 0
3, 0
1, 0xa5800
0, 0x697f0
0, 0xa5820
2, 2
3, 0
3, 0
3, 0
3, 0
3, 0
3, 0
3, 0
3, 0
3, 0
3, 0
3, 0
3, 0
3, 0
3, 0
1, 0xa5820
0, 0x69810
0, 0xa5840
2, 2
3, 0
3, 0
3, 0
3, 0
3, 0
3, 0
3, 0
3, 0
3, 0
3, 0
3, 0
3, 0
3, 0
3, 0
1, 0xa5840
0, 0x69830
0, 0xa5860
2, 2
3, 0
3, 0
3, 0
3, 0
3, 0
3, 0
3, 0
3, 0
3, 0
3, 0
3, 0
3, 0
3, 0
3, 0
0, 0x69850
0, 0xa5880
0, 0x69870
0, 0xa58a0
0, 0x69890
0, 0xa58c0
0, 0x698b0
0, 0xa58e0
1, 0xa5860
0, 0x69850
0, 0xa5880
2, 2
3, 0
3, 0
3, 0
3, 0
3, 0
3, 0
3, 0
3, 0
3, 0
3, 0
3, 0
3, 0
3, 0
3, 0
1, 0xa5880
0, 0x69870
0, 0xa58a0
2, 2
3, 0
3, 0
3, 0
3, 0
3, 0
3, 0
3, 0
3, 0
3, 0
3, 0
3, 0
3, 0
3, 0
3, 0
1, 0xa58a0
0, 0x69890
0, 0xa58c0
2, 2
3, 0
3, 0
3, 0
3, 0
3, 0
3, 0
3, 0
3, 0
3, 0
3, 0
3, 0
3, 0
3, 0
3, 0
1, 0xa58c0
0, 0x698b0
0, 0xa58e0
2, 2
3, 0
3, 0
3, 0
3, 0
3, 0
3, 0
3, 0
3, 0
3, 0
3, 0
3, 0
3, 0
3, 0
3, 0
0, 0x698d0
0, 0xa5900
0, 0x698f0
0, 0xa5920
0, 0x69910
0, 0xa5940
0, 0x69930
0, 0xa5960
1, 0xa58e0
0, 0x698d0
0, 0xa5900
2, 2
3, 0
3, 0
3, 0
3, 0
3, 0
3, 0
3, 0
3, 0
3, 0
3, 0
3, 0
3, 0
3, 0
3, 0
1, 0xa5900
0, 0x698f0
0, 0xa5920
2, 2
3, 0
3, 0
3, 0
3, 0
3, 0
3, 0
3, 0
3, 0
3, 0
3, 0
3, 0
3, 0
3, 0
3, 0
1, 0xa5920
0, 0x69910
0, 0xa5940
2, 2
3, 0
3, 0
3, 0
3, 0
3, 0
3, 0
3, 0
3, 0
3, 0
3, 0
3, 0
3, 0
3, 0
3, 0
1, 0xa5940
0, 0x69930
0, 0xa5960
2, 2
3, 0
3, 0
3, 0
3, 0
3, 0
3, 0
3, 0
3, 0
3, 0
3, 0
3, 0
3, 0
3, 0
3, 0
0, 0x69950
0, 0xa5980
0, 0x69970
0, 0xa59a0
0, 0x69990
0, 0xa59c0
0, 0x699b0
0, 0xa59e0
1, 0xa5960
0, 0x69950
0, 0xa5980
2, 2
3, 0
3, 0
3, 0
3, 0
3, 0
3, 0
3, 0
3, 0
3, 0
3, 0
3, 0
3, 0
3, 0
3, 0
1, 0xa5980
0, 0x69970
0, 0xa59a0
2, 2
3, 0
3, 0
3, 0
3, 0
3, 0
3, 0
3, 0
3, 0
3, 0
3, 0
3, 0
3, 0
3, 0
3, 0
1, 0xa59a0
0, 0x69990
0, 0xa59c0
2, 2
3, 0
3, 0
3, 0
3, 0
3, 0
3, 0
3, 0
3, 0
3, 0
3, 0
3, 0
3, 0
3, 0
3, 0
1, 0xa59c0
0, 0x699b0
0, 0xa59e0
2, 2
3, 0
3, 0
3, 0
3, 0
3, 0
3, 0
3, 0
3, 0
3, 0
3, 0
3, 0
3, 0
3, 0
3, 0
0, 0x699d0
0, 0xa5a00
0, 0x699f0
0, 0xa5a20
0, 0x69a10
0, 0xa5a40
0, 0x69a30
0, 0xa5a60
1, 0xa59e0
0, 0x699d0
0, 0xa5a00
2, 2
3, 0
3, 0
3, 0
3, 0
3, 0
3, 0
3, 0
3, 0
3, 0
3, 0
3, 0
3, 0
3, 0
3, 0
1, 0xa5a00
0, 0x699f0
0, 0xa5a20
2, 2
3, 0
3, 0
3, 0
3, 0
3, 0
3, 0
3, 0
3, 0
3, 0
3, 0
3, 0
3, 0
3, 0
3, 0
1, 0xa5a20
0, 0x69a10
0, 0xa5a40
2, 2
3, 0
3, 0
3, 0
3, 0
3, 0
3, 0
3, 0
3, 0
3, 0
3, 0
3, 0
3, 0
3, 0
3, 0
1, 0xa5a40
0, 0x69a30
0, 0xa5a60
2, 2
3, 0
3, 0
3, 0
3, 0
3, 0
3, 0
3, 0
3, 0
3, 0
3, 0
3, 0
3, 0
3, 0
3, 0
0, 0x69a50
0, 0xa5a80
0, 0x69a70
0, 0xa5aa0
0, 0x69a90
0, 0xa5ac0
0, 0x69ab0
0, 0xa5ae0
1, 0xa5a60
0, 0x69a50
0, 0xa5a80
2, 2
3, 0
3, 0
3, 0
3, 0
3, 0
3, 0
3, 0
3, 0
3, 0
3, 0
3, 0
3, 0
3, 0
3, 0
1, 0xa5a80
0, 0x69a70
0, 0xa5aa0
2, 2
3, 0
3, 0
3, 0
3, 0
3, 0
3, 0
3, 0
3, 0
3, 0
3, 0
3, 0
3, 0
3, 0
3, 0
1, 0xa5aa0
0, 0x69a90
0, 0xa5ac0
2, 2
3, 0
3, 0
3, 0
3, 0
3, 0
3, 0
3, 0
3, 0
3, 0
3, 0
3, 0
3, 0
3, 0
3, 0
1, 0xa5ac0
0, 0x69ab0
0, 0xa5ae0
2, 2
3, 0
3, 0
3, 0
3, 0
3, 0
3, 0
3, 0
3, 0
3, 0
3, 0
3, 0
3, 0
3, 0
3, 0
0, 0x69ad0
0, 0xa5b00
0, 0x69af0
0, 0xa5b20
0, 0x69b10
0, 0xa5b40
0, 0x69b30
0, 0xa5b60
1, 0xa5ae0
0, 0x69ad0
0, 0xa5b00
2, 2
3, 0
3, 0
3, 0
3, 0
3, 0
3, 0
3, 0
3, 0
3, 0
3, 0
3, 0
3, 0
3, 0
3, 0
1, 0xa5b00
0, 0x69af0
0, 0xa5b20
2, 2
3, 0
3, 0
3, 0
3, 0
3, 0
3, 0
3, 0
3, 0
3, 0
3, 0
3, 0
3, 0
3, 0
3, 0
1, 0xa5b20
0, 0x69b10
0, 0xa5b40
2, 2
3, 0
3, 0
3, 0
3, 0
3, 0
3, 0
3, 0
3, 0
3, 0
3, 0
3, 0
3, 0
3, 0
3, 0
1, 0xa5b40
0, 0x69b30
0, 0xa5b60
2, 2
3, 0
3, 0
3, 0
3, 0
3, 0
3, 0
3, 0
3, 0
3, 0
3, 0
3, 0
3, 0
3, 0
3, 0
0, 0x69b50
0, 0xa5b80
0, 0x69b70
0, 0xa5ba0
0, 0x69b90
0, 0xa5bc0
0, 0x69bb0
0, 0xa5be0
1, 0xa5b60
0, 0x69b50
0, 0xa5b80
2, 2
3, 0
3, 0
3, 0
3, 0
3, 0
3, 0
3, 0
3, 0
3, 0
3, 0
3, 0
3, 0
3, 0
3, 0
1, 0xa5b80
0, 0x69b70
0, 0xa5ba0
2, 2
3, 0
3, 0
3, 0
3, 0
3, 0
3, 0
3, 0
3, 0
3, 0
3, 0
3, 0
3, 0
3, 0
3, 0
1, 0xa5ba0
0, 0x69b90
0, 0xa5bc0
2, 2
3, 0
3, 0
3, 0
3, 0
3, 0
3, 0
3, 0
3, 0
3, 0
3, 0
3, 0
3, 0
3, 0
3, 0
1, 0xa5bc0
0, 0x69bb0
0, 0xa5be0
2, 2
3, 0
3, 0
3, 0
3, 0
3, 0
3, 0
3, 0
3, 0
3, 0
3, 0
3, 0
3, 0
3, 0
3, 0
0, 0x69bd0
0, 0xa5c00
0, 0x69bf0
0, 0xa5c20
0, 0x69c10
0, 0xa5c40
0, 0x69c30
0, 0xa5c60
1, 0xa5be0
0, 0x69bd0
0, 0xa5c00
2, 2
3, 0
3, 0
3, 0
3, 0
3, 0
3, 0
3, 0
3, 0
3, 0
3, 0
3, 0
3, 0
3, 0
3, 0
1, 0xa5c00
0, 0x69bf0
0, 0xa5c20
2, 2
3, 0
3, 0
3, 0
3, 0
3, 0
3, 0
3, 0
3, 0
3, 0
3, 0
3, 0
3, 0
3, 0
3, 0
1, 0xa5c20
0, 0x69c10
0, 0xa5c40
2, 2
3, 0
3, 0
3, 0
3, 0
3, 0
3, 0
3, 0
3, 0
3, 0
3, 0
3, 0
3, 0
3, 0
3, 0
1, 0xa5c40
0, 0x69c30
0, 0xa5c60
2, 2
3, 0
3, 0
3, 0
3, 0
3, 0
3, 0
3, 0
3, 0
3, 0
3, 0
3, 0
3, 0
3, 0
3, 0
0, 0x69c50
0, 0xa5c80
0, 0x69c70
0, 0xa5ca0
0, 0x69c90
0, 0xa5cc0
0, 0x69cb0
0, 0xa5ce0
1, 0xa5c60
0, 0x69c50
0, 0xa5c80
2, 2
3, 0
3, 0
3, 0
3, 0
3, 0
3, 0
3, 0
3, 0
3, 0
3, 0
3, 0
3, 0
3, 0
3, 0
1, 0xa5c80
0, 0x69c70
0, 0xa5ca0
2, 2
3, 0
3, 0
3, 0
3, 0
3, 0
3, 0
3, 0
3, 0
3, 0
3, 0
3, 0
3, 0
3, 0
3, 0
1, 0xa5ca0
0, 0x69c90
0, 0xa5cc0
2, 2
3, 0
3, 0
3, 0
3, 0
3, 0
3, 0
3, 0
3, 0
3, 0
3, 0
3, 0
3, 0
3, 0
3, 0
1, 0xa5cc0
0, 0x69cb0
0, 0xa5ce0
2, 2
3, 0
3, 0
3, 0
3, 0
3, 0
3, 0
3, 0
3, 0
3, 0
3, 0
3, 0
3, 0
3, 0
3, 0
0, 0x69cd0
0, 0xa5d00
0, 0x69cf0
0, 0xa5d20
0, 0x69d10
0, 0xa5d40
0, 0x69d30
0, 0xa5d60
1, 0xa5ce0
0, 0x69cd0
0, 0xa5d00
2, 2
3, 0
3, 0
3, 0
3, 0
3, 0
3, 0
3, 0
3, 0
3, 0
3, 0
3, 0
3, 0
3, 0
3, 0
1, 0xa5d00
0, 0x69cf0
0, 0xa5d20
2, 2
3, 0
3, 0
3, 0
3, 0
3, 0
3, 0
3, 0
3, 0
3, 0
3, 0
3, 0
3, 0
3, 0
3, 0
1, 0xa5d20
0, 0x69d10
0, 0xa5d40
2, 2
3, 0
3, 0
3, 0
3, 0
3, 0
3, 0
3, 0
3, 0
3, 0
3, 0
3, 0
3, 0
3, 0
3, 0
1, 0xa5d40
0, 0x69d30
0, 0xa5d60
2, 2
3, 0
3, 0
3, 0
3, 0
3, 0
3, 0
3, 0
3, 0
3, 0
3, 0
3, 0
3, 0
3, 0
3, 0
0, 0x69d50
0, 0xa5d80
0, 0x69d70
0, 0xa5da0
0, 0x69d90
0, 0xa5dc0
0, 0x69db0
0, 0xa5de0
1, 0xa5d60
0, 0x69d50
0, 0xa5d80
2, 2
3, 0
3, 0
3, 0
3, 0
3, 0
3, 0
3, 0
3, 0
3, 0
3, 0
3, 0
3, 0
3, 0
3, 0
1, 0xa5d80
0, 0x69d70
0, 0xa5da0
2, 2
3, 0
3, 0
3, 0
3, 0
3, 0
3, 0
3, 0
3, 0
3, 0
3, 0
3, 0
3, 0
3, 0
3, 0
1, 0xa5da0
0, 0x69d90
0, 0xa5dc0
2, 2
3, 0
3, 0
3, 0
3, 0
3, 0
3, 0
3, 0
3, 0
3, 0
3, 0
3, 0
3, 0
3, 0
3, 0
1, 0xa5dc0
0, 0x69db0
0, 0xa5de0
2, 2
3, 0
3, 0
3, 0
3, 0
3, 0
3, 0
3, 0
3, 0
3, 0
3, 0
3, 0
3, 0
3, 0
3, 0
0, 0x69dd0
0, 0xa5e00
0, 0x69df0
0, 0xa5e20
0, 0x69e10
0, 0xa5e40
0, 0x69e30
0, 0xa5e60
1, 0xa5de0
0, 0x69dd0
0, 0xa5e00
2, 2
3, 0
3, 0
3, 0
3, 0
3, 0
3, 0
3, 0
3, 0
3, 0
3, 0
3, 0
3, 0
3, 0
3, 0
1, 0xa5e00
0, 0x69df0
0, 0xa5e20
2, 2
3, 0
3, 0
3, 0
3, 0
3, 0
3, 0
3, 0
3, 0
3, 0
3, 0
3, 0
3, 0
3, 0
3, 0
1, 0xa5e20
0, 0x69e10
0, 0xa5e40
2, 2
3, 0
3, 0
3, 0
3, 0
3, 0
3, 0
3, 0
3, 0
3, 0
3, 0
3, 0
3, 0
3, 0
3, 0
1, 0xa5e40
0, 0x69e30
0, 0xa5e60
2, 2
3, 0
3, 0
3, 0
3, 0
3, 0
3, 0
3, 0
3, 0
3, 0
3, 0
3, 0
3, 0
3, 0
3, 0
0, 0x69e50
0, 0xa5e80
0, 0x69e70
0, 0xa5ea0
0, 0x69e90
0, 0xa5ec0
0, 0x69eb0
0, 0xa5ee0
1, 0xa5e60
0, 0x69e50
0, 0xa5e80
2, 2
3, 0
3, 0
3, 0
3, 0
3, 0
3, 0
3, 0
3, 0
3, 0
3, 0
3, 0
3, 0
3, 0
3, 0
1, 0xa5e80
0, 0x69e70
0, 0xa5ea0
2, 2
3, 0
3, 0
3, 0
3, 0
3, 0
3, 0
3, 0
3, 0
3, 0
3, 0
3, 0
3, 0
3, 0
3, 0
1, 0xa5ea0
0, 0x69e90
0, 0xa5ec0
2, 2
3, 0
3, 0
3, 0
3, 0
3, 0
3, 0
3, 0
3, 0
3, 0
3, 0
3, 0
3, 0
3, 0
3, 0
1, 0xa5ec0
0, 0x69eb0
0, 0xa5ee0
2, 2
3, 0
3, 0
3, 0
3, 0
3, 0
3, 0
3, 0
3, 0
3, 0
3, 0
3, 0
3, 0
3, 0
3, 0
0, 0x69ed0
0, 0xa5f00
0, 0x69ef0
0, 0xa5f20
0, 0x69f10
0, 0xa5f40
0, 0x69f30
0, 0xa5f60
1, 0xa5ee0
0, 0x69ed0
0, 0xa5f00
2, 2
3, 0
3, 0
3, 0
3, 0
3, 0
3, 0
3, 0
3, 0
3, 0
3, 0
3, 0
3, 0
3, 0
3, 0
1, 0xa5f00
0, 0x69ef0
0, 0xa5f20
2, 2
3, 0
3, 0
3, 0
3, 0
3, 0
3, 0
3, 0
3, 0
3, 0
3, 0
3, 0
3, 0
3, 0
3, 0
1, 0xa5f20
0, 0x69f10
0, 0xa5f40
2, 2
3, 0
3, 0
3, 0
3, 0
3, 0
3, 0
3, 0
3, 0
3, 0
3, 0
3, 0
3, 0
3, 0
3, 0
1, 0xa5f40
0, 0x69f30
0, 0xa5f60
2, 2
3, 0
3, 0
3, 0
3, 0
3, 0
3, 0
3, 0
3, 0
3, 0
3, 0
3, 0
3, 0
3, 0
3, 0
0, 0x69f50
0, 0xa5f80
0, 0x69f70
0, 0xa5fa0
0, 0x69f90
0, 0xa5fc0
0, 0x69fb0
0, 0xa5fe0
1, 0xa5f60
0, 0x69f50
0, 0xa5f80
2, 2
3, 0
3, 0
3, 0
3, 0
3, 0
3, 0
3, 0
3, 0
3, 0
3, 0
3, 0
3, 0
3, 0
3, 0
1, 0xa5f80
0, 0x69f70
0, 0xa5fa0
2, 2
3, 0
3, 0
3, 0
3, 0
3, 0
3, 0
3, 0
3, 0
3, 0
3, 0
3, 0
3, 0
3, 0
3, 0
1, 0xa5fa0
0, 0x69f90
0, 0xa5fc0
2, 2
3, 0
3, 0
3, 0
3, 0
3, 0
3, 0
3, 0
3, 0
3, 0
3, 0
3, 0
3, 0
3, 0
3, 0
1, 0xa5fc0
0, 0x69fb0
0, 0xa5fe0
2, 2
3, 0
3, 0
3, 0
3, 0
3, 0
3, 0
3, 0
3, 0
3, 0
3, 0
3, 0
3, 0
3, 0
3, 0
0, 0x69fd0
0, 0xa6000
0, 0x69ff0
0, 0xa6020
0, 0x6a010
0, 0xa6040
0, 0x6a030
0, 0xa6060
1, 0xa5fe0
0, 0x69fd0
0, 0xa6000
2, 2
3, 0
3, 0
3, 0
3, 0
3, 0
3, 0
3, 0
3, 0
3, 0
3, 0
3, 0
3, 0
3, 0
3, 0
1, 0xa6000
0, 0x69ff0
0, 0xa6020
2, 2
3, 0
3, 0
3, 0
3, 0
3, 0
3, 0
3, 0
3, 0
3, 0
3, 0
3, 0
3, 0
3, 0
3, 0
1, 0xa6020
0, 0x6a010
0, 0xa6040
2, 2
3, 0
3, 0
3, 0
3, 0
3, 0
3, 0
3, 0
3, 0
3, 0
3, 0
3, 0
3, 0
3, 0
3, 0
1, 0xa6040
0, 0x6a030
0, 0xa6060
2, 2
3, 0
3, 0
3, 0
3, 0
3, 0
3, 0
3, 0
3, 0
3, 0
3, 0
3, 0
3, 0
3, 0
3, 0
0, 0x6a050
0, 0xa6080
0, 0x6a070
0, 0xa60a0
0, 0x6a090
0, 0xa60c0
0, 0x6a0b0
0, 0xa60e0
1, 0xa6060
0, 0x6a050
0, 0xa6080
2, 2
3, 0
3, 0
3, 0
3, 0
3, 0
3, 0
3, 0
3, 0
3, 0
3, 0
3, 0
3, 0
3, 0
3, 0
1, 0xa6080
0, 0x6a070
0, 0xa60a0
2, 2
3, 0
3, 0
3, 0
3, 0
3, 0
3, 0
3, 0
3, 0
3, 0
3, 0
3, 0
3, 0
3, 0
3, 0
1, 0xa60a0
0, 0x6a090
0, 0xa60c0
2, 2
3, 0
3, 0
3, 0
3, 0
3, 0
3, 0
3, 0
3, 0
3, 0
3, 0
3, 0
3, 0
3, 0
3, 0
1, 0xa60c0
0, 0x6a0b0
0, 0xa60e0
2, 2
3, 0
3, 0
3, 0
3, 0
3, 0
3, 0
3, 0
3, 0
3, 0
3, 0
3, 0
3, 0
3, 0
3, 0
0, 0x6a0d0
0, 0xa6100
0, 0x6a0f0
0, 0xa6120
0, 0x6a110
0, 0xa6140
0, 0x6a130
0, 0xa6160
1, 0xa60e0
0, 0x6a0d0
0, 0xa6100
2, 2
3, 0
3, 0
3, 0
3, 0
3, 0
3, 0
3, 0
3, 0
3, 0
3, 0
3, 0
3, 0
3, 0
3, 0
1, 0xa6100
0, 0x6a0f0
0, 0xa6120
2, 2
3, 0
3, 0
3, 0
3, 0
3, 0
3, 0
3, 0
3, 0
3, 0
3, 0
3, 0
3, 0
3, 0
3, 0
1, 0xa6120
0, 0x6a110
0, 0xa6140
2, 2
3, 0
3, 0
3, 0
3, 0
3, 0
3, 0
3, 0
3, 0
3, 0
3, 0
3, 0
3, 0
3, 0
3, 0
1, 0xa6140
0, 0x6a130
0, 0xa6160
2, 2
3, 0
3, 0
3, 0
3, 0
3, 0
3, 0
3, 0
3, 0
3, 0
3, 0
3, 0
3, 0
3, 0
3, 0
0, 0x6a150
0, 0xa6180
0, 0x6a170
0, 0xa61a0
0, 0x6a190
0, 0xa61c0
0, 0x6a1b0
0, 0xa61e0
1, 0xa6160
0, 0x6a150
0, 0xa6180
2, 2
3, 0
3, 0
3, 0
3, 0
3, 0
3, 0
3, 0
3, 0
3, 0
3, 0
3, 0
3, 0
3, 0
3, 0
1, 0xa6180
0, 0x6a170
0, 0xa61a0
2, 2
3, 0
3, 0
3, 0
3, 0
3, 0
3, 0
3, 0
3, 0
3, 0
3, 0
3, 0
3, 0
3, 0
3, 0
1, 0xa61a0
0, 0x6a190
0, 0xa61c0
2, 2
3, 0
3, 0
3, 0
3, 0
3, 0
3, 0
3, 0
3, 0
3, 0
3, 0
3, 0
3, 0
3, 0
3, 0
1, 0xa61c0
0, 0x6a1b0
0, 0xa61e0
2, 2
3, 0
3, 0
3, 0
3, 0
3, 0
3, 0
3, 0
3, 0
3, 0
3, 0
3, 0
3, 0
3, 0
3, 0
0, 0x6a1d0
0, 0xa6200
0, 0x6a1f0
0, 0xa6220
0, 0x6a210
0, 0xa6240
0, 0x6a230
0, 0xa6260
1, 0xa61e0
0, 0x6a1d0
0, 0xa6200
2, 2
3, 0
3, 0
3, 0
3, 0
3, 0
3, 0
3, 0
3, 0
3, 0
3, 0
3, 0
3, 0
3, 0
3, 0
1, 0xa6200
0, 0x6a1f0
0, 0xa6220
2, 2
3, 0
3, 0
3, 0
3, 0
3, 0
3, 0
3, 0
3, 0
3, 0
3, 0
3, 0
3, 0
3, 0
3, 0
1, 0xa6220
0, 0x6a210
0, 0xa6240
2, 2
3, 0
3, 0
3, 0
3, 0
3, 0
3, 0
3, 0
3, 0
3, 0
3, 0
3, 0
3, 0
3, 0
3, 0
1, 0xa6240
0, 0x6a230
0, 0xa6260
2, 2
3, 0
3, 0
3, 0
3, 0
3, 0
3, 0
3, 0
3, 0
3, 0
3, 0
3, 0
3, 0
3, 0
3, 0
0, 0x6a250
0, 0xa6280
0, 0x6a270
0, 0xa62a0
0, 0x6a290
0, 0xa62c0
0, 0x6a2b0
0, 0xa62e0
1, 0xa6260
0, 0x6a250
0, 0xa6280
2, 2
3, 0
3, 0
3, 0
3, 0
3, 0
3, 0
3, 0
3, 0
3, 0
3, 0
3, 0
3, 0
3, 0
3, 0
1, 0xa6280
0, 0x6a270
0, 0xa62a0
2, 2
3, 0
3, 0
3, 0
3, 0
3, 0
3, 0
3, 0
3, 0
3, 0
3, 0
3, 0
3, 0
3, 0
3, 0
1, 0xa62a0
0, 0x6a290
0, 0xa62c0
2, 2
3, 0
3, 0
3, 0
3, 0
3, 0
3, 0
3, 0
3, 0
3, 0
3, 0
3, 0
3, 0
3, 0
3, 0
1, 0xa62c0
0, 0x6a2b0
0, 0xa62e0
2, 2
3, 0
3, 0
3, 0
3, 0
3, 0
3, 0
3, 0
3, 0
3, 0
3, 0
3, 0
3, 0
3, 0
3, 0
0, 0x6a2d0
0, 0xa6300
0, 0x6a2f0
0, 0xa6320
0, 0x6a310
0, 0xa6340
0, 0x6a330
0, 0xa6360
1, 0xa62e0
0, 0x6a2d0
0, 0xa6300
2, 2
3, 0
3, 0
3, 0
3, 0
3, 0
3, 0
3, 0
3, 0
3, 0
3, 0
3, 0
3, 0
3, 0
3, 0
1, 0xa6300
0, 0x6a2f0
0, 0xa6320
2, 2
3, 0
3, 0
3, 0
3, 0
3, 0
3, 0
3, 0
3, 0
3, 0
3, 0
3, 0
3, 0
3, 0
3, 0
1, 0xa6320
0, 0x6a310
0, 0xa6340
2, 2
3, 0
3, 0
3, 0
3, 0
3, 0
3, 0
3, 0
3, 0
3, 0
3, 0
3, 0
3, 0
3, 0
3, 0
1, 0xa6340
0, 0x6a330
0, 0xa6360
2, 2
3, 0
3, 0
3, 0
3, 0
3, 0
3, 0
3, 0
3, 0
3, 0
3, 0
3, 0
3, 0
3, 0
3, 0
0, 0x6a350
0, 0xa6380
0, 0x6a370
0, 0xa63a0
0, 0x6a390
0, 0xa63c0
0, 0x6a3b0
0, 0xa63e0
1, 0xa6360
0, 0x6a350
0, 0xa6380
2, 2
3, 0
3, 0
3, 0
3, 0
3, 0
3, 0
3, 0
3, 0
3, 0
3, 0
3, 0
3, 0
3, 0
3, 0
1, 0xa6380
0, 0x6a370
0, 0xa63a0
2, 2
3, 0
3, 0
3, 0
3, 0
3, 0
3, 0
3, 0
3, 0
3, 0
3, 0
3, 0
3, 0
3, 0
3, 0
1, 0xa63a0
0, 0x6a390
0, 0xa63c0
2, 2
3, 0
3, 0
3, 0
3, 0
3, 0
3, 0
3, 0
3, 0
3, 0
3, 0
3, 0
3, 0
3, 0
3, 0
1, 0xa63c0
0, 0x6a3b0
0, 0xa63e0
2, 2
3, 0
3, 0
3, 0
3, 0
3, 0
3, 0
3, 0
3, 0
3, 0
3, 0
3, 0
3, 0
3, 0
3, 0
0, 0x6a3d0
0, 0xa6400
0, 0x6a3f0
0, 0xa6420
0, 0x6a410
0, 0xa6440
0, 0x6a430
0, 0xa6460
1, 0xa63e0
0, 0x6a3d0
0, 0xa6400
2, 2
3, 0
3, 0
3, 0
3, 0
3, 0
3, 0
3, 0
3, 0
3, 0
3, 0
3, 0
3, 0
3, 0
3, 0
1, 0xa6400
0, 0x6a3f0
0, 0xa6420
2, 2
3, 0
3, 0
3, 0
3, 0
3, 0
3, 0
3, 0
3, 0
3, 0
3, 0
3, 0
3, 0
3, 0
3, 0
1, 0xa6420
0, 0x6a410
0, 0xa6440
2, 2
3, 0
3, 0
3, 0
3, 0
3, 0
3, 0
3, 0
3, 0
3, 0
3, 0
3, 0
3, 0
3, 0
3, 0
1, 0xa6440
0, 0x6a430
0, 0xa6460
2, 2
3, 0
3, 0
3, 0
3, 0
3, 0
3, 0
3, 0
3, 0
3, 0
3, 0
3, 0
3, 0
3, 0
3, 0
0, 0x6a450
0, 0xa6480
0, 0x6a470
0, 0xa64a0
0, 0x6a490
0, 0xa64c0
0, 0x6a4b0
0, 0xa64e0
1, 0xa6460
0, 0x6a450
0, 0xa6480
2, 2
3, 0
3, 0
3, 0
3, 0
3, 0
3, 0
3, 0
3, 0
3, 0
3, 0
3, 0
3, 0
3, 0
3, 0
1, 0xa6480
0, 0x6a470
0, 0xa64a0
2, 2
3, 0
3, 0
3, 0
3, 0
3, 0
3, 0
3, 0
3, 0
3, 0
3, 0
3, 0
3, 0
3, 0
3, 0
1, 0xa64a0
0, 0x6a490
0, 0xa64c0
2, 2
3, 0
3, 0
3, 0
3, 0
3, 0
3, 0
3, 0
3, 0
3, 0
3, 0
3, 0
3, 0
3, 0
3, 0
1, 0xa64c0
0, 0x6a4b0
0, 0xa64e0
2, 2
3, 0
3, 0
3, 0
3, 0
3, 0
3, 0
3, 0
3, 0
3, 0
3, 0
3, 0
3, 0
3, 0
3, 0
0, 0x6a4d0
0, 0xa6500
0, 0x6a4f0
0, 0xa6520
0, 0x6a510
0, 0xa6540
0, 0x6a530
0, 0xa6560
1, 0xa64e0
0, 0x6a4d0
0, 0xa6500
2, 2
3, 0
3, 0
3, 0
3, 0
3, 0
3, 0
3, 0
3, 0
3, 0
3, 0
3, 0
3, 0
3, 0
3, 0
1, 0xa6500
0, 0x6a4f0
0, 0xa6520
2, 2
3, 0
3, 0
3, 0
3, 0
3, 0
3, 0
3, 0
3, 0
3, 0
3, 0
3, 0
3, 0
3, 0
3, 0
1, 0xa6520
0, 0x6a510
0, 0xa6540
2, 2
3, 0
3, 0
3, 0
3, 0
3, 0
3, 0
3, 0
3, 0
3, 0
3, 0
3, 0
3, 0
3, 0
3, 0
1, 0xa6540
0, 0x6a530
0, 0xa6560
2, 2
3, 0
3, 0
3, 0
3, 0
3, 0
3, 0
3, 0
3, 0
3, 0
3, 0
3, 0
3, 0
3, 0
3, 0
0, 0x6a550
0, 0xa6580
0, 0x6a570
0, 0xa65a0
0, 0x6a590
0, 0xa65c0
0, 0x6a5b0
0, 0xa65e0
1, 0xa6560
0, 0x6a550
0, 0xa6580
2, 2
3, 0
3, 0
3, 0
3, 0
3, 0
3, 0
3, 0
3, 0
3, 0
3, 0
3, 0
3, 0
3, 0
3, 0
1, 0xa6580
0, 0x6a570
0, 0xa65a0
2, 2
3, 0
3, 0
3, 0
3, 0
3, 0
3, 0
3, 0
3, 0
3, 0
3, 0
3, 0
3, 0
3, 0
3, 0
1, 0xa65a0
0, 0x6a590
0, 0xa65c0
2, 2
3, 0
3, 0
3, 0
3, 0
3, 0
3, 0
3, 0
3, 0
3, 0
3, 0
3, 0
3, 0
3, 0
3, 0
1, 0xa65c0
0, 0x6a5b0
0, 0xa65e0
2, 2
3, 0
3, 0
3, 0
3, 0
3, 0
3, 0
3, 0
3, 0
3, 0
3, 0
3, 0
3, 0
3, 0
3, 0
0, 0x6a5d0
0, 0xa6600
0, 0x6a5f0
0, 0xa6620
0, 0x6a610
0, 0xa6640
0, 0x6a630
0, 0xa6660
1, 0xa65e0
0, 0x6a5d0
0, 0xa6600
2, 2
3, 0
3, 0
3, 0
3, 0
3, 0
3, 0
3, 0
3, 0
3, 0
3, 0
3, 0
3, 0
3, 0
3, 0
1, 0xa6600
0, 0x6a5f0
0, 0xa6620
2, 2
3, 0
3, 0
3, 0
3, 0
3, 0
3, 0
3, 0
3, 0
3, 0
3, 0
3, 0
3, 0
3, 0
3, 0
1, 0xa6620
0, 0x6a610
0, 0xa6640
2, 2
3, 0
3, 0
3, 0
3, 0
3, 0
3, 0
3, 0
3, 0
3, 0
3, 0
3, 0
3, 0
3, 0
3, 0
1, 0xa6640
0, 0x6a630
0, 0xa6660
2, 2
3, 0
3, 0
3, 0
3, 0
3, 0
3, 0
3, 0
3, 0
3, 0
3, 0
3, 0
3, 0
3, 0
3, 0
0, 0x6a650
0, 0xa6680
0, 0x6a670
0, 0xa66a0
0, 0x6a690
0, 0xa66c0
0, 0x6a6b0
0, 0xa66e0
1, 0xa6660
0, 0x6a650
0, 0xa6680
2, 2
3, 0
3, 0
3, 0
3, 0
3, 0
3, 0
3, 0
3, 0
3, 0
3, 0
3, 0
3, 0
3, 0
3, 0
1, 0xa6680
0, 0x6a670
0, 0xa66a0
2, 2
3, 0
3, 0
3, 0
3, 0
3, 0
3, 0
3, 0
3, 0
3, 0
3, 0
3, 0
3, 0
3, 0
3, 0
1, 0xa66a0
0, 0x6a690
0, 0xa66c0
2, 2
3, 0
3, 0
3, 0
3, 0
3, 0
3, 0
3, 0
3, 0
3, 0
3, 0
3, 0
3, 0
3, 0
3, 0
1, 0xa66c0
0, 0x6a6b0
0, 0xa66e0
2, 2
3, 0
3, 0
3, 0
3, 0
3, 0
3, 0
3, 0
3, 0
3, 0
3, 0
3, 0
3, 0
3, 0
3, 0
0, 0x6a6d0
0, 0xa6700
0, 0x6a6f0
0, 0xa6720
0, 0x6a710
0, 0xa6740
0, 0x6a730
0, 0xa6760
1, 0xa66e0
0, 0x6a6d0
0, 0xa6700
2, 2
3, 0
3, 0
3, 0
3, 0
3, 0
3, 0
3, 0
3, 0
3, 0
3, 0
3, 0
3, 0
3, 0
3, 0
1, 0xa6700
0, 0x6a6f0
0, 0xa6720
2, 2
3, 0
3, 0
3, 0
3, 0
3, 0
3, 0
3, 0
3, 0
3, 0
3, 0
3, 0
3, 0
3, 0
3, 0
1, 0xa6720
0, 0x6a710
0, 0xa6740
2, 2
3, 0
3, 0
3, 0
3, 0
3, 0
3, 0
3, 0
3, 0
3, 0
3, 0
3, 0
3, 0
3, 0
3, 0
1, 0xa6740
0, 0x6a730
0, 0xa6760
2, 2
3, 0
3, 0
3, 0
3, 0
3, 0
3, 0
3, 0
3, 0
3, 0
3, 0
3, 0
3, 0
3, 0
3, 0
0, 0x6a750
0, 0xa6780
0, 0x6a770
0, 0xa67a0
0, 0x6a790
0, 0xa67c0
0, 0x6a7b0
0, 0xa67e0
1, 0xa6760
0, 0x6a750
0, 0xa6780
2, 2
3, 0
3, 0
3, 0
3, 0
3, 0
3, 0
3, 0
3, 0
3, 0
3, 0
3, 0
3, 0
3, 0
3, 0
1, 0xa6780
0, 0x6a770
0, 0xa67a0
2, 2
3, 0
3, 0
3, 0
3, 0
3, 0
3, 0
3, 0
3, 0
3, 0
3, 0
3, 0
3, 0
3, 0
3, 0
1, 0xa67a0
0, 0x6a790
0, 0xa67c0
2, 2
3, 0
3, 0
3, 0
3, 0
3, 0
3, 0
3, 0
3, 0
3, 0
3, 0
3, 0
3, 0
3, 0
3, 0
1, 0xa67c0
0, 0x6a7b0
0, 0xa67e0
2, 2
3, 0
3, 0
3, 0
3, 0
3, 0
3, 0
3, 0
3, 0
3, 0
3, 0
3, 0
3, 0
3, 0
3, 0
0, 0x6a7d0
0, 0xa6800
0, 0x6a7f0
0, 0xa6820
0, 0x6a810
0, 0xa6840
0, 0x6a830
0, 0xa6860
1, 0xa67e0
0, 0x6a7d0
0, 0xa6800
2, 2
3, 0
3, 0
3, 0
3, 0
3, 0
3, 0
3, 0
3, 0
3, 0
3, 0
3, 0
3, 0
3, 0
3, 0
1, 0xa6800
0, 0x6a7f0
0, 0xa6820
2, 2
3, 0
3, 0
3, 0
3, 0
3, 0
3, 0
3, 0
3, 0
3, 0
3, 0
3, 0
3, 0
3, 0
3, 0
1, 0xa6820
0, 0x6a810
0, 0xa6840
2, 2
3, 0
3, 0
3, 0
3, 0
3, 0
3, 0
3, 0
3, 0
3, 0
3, 0
3, 0
3, 0
3, 0
3, 0
1, 0xa6840
0, 0x6a830
0, 0xa6860
2, 2
3, 0
3, 0
3, 0
3, 0
3, 0
3, 0
3, 0
3, 0
3, 0
3, 0
3, 0
3, 0
3, 0
3, 0
0, 0x6a850
0, 0xa6880
0, 0x6a870
0, 0xa68a0
0, 0x6a890
0, 0xa68c0
0, 0x6a8b0
0, 0xa68e0
1, 0xa6860
0, 0x6a850
0, 0xa6880
2, 2
3, 0
3, 0
3, 0
3, 0
3, 0
3, 0
3, 0
3, 0
3, 0
3, 0
3, 0
3, 0
3, 0
3, 0
1, 0xa6880
0, 0x6a870
0, 0xa68a0
2, 2
3, 0
3, 0
3, 0
3, 0
3, 0
3, 0
3, 0
3, 0
3, 0
3, 0
3, 0
3, 0
3, 0
3, 0
1, 0xa68a0
0, 0x6a890
0, 0xa68c0
2, 2
3, 0
3, 0
3, 0
3, 0
3, 0
3, 0
3, 0
3, 0
3, 0
3, 0
3, 0
3, 0
3, 0
3, 0
1, 0xa68c0
0, 0x6a8b0
0, 0xa68e0
2, 2
3, 0
3, 0
3, 0
3, 0
3, 0
3, 0
3, 0
3, 0
3, 0
3, 0
3, 0
3, 0
3, 0
3, 0
0, 0x6a8d0
0, 0xa6900
0, 0x6a8f0
0, 0xa6920
0, 0x6a910
0, 0xa6940
0, 0x6a930
0, 0xa6960
1, 0xa68e0
0, 0x6a8d0
0, 0xa6900
2, 2
3, 0
3, 0
3, 0
3, 0
3, 0
3, 0
3, 0
3, 0
3, 0
3, 0
3, 0
3, 0
3, 0
3, 0
1, 0xa6900
0, 0x6a8f0
0, 0xa6920
2, 2
3, 0
3, 0
3, 0
3, 0
3, 0
3, 0
3, 0
3, 0
3, 0
3, 0
3, 0
3, 0
3, 0
3, 0
1, 0xa6920
0, 0x6a910
0, 0xa6940
2, 2
3, 0
3, 0
3, 0
3, 0
3, 0
3, 0
3, 0
3, 0
3, 0
3, 0
3, 0
3, 0
3, 0
3, 0
1, 0xa6940
0, 0x6a930
0, 0xa6960
2, 2
3, 0
3, 0
3, 0
3, 0
3, 0
3, 0
3, 0
3, 0
3, 0
3, 0
3, 0
3, 0
3, 0
3, 0
0, 0x6a950
0, 0xa6980
0, 0x6a970
0, 0xa69a0
0, 0x6a990
0, 0xa69c0
0, 0x6a9b0
0, 0xa69e0
1, 0xa6960
0, 0x6a950
0, 0xa6980
2, 2
3, 0
3, 0
3, 0
3, 0
3, 0
3, 0
3, 0
3, 0
3, 0
3, 0
3, 0
3, 0
3, 0
3, 0
1, 0xa6980
0, 0x6a970
0, 0xa69a0
2, 2
3, 0
3, 0
3, 0
3, 0
3, 0
3, 0
3, 0
3, 0
3, 0
3, 0
3, 0
3, 0
3, 0
3, 0
1, 0xa69a0
0, 0x6a990
0, 0xa69c0
2, 2
3, 0
3, 0
3, 0
3, 0
3, 0
3, 0
3, 0
3, 0
3, 0
3, 0
3, 0
3, 0
3, 0
3, 0
1, 0xa69c0
0, 0x6a9b0
0, 0xa69e0
2, 2
3, 0
3, 0
3, 0
3, 0
3, 0
3, 0
3, 0
3, 0
3, 0
3, 0
3, 0
3, 0
3, 0
3, 0
0, 0x6a9d0
0, 0xa6a00
0, 0x6a9f0
0, 0xa6a20
0, 0x6aa10
0, 0xa6a40
0, 0x6aa30
0, 0xa6a60
1, 0xa69e0
0, 0x6a9d0
0, 0xa6a00
2, 2
3, 0
3, 0
3, 0
3, 0
3, 0
3, 0
3, 0
3, 0
3, 0
3, 0
3, 0
3, 0
3, 0
3, 0
1, 0xa6a00
0, 0x6a9f0
0, 0xa6a20
2, 2
3, 0
3, 0
3, 0
3, 0
3, 0
3, 0
3, 0
3, 0
3, 0
3, 0
3, 0
3, 0
3, 0
3, 0
1, 0xa6a20
0, 0x6aa10
0, 0xa6a40
2, 2
3, 0
3, 0
3, 0
3, 0
3, 0
3, 0
3, 0
3, 0
3, 0
3, 0
3, 0
3, 0
3, 0
3, 0
1, 0xa6a40
0, 0x6aa30
0, 0xa6a60
2, 2
3, 0
3, 0
3, 0
3, 0
3, 0
3, 0
3, 0
3, 0
3, 0
3, 0
3, 0
3, 0
3, 0
3, 0
0, 0x6aa50
0, 0xa6a80
0, 0x6aa70
0, 0xa6aa0
0, 0x6aa90
0, 0xa6ac0
0, 0x6aab0
0, 0xa6ae0
1, 0xa6a60
0, 0x6aa50
0, 0xa6a80
2, 2
3, 0
3, 0
3, 0
3, 0
3, 0
3, 0
3, 0
3, 0
3, 0
3, 0
3, 0
3, 0
3, 0
3, 0
1, 0xa6a80
0, 0x6aa70
0, 0xa6aa0
2, 2
3, 0
3, 0
3, 0
3, 0
3, 0
3, 0
3, 0
3, 0
3, 0
3, 0
3, 0
3, 0
3, 0
3, 0
1, 0xa6aa0
0, 0x6aa90
0, 0xa6ac0
2, 2
3, 0
3, 0
3, 0
3, 0
3, 0
3, 0
3, 0
3, 0
3, 0
3, 0
3, 0
3, 0
3, 0
3, 0
1, 0xa6ac0
0, 0x6aab0
0, 0xa6ae0
2, 2
3, 0
3, 0
3, 0
3, 0
3, 0
3, 0
3, 0
3, 0
3, 0
3, 0
3, 0
3, 0
3, 0
3, 0
0, 0x6aad0
0, 0xa6b00
0, 0x6aaf0
0, 0xa6b20
0, 0x6ab10
0, 0xa6b40
0, 0x6ab30
0, 0xa6b60
1, 0xa6ae0
0, 0x6aad0
0, 0xa6b00
2, 2
3, 0
3, 0
3, 0
3, 0
3, 0
3, 0
3, 0
3, 0
3, 0
3, 0
3, 0
3, 0
3, 0
3, 0
1, 0xa6b00
0, 0x6aaf0
0, 0xa6b20
2, 2
3, 0
3, 0
3, 0
3, 0
3, 0
3, 0
3, 0
3, 0
3, 0
3, 0
3, 0
3, 0
3, 0
3, 0
1, 0xa6b20
0, 0x6ab10
0, 0xa6b40
2, 2
3, 0
3, 0
3, 0
3, 0
3, 0
3, 0
3, 0
3, 0
3, 0
3, 0
3, 0
3, 0
3, 0
3, 0
1, 0xa6b40
0, 0x6ab30
0, 0xa6b60
2, 2
3, 0
3, 0
3, 0
3, 0
3, 0
3, 0
3, 0
3, 0
3, 0
3, 0
3, 0
3, 0
3, 0
3, 0
0, 0x6ab50
0, 0xa6b80
0, 0x6ab70
0, 0xa6ba0
0, 0x6ab90
0, 0xa6bc0
0, 0x6abb0
0, 0xa6be0
1, 0xa6b60
0, 0x6ab50
0, 0xa6b80
2, 2
3, 0
3, 0
3, 0
3, 0
3, 0
3, 0
3, 0
3, 0
3, 0
3, 0
3, 0
3, 0
3, 0
3, 0
1, 0xa6b80
0, 0x6ab70
0, 0xa6ba0
2, 2
3, 0
3, 0
3, 0
3, 0
3, 0
3, 0
3, 0
3, 0
3, 0
3, 0
3, 0
3, 0
3, 0
3, 0
1, 0xa6ba0
0, 0x6ab90
0, 0xa6bc0
2, 2
3, 0
3, 0
3, 0
3, 0
3, 0
3, 0
3, 0
3, 0
3, 0
3, 0
3, 0
3, 0
3, 0
3, 0
1, 0xa6bc0
0, 0x6abb0
0, 0xa6be0
2, 2
3, 0
3, 0
3, 0
3, 0
3, 0
3, 0
3, 0
3, 0
3, 0
3, 0
3, 0
3, 0
3, 0
3, 0
0, 0x6abd0
0, 0xa6c00
0, 0x6abf0
0, 0xa6c20
0, 0x6ac10
0, 0xa6c40
0, 0x6ac30
0, 0xa6c60
1, 0xa6be0
0, 0x6abd0
0, 0xa6c00
2, 2
3, 0
3, 0
3, 0
3, 0
3, 0
3, 0
3, 0
3, 0
3, 0
3, 0
3, 0
3, 0
3, 0
3, 0
1, 0xa6c00
0, 0x6abf0
0, 0xa6c20
2, 2
3, 0
3, 0
3, 0
3, 0
3, 0
3, 0
3, 0
3, 0
3, 0
3, 0
3, 0
3, 0
3, 0
3, 0
1, 0xa6c20
0, 0x6ac10
0, 0xa6c40
2, 2
3, 0
3, 0
3, 0
3, 0
3, 0
3, 0
3, 0
3, 0
3, 0
3, 0
3, 0
3, 0
3, 0
3, 0
1, 0xa6c40
0, 0x6ac30
0, 0xa6c60
2, 2
3, 0
3, 0
3, 0
3, 0
3, 0
3, 0
3, 0
3, 0
3, 0
3, 0
3, 0
3, 0
3, 0
3, 0
0, 0x6ac50
0, 0xa6c80
0, 0x6ac70
0, 0xa6ca0
0, 0x6ac90
0, 0xa6cc0
0, 0x6acb0
0, 0xa6ce0
1, 0xa6c60
0, 0x6ac50
0, 0xa6c80
2, 2
3, 0
3, 0
3, 0
3, 0
3, 0
3, 0
3, 0
3, 0
3, 0
3, 0
3, 0
3, 0
3, 0
3, 0
1, 0xa6c80
0, 0x6ac70
0, 0xa6ca0
2, 2
3, 0
3, 0
3, 0
3, 0
3, 0
3, 0
3, 0
3, 0
3, 0
3, 0
3, 0
3, 0
3, 0
3, 0
1, 0xa6ca0
0, 0x6ac90
0, 0xa6cc0
2, 2
3, 0
3, 0
3, 0
3, 0
3, 0
3, 0
3, 0
3, 0
3, 0
3, 0
3, 0
3, 0
3, 0
3, 0
1, 0xa6cc0
0, 0x6acb0
0, 0xa6ce0
2, 2
3, 0
3, 0
3, 0
3, 0
3, 0
3, 0
3, 0
3, 0
3, 0
3, 0
3, 0
3, 0
3, 0
3, 0
0, 0x6acd0
0, 0xa6d00
0, 0x6acf0
0, 0xa6d20
0, 0x6ad10
0, 0xa6d40
0, 0x6ad30
0, 0xa6d60
1, 0xa6ce0
0, 0x6acd0
0, 0xa6d00
2, 2
3, 0
3, 0
3, 0
3, 0
3, 0
3, 0
3, 0
3, 0
3, 0
3, 0
3, 0
3, 0
3, 0
3, 0
1, 0xa6d00
0, 0x6acf0
0, 0xa6d20
2, 2
3, 0
3, 0
3, 0
3, 0
3, 0
3, 0
3, 0
3, 0
3, 0
3, 0
3, 0
3, 0
3, 0
3, 0
1, 0xa6d20
0, 0x6ad10
0, 0xa6d40
2, 2
3, 0
3, 0
3, 0
3, 0
3, 0
3, 0
3, 0
3, 0
3, 0
3, 0
3, 0
3, 0
3, 0
3, 0
1, 0xa6d40
0, 0x6ad30
0, 0xa6d60
2, 2
3, 0
3, 0
3, 0
3, 0
3, 0
3, 0
3, 0
3, 0
3, 0
3, 0
3, 0
3, 0
3, 0
3, 0
0, 0x6ad50
0, 0xa6d80
0, 0x6ad70
0, 0xa6da0
0, 0x6ad90
0, 0xa6dc0
0, 0x6adb0
0, 0xa6de0
1, 0xa6d60
0, 0x6ad50
0, 0xa6d80
2, 2
3, 0
3, 0
3, 0
3, 0
3, 0
3, 0
3, 0
3, 0
3, 0
3, 0
3, 0
3, 0
3, 0
3, 0
1, 0xa6d80
0, 0x6ad70
0, 0xa6da0
2, 2
3, 0
3, 0
3, 0
3, 0
3, 0
3, 0
3, 0
3, 0
3, 0
3, 0
3, 0
3, 0
3, 0
3, 0
1, 0xa6da0
0, 0x6ad90
0, 0xa6dc0
2, 2
3, 0
3, 0
3, 0
3, 0
3, 0
3, 0
3, 0
3, 0
3, 0
3, 0
3, 0
3, 0
3, 0
3, 0
1, 0xa6dc0
0, 0x6adb0
0, 0xa6de0
2, 2
3, 0
3, 0
3, 0
3, 0
3, 0
3, 0
3, 0
3, 0
3, 0
3, 0
3, 0
3, 0
3, 0
3, 0
0, 0x6add0
0, 0xa6e00
0, 0x6adf0
0, 0xa6e20
0, 0x6ae10
0, 0xa6e40
0, 0x6ae30
0, 0xa6e60
1, 0xa6de0
0, 0x6add0
0, 0xa6e00
2, 2
3, 0
3, 0
3, 0
3, 0
3, 0
3, 0
3, 0
3, 0
3, 0
3, 0
3, 0
3, 0
3, 0
3, 0
1, 0xa6e00
0, 0x6adf0
0, 0xa6e20
2, 2
3, 0
3, 0
3, 0
3, 0
3, 0
3, 0
3, 0
3, 0
3, 0
3, 0
3, 0
3, 0
3, 0
3, 0
1, 0xa6e20
0, 0x6ae10
0, 0xa6e40
2, 2
3, 0
3, 0
3, 0
3, 0
3, 0
3, 0
3, 0
3, 0
3, 0
3, 0
3, 0
3, 0
3, 0
3, 0
1, 0xa6e40
0, 0x6ae30
0, 0xa6e60
2, 2
3, 0
3, 0
3, 0
3, 0
3, 0
3, 0
3, 0
3, 0
3, 0
3, 0
3, 0
3, 0
3, 0
3, 0
0, 0x6ae50
0, 0xa6e80
0, 0x6ae70
0, 0xa6ea0
0, 0x6ae90
0, 0xa6ec0
0, 0x6aeb0
0, 0xa6ee0
1, 0xa6e60
0, 0x6ae50
0, 0xa6e80
2, 2
3, 0
3, 0
3, 0
3, 0
3, 0
3, 0
3, 0
3, 0
3, 0
3, 0
3, 0
3, 0
3, 0
3, 0
1, 0xa6e80
0, 0x6ae70
0, 0xa6ea0
2, 2
3, 0
3, 0
3, 0
3, 0
3, 0
3, 0
3, 0
3, 0
3, 0
3, 0
3, 0
3, 0
3, 0
3, 0
1, 0xa6ea0
0, 0x6ae90
0, 0xa6ec0
2, 2
3, 0
3, 0
3, 0
3, 0
3, 0
3, 0
3, 0
3, 0
3, 0
3, 0
3, 0
3, 0
3, 0
3, 0
1, 0xa6ec0
0, 0x6aeb0
0, 0xa6ee0
2, 2
3, 0
3, 0
3, 0
3, 0
3, 0
3, 0
3, 0
3, 0
3, 0
3, 0
3, 0
3, 0
3, 0
3, 0
0, 0x6aed0
0, 0xa6f00
0, 0x6aef0
0, 0xa6f20
0, 0x6af10
0, 0xa6f40
0, 0x6af30
0, 0xa6f60
1, 0xa6ee0
0, 0x6aed0
0, 0xa6f00
2, 2
3, 0
3, 0
3, 0
3, 0
3, 0
3, 0
3, 0
3, 0
3, 0
3, 0
3, 0
3, 0
3, 0
3, 0
1, 0xa6f00
0, 0x6aef0
0, 0xa6f20
2, 2
3, 0
3, 0
3, 0
3, 0
3, 0
3, 0
3, 0
3, 0
3, 0
3, 0
3, 0
3, 0
3, 0
3, 0
1, 0xa6f20
0, 0x6af10
0, 0xa6f40
2, 2
3, 0
3, 0
3, 0
3, 0
3, 0
3, 0
3, 0
3, 0
3, 0
3, 0
3, 0
3, 0
3, 0
3, 0
1, 0xa6f40
0, 0x6af30
0, 0xa6f60
2, 2
3, 0
3, 0
3, 0
3, 0
3, 0
3, 0
3, 0
3, 0
3, 0
3, 0
3, 0
3, 0
3, 0
3, 0
0, 0x6af50
0, 0xa6f80
0, 0x6af70
0, 0xa6fa0
0, 0x6af90
0, 0xa6fc0
0, 0x6afb0
0, 0xa6fe0
1, 0xa6f60
0, 0x6af50
0, 0xa6f80
2, 2
3, 0
3, 0
3, 0
3, 0
3, 0
3, 0
3, 0
3, 0
3, 0
3, 0
3, 0
3, 0
3, 0
3, 0
1, 0xa6f80
0, 0x6af70
0, 0xa6fa0
2, 2
3, 0
3, 0
3, 0
3, 0
3, 0
3, 0
3, 0
3, 0
3, 0
3, 0
3, 0
3, 0
3, 0
3, 0
1, 0xa6fa0
0, 0x6af90
0, 0xa6fc0
2, 2
3, 0
3, 0
3, 0
3, 0
3, 0
3, 0
3, 0
3, 0
3, 0
3, 0
3, 0
3, 0
3, 0
3, 0
1, 0xa6fc0
0, 0x6afb0
0, 0xa6fe0
2, 2
3, 0
3, 0
3, 0
3, 0
3, 0
3, 0
3, 0
3, 0
3, 0
3, 0
3, 0
3, 0
3, 0
3, 0
0, 0x6afd0
0, 0xa7000
0, 0x6aff0
0, 0xa7020
0, 0x6b010
0, 0xa7040
0, 0x6b030
0, 0xa7060
1, 0xa6fe0
0, 0x6afd0
0, 0xa7000
2, 2
3, 0
3, 0
3, 0
3, 0
3, 0
3, 0
3, 0
3, 0
3, 0
3, 0
3, 0
3, 0
3, 0
3, 0
1, 0xa7000
0, 0x6aff0
0, 0xa7020
2, 2
3, 0
3, 0
3, 0
3, 0
3, 0
3, 0
3, 0
3, 0
3, 0
3, 0
3, 0
3, 0
3, 0
3, 0
1, 0xa7020
0, 0x6b010
0, 0xa7040
2, 2
3, 0
3, 0
3, 0
3, 0
3, 0
3, 0
3, 0
3, 0
3, 0
3, 0
3, 0
3, 0
3, 0
3, 0
1, 0xa7040
0, 0x6b030
0, 0xa7060
2, 2
3, 0
3, 0
3, 0
3, 0
3, 0
3, 0
3, 0
3, 0
3, 0
3, 0
3, 0
3, 0
3, 0
3, 0
0, 0x6b050
0, 0xa7080
0, 0x6b070
0, 0xa70a0
0, 0x6b090
0, 0xa70c0
0, 0x6b0b0
0, 0xa70e0
1, 0xa7060
0, 0x6b050
0, 0xa7080
2, 2
3, 0
3, 0
3, 0
3, 0
3, 0
3, 0
3, 0
3, 0
3, 0
3, 0
3, 0
3, 0
3, 0
3, 0
1, 0xa7080
0, 0x6b070
0, 0xa70a0
2, 2
3, 0
3, 0
3, 0
3, 0
3, 0
3, 0
3, 0
3, 0
3, 0
3, 0
3, 0
3, 0
3, 0
3, 0
1, 0xa70a0
0, 0x6b090
0, 0xa70c0
2, 2
3, 0
3, 0
3, 0
3, 0
3, 0
3, 0
3, 0
3, 0
3, 0
3, 0
3, 0
3, 0
3, 0
3, 0
1, 0xa70c0
0, 0x6b0b0
0, 0xa70e0
2, 2
3, 0
3, 0
3, 0
3, 0
3, 0
3, 0
3, 0
3, 0
3, 0
3, 0
3, 0
3, 0
3, 0
3, 0
0, 0x6b0d0
0, 0xa7100
0, 0x6b0f0
0, 0xa7120
0, 0x6b110
0, 0xa7140
0, 0x6b130
0, 0xa7160
1, 0xa70e0
0, 0x6b0d0
0, 0xa7100
2, 2
3, 0
3, 0
3, 0
3, 0
3, 0
3, 0
3, 0
3, 0
3, 0
3, 0
3, 0
3, 0
3, 0
3, 0
1, 0xa7100
0, 0x6b0f0
0, 0xa7120
2, 2
3, 0
3, 0
3, 0
3, 0
3, 0
3, 0
3, 0
3, 0
3, 0
3, 0
3, 0
3, 0
3, 0
3, 0
1, 0xa7120
0, 0x6b110
0, 0xa7140
2, 2
3, 0
3, 0
3, 0
3, 0
3, 0
3, 0
3, 0
3, 0
3, 0
3, 0
3, 0
3, 0
3, 0
3, 0
1, 0xa7140
0, 0x6b130
0, 0xa7160
2, 2
3, 0
3, 0
3, 0
3, 0
3, 0
3, 0
3, 0
3, 0
3, 0
3, 0
3, 0
3, 0
3, 0
3, 0
0, 0x6b150
0, 0xa7180
0, 0x6b170
0, 0xa71a0
0, 0x6b190
0, 0xa71c0
0, 0x6b1b0
0, 0xa71e0
1, 0xa7160
0, 0x6b150
0, 0xa7180
2, 2
3, 0
3, 0
3, 0
3, 0
3, 0
3, 0
3, 0
3, 0
3, 0
3, 0
3, 0
3, 0
3, 0
3, 0
1, 0xa7180
0, 0x6b170
0, 0xa71a0
2, 2
3, 0
3, 0
3, 0
3, 0
3, 0
3, 0
3, 0
3, 0
3, 0
3, 0
3, 0
3, 0
3, 0
3, 0
1, 0xa71a0
0, 0x6b190
0, 0xa71c0
2, 2
3, 0
3, 0
3, 0
3, 0
3, 0
3, 0
3, 0
3, 0
3, 0
3, 0
3, 0
3, 0
3, 0
3, 0
1, 0xa71c0
0, 0x6b1b0
0, 0xa71e0
2, 2
3, 0
3, 0
3, 0
3, 0
3, 0
3, 0
3, 0
3, 0
3, 0
3, 0
3, 0
3, 0
3, 0
3, 0
0, 0x6b1d0
0, 0xa7200
0, 0x6b1f0
0, 0xa7220
0, 0x6b210
0, 0xa7240
0, 0x6b230
0, 0xa7260
1, 0xa71e0
0, 0x6b1d0
0, 0xa7200
2, 2
3, 0
3, 0
3, 0
3, 0
3, 0
3, 0
3, 0
3, 0
3, 0
3, 0
3, 0
3, 0
3, 0
3, 0
1, 0xa7200
0, 0x6b1f0
0, 0xa7220
2, 2
3, 0
3, 0
3, 0
3, 0
3, 0
3, 0
3, 0
3, 0
3, 0
3, 0
3, 0
3, 0
3, 0
3, 0
1, 0xa7220
0, 0x6b210
0, 0xa7240
2, 2
3, 0
3, 0
3, 0
3, 0
3, 0
3, 0
3, 0
3, 0
3, 0
3, 0
3, 0
3, 0
3, 0
3, 0
1, 0xa7240
0, 0x6b230
0, 0xa7260
2, 2
3, 0
3, 0
3, 0
3, 0
3, 0
3, 0
3, 0
3, 0
3, 0
3, 0
3, 0
3, 0
3, 0
3, 0
0, 0x6b250
0, 0xa7280
0, 0x6b270
0, 0xa72a0
0, 0x6b290
0, 0xa72c0
0, 0x6b2b0
0, 0xa72e0
1, 0xa7260
0, 0x6b250
0, 0xa7280
2, 2
3, 0
3, 0
3, 0
3, 0
3, 0
3, 0
3, 0
3, 0
3, 0
3, 0
3, 0
3, 0
3, 0
3, 0
1, 0xa7280
0, 0x6b270
0, 0xa72a0
2, 2
3, 0
3, 0
3, 0
3, 0
3, 0
3, 0
3, 0
3, 0
3, 0
3, 0
3, 0
3, 0
3, 0
3, 0
1, 0xa72a0
0, 0x6b290
0, 0xa72c0
2, 2
3, 0
3, 0
3, 0
3, 0
3, 0
3, 0
3, 0
3, 0
3, 0
3, 0
3, 0
3, 0
3, 0
3, 0
1, 0xa72c0
0, 0x6b2b0
0, 0xa72e0
2, 2
3, 0
3, 0
3, 0
3, 0
3, 0
3, 0
3, 0
3, 0
3, 0
3, 0
3, 0
3, 0
3, 0
3, 0
0, 0x6b2d0
0, 0xa7300
0, 0x6b2f0
0, 0xa7320
0, 0x6b310
0, 0xa7340
0, 0x6b330
0, 0xa7360
1, 0xa72e0
0, 0x6b2d0
0, 0xa7300
2, 2
3, 0
3, 0
3, 0
3, 0
3, 0
3, 0
3, 0
3, 0
3, 0
3, 0
3, 0
3, 0
3, 0
3, 0
1, 0xa7300
0, 0x6b2f0
0, 0xa7320
2, 2
3, 0
3, 0
3, 0
3, 0
3, 0
3, 0
3, 0
3, 0
3, 0
3, 0
3, 0
3, 0
3, 0
3, 0
1, 0xa7320
0, 0x6b310
0, 0xa7340
2, 2
3, 0
3, 0
3, 0
3, 0
3, 0
3, 0
3, 0
3, 0
3, 0
3, 0
3, 0
3, 0
3, 0
3, 0
1, 0xa7340
0, 0x6b330
0, 0xa7360
2, 2
3, 0
3, 0
3, 0
3, 0
3, 0
3, 0
3, 0
3, 0
3, 0
3, 0
3, 0
3, 0
3, 0
3, 0
0, 0x6b350
0, 0xa7380
0, 0x6b370
0, 0xa73a0
0, 0x6b390
0, 0xa73c0
0, 0x6b3b0
0, 0xa73e0
1, 0xa7360
0, 0x6b350
0, 0xa7380
2, 2
3, 0
3, 0
3, 0
3, 0
3, 0
3, 0
3, 0
3, 0
3, 0
3, 0
3, 0
3, 0
3, 0
3, 0
1, 0xa7380
0, 0x6b370
0, 0xa73a0
2, 2
3, 0
3, 0
3, 0
3, 0
3, 0
3, 0
3, 0
3, 0
3, 0
3, 0
3, 0
3, 0
3, 0
3, 0
1, 0xa73a0
0, 0x6b390
0, 0xa73c0
2, 2
3, 0
3, 0
3, 0
3, 0
3, 0
3, 0
3, 0
3, 0
3, 0
3, 0
3, 0
3, 0
3, 0
3, 0
1, 0xa73c0
0, 0x6b3b0
0, 0xa73e0
2, 2
3, 0
3, 0
3, 0
3, 0
3, 0
3, 0
3, 0
3, 0
3, 0
3, 0
3, 0
3, 0
3, 0
3, 0
0, 0x6b3d0
0, 0xa7400
0, 0x6b3f0
0, 0xa7420
0, 0x6b410
0, 0xa7440
0, 0x6b430
0, 0xa7460
1, 0xa73e0
0, 0x6b3d0
0, 0xa7400
2, 2
3, 0
3, 0
3, 0
3, 0
3, 0
3, 0
3, 0
3, 0
3, 0
3, 0
3, 0
3, 0
3, 0
3, 0
1, 0xa7400
0, 0x6b3f0
0, 0xa7420
2, 2
3, 0
3, 0
3, 0
3, 0
3, 0
3, 0
3, 0
3, 0
3, 0
3, 0
3, 0
3, 0
3, 0
3, 0
1, 0xa7420
0, 0x6b410
0, 0xa7440
2, 2
3, 0
3, 0
3, 0
3, 0
3, 0
3, 0
3, 0
3, 0
3, 0
3, 0
3, 0
3, 0
3, 0
3, 0
1, 0xa7440
0, 0x6b430
0, 0xa7460
2, 2
3, 0
3, 0
3, 0
3, 0
3, 0
3, 0
3, 0
3, 0
3, 0
3, 0
3, 0
3, 0
3, 0
3, 0
0, 0x6b450
0, 0xa7480
0, 0x6b470
0, 0xa74a0
0, 0x6b490
0, 0xa74c0
0, 0x6b4b0
0, 0xa74e0
1, 0xa7460
0, 0x6b450
0, 0xa7480
2, 2
3, 0
3, 0
3, 0
3, 0
3, 0
3, 0
3, 0
3, 0
3, 0
3, 0
3, 0
3, 0
3, 0
3, 0
1, 0xa7480
0, 0x6b470
0, 0xa74a0
2, 2
3, 0
3, 0
3, 0
3, 0
3, 0
3, 0
3, 0
3, 0
3, 0
3, 0
3, 0
3, 0
3, 0
3, 0
1, 0xa74a0
0, 0x6b490
0, 0xa74c0
2, 2
3, 0
3, 0
3, 0
3, 0
3, 0
3, 0
3, 0
3, 0
3, 0
3, 0
3, 0
3, 0
3, 0
3, 0
1, 0xa74c0
0, 0x6b4b0
0, 0xa74e0
2, 2
3, 0
3, 0
3, 0
3, 0
3, 0
3, 0
3, 0
3, 0
3, 0
3, 0
3, 0
3, 0
3, 0
3, 0
0, 0x6b4d0
0, 0xa7500
0, 0x6b4f0
0, 0xa7520
0, 0x6b510
0, 0xa7540
0, 0x6b530
0, 0xa7560
1, 0xa74e0
0, 0x6b4d0
0, 0xa7500
2, 2
3, 0
3, 0
3, 0
3, 0
3, 0
3, 0
3, 0
3, 0
3, 0
3, 0
3, 0
3, 0
3, 0
3, 0
1, 0xa7500
0, 0x6b4f0
0, 0xa7520
2, 2
3, 0
3, 0
3, 0
3, 0
3, 0
3, 0
3, 0
3, 0
3, 0
3, 0
3, 0
3, 0
3, 0
3, 0
1, 0xa7520
0, 0x6b510
0, 0xa7540
2, 2
3, 0
3, 0
3, 0
3, 0
3, 0
3, 0
3, 0
3, 0
3, 0
3, 0
3, 0
3, 0
3, 0
3, 0
1, 0xa7540
0, 0x6b530
0, 0xa7560
2, 2
3, 0
3, 0
3, 0
3, 0
3, 0
3, 0
3, 0
3, 0
3, 0
3, 0
3, 0
3, 0
3, 0
3, 0
0, 0x6b550
0, 0xa7580
0, 0x6b570
0, 0xa75a0
0, 0x6b590
0, 0xa75c0
0, 0x6b5b0
0, 0xa75e0
1, 0xa7560
0, 0x6b550
0, 0xa7580
2, 2
3, 0
3, 0
3, 0
3, 0
3, 0
3, 0
3, 0
3, 0
3, 0
3, 0
3, 0
3, 0
3, 0
3, 0
1, 0xa7580
0, 0x6b570
0, 0xa75a0
2, 2
3, 0
3, 0
3, 0
3, 0
3, 0
3, 0
3, 0
3, 0
3, 0
3, 0
3, 0
3, 0
3, 0
3, 0
1, 0xa75a0
0, 0x6b590
0, 0xa75c0
2, 2
3, 0
3, 0
3, 0
3, 0
3, 0
3, 0
3, 0
3, 0
3, 0
3, 0
3, 0
3, 0
3, 0
3, 0
1, 0xa75c0
0, 0x6b5b0
0, 0xa75e0
2, 2
3, 0
3, 0
3, 0
3, 0
3, 0
3, 0
3, 0
3, 0
3, 0
3, 0
3, 0
3, 0
3, 0
3, 0
0, 0x6b5d0
0, 0xa7600
0, 0x6b5f0
0, 0xa7620
0, 0x6b610
0, 0xa7640
0, 0x6b630
0, 0xa7660
1, 0xa75e0
0, 0x6b5d0
0, 0xa7600
2, 2
3, 0
3, 0
3, 0
3, 0
3, 0
3, 0
3, 0
3, 0
3, 0
3, 0
3, 0
3, 0
3, 0
3, 0
1, 0xa7600
0, 0x6b5f0
0, 0xa7620
2, 2
3, 0
3, 0
3, 0
3, 0
3, 0
3, 0
3, 0
3, 0
3, 0
3, 0
3, 0
3, 0
3, 0
3, 0
1, 0xa7620
0, 0x6b610
0, 0xa7640
2, 2
3, 0
3, 0
3, 0
3, 0
3, 0
3, 0
3, 0
3, 0
3, 0
3, 0
3, 0
3, 0
3, 0
3, 0
1, 0xa7640
0, 0x6b630
0, 0xa7660
2, 2
3, 0
3, 0
3, 0
3, 0
3, 0
3, 0
3, 0
3, 0
3, 0
3, 0
3, 0
3, 0
3, 0
3, 0
0, 0x6b650
0, 0xa7680
0, 0x6b670
0, 0xa76a0
0, 0x6b690
0, 0xa76c0
0, 0x6b6b0
0, 0xa76e0
1, 0xa7660
0, 0x6b650
0, 0xa7680
2, 2
3, 0
3, 0
3, 0
3, 0
3, 0
3, 0
3, 0
3, 0
3, 0
3, 0
3, 0
3, 0
3, 0
3, 0
1, 0xa7680
0, 0x6b670
0, 0xa76a0
2, 2
3, 0
3, 0
3, 0
3, 0
3, 0
3, 0
3, 0
3, 0
3, 0
3, 0
3, 0
3, 0
3, 0
3, 0
1, 0xa76a0
0, 0x6b690
0, 0xa76c0
2, 2
3, 0
3, 0
3, 0
3, 0
3, 0
3, 0
3, 0
3, 0
3, 0
3, 0
3, 0
3, 0
3, 0
3, 0
1, 0xa76c0
0, 0x6b6b0
0, 0xa76e0
2, 2
3, 0
3, 0
3, 0
3, 0
3, 0
3, 0
3, 0
3, 0
3, 0
3, 0
3, 0
3, 0
3, 0
3, 0
0, 0x6b6d0
0, 0xa7700
0, 0x6b6f0
0, 0xa7720
0, 0x6b710
0, 0xa7740
0, 0x6b730
0, 0xa7760
1, 0xa76e0
0, 0x6b6d0
0, 0xa7700
2, 2
3, 0
3, 0
3, 0
3, 0
3, 0
3, 0
3, 0
3, 0
3, 0
3, 0
3, 0
3, 0
3, 0
3, 0
1, 0xa7700
0, 0x6b6f0
0, 0xa7720
2, 2
3, 0
3, 0
3, 0
3, 0
3, 0
3, 0
3, 0
3, 0
3, 0
3, 0
3, 0
3, 0
3, 0
3, 0
1, 0xa7720
0, 0x6b710
0, 0xa7740
2, 2
3, 0
3, 0
3, 0
3, 0
3, 0
3, 0
3, 0
3, 0
3, 0
3, 0
3, 0
3, 0
3, 0
3, 0
1, 0xa7740
0, 0x6b730
0, 0xa7760
2, 2
3, 0
3, 0
3, 0
3, 0
3, 0
3, 0
3, 0
3, 0
3, 0
3, 0
3, 0
3, 0
3, 0
3, 0
0, 0x6b750
0, 0xa7780
0, 0x6b770
0, 0xa77a0
0, 0x6b790
0, 0xa77c0
0, 0x6b7b0
0, 0xa77e0
1, 0xa7760
0, 0x6b750
0, 0xa7780
2, 2
3, 0
3, 0
3, 0
3, 0
3, 0
3, 0
3, 0
3, 0
3, 0
3, 0
3, 0
3, 0
3, 0
3, 0
1, 0xa7780
0, 0x6b770
0, 0xa77a0
2, 2
3, 0
3, 0
3, 0
3, 0
3, 0
3, 0
3, 0
3, 0
3, 0
3, 0
3, 0
3, 0
3, 0
3, 0
1, 0xa77a0
0, 0x6b790
0, 0xa77c0
2, 2
3, 0
3, 0
3, 0
3, 0
3, 0
3, 0
3, 0
3, 0
3, 0
3, 0
3, 0
3, 0
3, 0
3, 0
1, 0xa77c0
0, 0x6b7b0
0, 0xa77e0
2, 2
3, 0
3, 0
3, 0
3, 0
3, 0
3, 0
3, 0
3, 0
3, 0
3, 0
3, 0
3, 0
3, 0
3, 0
0, 0x6b7d0
0, 0xa7800
0, 0x6b7f0
0, 0xa7820
0, 0x6b810
0, 0xa7840
0, 0x6b830
0, 0xa7860
1, 0xa77e0
0, 0x6b7d0
0, 0xa7800
2, 2
3, 0
3, 0
3, 0
3, 0
3, 0
3, 0
3, 0
3, 0
3, 0
3, 0
3, 0
3, 0
3, 0
3, 0
1, 0xa7800
0, 0x6b7f0
0, 0xa7820
2, 2
3, 0
3, 0
3, 0
3, 0
3, 0
3, 0
3, 0
3, 0
3, 0
3, 0
3, 0
3, 0
3, 0
3, 0
1, 0xa7820
0, 0x6b810
0, 0xa7840
2, 2
3, 0
3, 0
3, 0
3, 0
3, 0
3, 0
3, 0
3, 0
3, 0
3, 0
3, 0
3, 0
3, 0
3, 0
1, 0xa7840
0, 0x6b830
0, 0xa7860
2, 2
3, 0
3, 0
3, 0
3, 0
3, 0
3, 0
3, 0
3, 0
3, 0
3, 0
3, 0
3, 0
3, 0
3, 0
0, 0x6b850
0, 0xa7880
0, 0x6b870
0, 0xa78a0
0, 0x6b890
0, 0xa78c0
0, 0x6b8b0
0, 0xa78e0
1, 0xa7860
0, 0x6b850
0, 0xa7880
2, 2
3, 0
3, 0
3, 0
3, 0
3, 0
3, 0
3, 0
3, 0
3, 0
3, 0
3, 0
3, 0
3, 0
3, 0
1, 0xa7880
0, 0x6b870
0, 0xa78a0
2, 2
3, 0
3, 0
3, 0
3, 0
3, 0
3, 0
3, 0
3, 0
3, 0
3, 0
3, 0
3, 0
3, 0
3, 0
1, 0xa78a0
0, 0x6b890
0, 0xa78c0
2, 2
3, 0
3, 0
3, 0
3, 0
3, 0
3, 0
3, 0
3, 0
3, 0
3, 0
3, 0
3, 0
3, 0
3, 0
1, 0xa78c0
0, 0x6b8b0
0, 0xa78e0
2, 2
3, 0
3, 0
3, 0
3, 0
3, 0
3, 0
3, 0
3, 0
3, 0
3, 0
3, 0
3, 0
3, 0
3, 0
0, 0x6b8d0
0, 0xa7900
0, 0x6b8f0
0, 0xa7920
0, 0x6b910
0, 0xa7940
0, 0x6b930
0, 0xa7960
1, 0xa78e0
0, 0x6b8d0
0, 0xa7900
2, 2
3, 0
3, 0
3, 0
3, 0
3, 0
3, 0
3, 0
3, 0
3, 0
3, 0
3, 0
3, 0
3, 0
3, 0
1, 0xa7900
0, 0x6b8f0
0, 0xa7920
2, 2
3, 0
3, 0
3, 0
3, 0
3, 0
3, 0
3, 0
3, 0
3, 0
3, 0
3, 0
3, 0
3, 0
3, 0
1, 0xa7920
0, 0x6b910
0, 0xa7940
2, 2
3, 0
3, 0
3, 0
3, 0
3, 0
3, 0
3, 0
3, 0
3, 0
3, 0
3, 0
3, 0
3, 0
3, 0
1, 0xa7940
0, 0x6b930
0, 0xa7960
2, 2
3, 0
3, 0
3, 0
3, 0
3, 0
3, 0
3, 0
3, 0
3, 0
3, 0
3, 0
3, 0
3, 0
3, 0
0, 0x6b950
0, 0xa7980
0, 0x6b970
0, 0xa79a0
0, 0x6b990
0, 0xa79c0
0, 0x6b9b0
0, 0xa79e0
1, 0xa7960
0, 0x6b950
0, 0xa7980
2, 2
3, 0
3, 0
3, 0
3, 0
3, 0
3, 0
3, 0
3, 0
3, 0
3, 0
3, 0
3, 0
3, 0
3, 0
1, 0xa7980
0, 0x6b970
0, 0xa79a0
2, 2
3, 0
3, 0
3, 0
3, 0
3, 0
3, 0
3, 0
3, 0
3, 0
3, 0
3, 0
3, 0
3, 0
3, 0
1, 0xa79a0
0, 0x6b990
0, 0xa79c0
2, 2
3, 0
3, 0
3, 0
3, 0
3, 0
3, 0
3, 0
3, 0
3, 0
3, 0
3, 0
3, 0
3, 0
3, 0
1, 0xa79c0
0, 0x6b9b0
0, 0xa79e0
2, 2
3, 0
3, 0
3, 0
3, 0
3, 0
3, 0
3, 0
3, 0
3, 0
3, 0
3, 0
3, 0
3, 0
3, 0
0, 0x6b9d0
0, 0xa7a00
0, 0x6b9f0
0, 0xa7a20
0, 0x6ba10
0, 0xa7a40
0, 0x6ba30
0, 0xa7a60
1, 0xa79e0
0, 0x6b9d0
0, 0xa7a00
2, 2
3, 0
3, 0
3, 0
3, 0
3, 0
3, 0
3, 0
3, 0
3, 0
3, 0
3, 0
3, 0
3, 0
3, 0
1, 0xa7a00
0, 0x6b9f0
0, 0xa7a20
2, 2
3, 0
3, 0
3, 0
3, 0
3, 0
3, 0
3, 0
3, 0
3, 0
3, 0
3, 0
3, 0
3, 0
3, 0
1, 0xa7a20
0, 0x6ba10
0, 0xa7a40
2, 2
3, 0
3, 0
3, 0
3, 0
3, 0
3, 0
3, 0
3, 0
3, 0
3, 0
3, 0
3, 0
3, 0
3, 0
1, 0xa7a40
0, 0x6ba30
0, 0xa7a60
2, 2
3, 0
3, 0
3, 0
3, 0
3, 0
3, 0
3, 0
3, 0
3, 0
3, 0
3, 0
3, 0
3, 0
3, 0
0, 0x6ba50
0, 0xa7a80
0, 0x6ba70
0, 0xa7aa0
0, 0x6ba90
0, 0xa7ac0
0, 0x6bab0
0, 0xa7ae0
1, 0xa7a60
0, 0x6ba50
0, 0xa7a80
2, 2
3, 0
3, 0
3, 0
3, 0
3, 0
3, 0
3, 0
3, 0
3, 0
3, 0
3, 0
3, 0
3, 0
3, 0
1, 0xa7a80
0, 0x6ba70
0, 0xa7aa0
2, 2
3, 0
3, 0
3, 0
3, 0
3, 0
3, 0
3, 0
3, 0
3, 0
3, 0
3, 0
3, 0
3, 0
3, 0
1, 0xa7aa0
0, 0x6ba90
0, 0xa7ac0
2, 2
3, 0
3, 0
3, 0
3, 0
3, 0
3, 0
3, 0
3, 0
3, 0
3, 0
3, 0
3, 0
3, 0
3, 0
1, 0xa7ac0
0, 0x6bab0
0, 0xa7ae0
2, 2
3, 0
3, 0
3, 0
3, 0
3, 0
3, 0
3, 0
3, 0
3, 0
3, 0
3, 0
3, 0
3, 0
3, 0
0, 0x6bad0
0, 0xa7b00
0, 0x6baf0
0, 0xa7b20
0, 0x6bb10
0, 0xa7b40
0, 0x6bb30
0, 0xa7b60
1, 0xa7ae0
0, 0x6bad0
0, 0xa7b00
2, 2
3, 0
3, 0
3, 0
3, 0
3, 0
3, 0
3, 0
3, 0
3, 0
3, 0
3, 0
3, 0
3, 0
3, 0
1, 0xa7b00
0, 0x6baf0
0, 0xa7b20
2, 2
3, 0
3, 0
3, 0
3, 0
3, 0
3, 0
3, 0
3, 0
3, 0
3, 0
3, 0
3, 0
3, 0
3, 0
1, 0xa7b20
0, 0x6bb10
0, 0xa7b40
2, 2
3, 0
3, 0
3, 0
3, 0
3, 0
3, 0
3, 0
3, 0
3, 0
3, 0
3, 0
3, 0
3, 0
3, 0
1, 0xa7b40
0, 0x6bb30
0, 0xa7b60
2, 2
3, 0
3, 0
3, 0
3, 0
3, 0
3, 0
3, 0
3, 0
3, 0
3, 0
3, 0
3, 0
3, 0
3, 0
0, 0x6bb50
0, 0xa7b80
0, 0x6bb70
0, 0xa7ba0
0, 0x6bb90
0, 0xa7bc0
0, 0x6bbb0
0, 0xa7be0
1, 0xa7b60
0, 0x6bb50
0, 0xa7b80
2, 2
3, 0
3, 0
3, 0
3, 0
3, 0
3, 0
3, 0
3, 0
3, 0
3, 0
3, 0
3, 0
3, 0
3, 0
1, 0xa7b80
0, 0x6bb70
0, 0xa7ba0
2, 2
3, 0
3, 0
3, 0
3, 0
3, 0
3, 0
3, 0
3, 0
3, 0
3, 0
3, 0
3, 0
3, 0
3, 0
1, 0xa7ba0
0, 0x6bb90
0, 0xa7bc0
2, 2
3, 0
3, 0
3, 0
3, 0
3, 0
3, 0
3, 0
3, 0
3, 0
3, 0
3, 0
3, 0
3, 0
3, 0
1, 0xa7bc0
0, 0x6bbb0
0, 0xa7be0
2, 2
3, 0
3, 0
3, 0
3, 0
3, 0
3, 0
3, 0
3, 0
3, 0
3, 0
3, 0
3, 0
3, 0
3, 0
0, 0x6bbd0
0, 0xa7c00
0, 0x6bbf0
0, 0xa7c20
0, 0x6bc10
0, 0xa7c40
0, 0x6bc30
0, 0xa7c60
1, 0xa7be0
0, 0x6bbd0
0, 0xa7c00
2, 2
3, 0
3, 0
3, 0
3, 0
3, 0
3, 0
3, 0
3, 0
3, 0
3, 0
3, 0
3, 0
3, 0
3, 0
1, 0xa7c00
0, 0x6bbf0
0, 0xa7c20
2, 2
3, 0
3, 0
3, 0
3, 0
3, 0
3, 0
3, 0
3, 0
3, 0
3, 0
3, 0
3, 0
3, 0
3, 0
1, 0xa7c20
0, 0x6bc10
0, 0xa7c40
2, 2
3, 0
3, 0
3, 0
3, 0
3, 0
3, 0
3, 0
3, 0
3, 0
3, 0
3, 0
3, 0
3, 0
3, 0
1, 0xa7c40
0, 0x6bc30
0, 0xa7c60
2, 2
3, 0
3, 0
3, 0
3, 0
3, 0
3, 0
3, 0
3, 0
3, 0
3, 0
3, 0
3, 0
3, 0
3, 0
0, 0x6bc50
0, 0xa7c80
0, 0x6bc70
0, 0xa7ca0
0, 0x6bc90
0, 0xa7cc0
0, 0x6bcb0
0, 0xa7ce0
1, 0xa7c60
0, 0x6bc50
0, 0xa7c80
2, 2
3, 0
3, 0
3, 0
3, 0
3, 0
3, 0
3, 0
3, 0
3, 0
3, 0
3, 0
3, 0
3, 0
3, 0
1, 0xa7c80
0, 0x6bc70
0, 0xa7ca0
2, 2
3, 0
3, 0
3, 0
3, 0
3, 0
3, 0
3, 0
3, 0
3, 0
3, 0
3, 0
3, 0
3, 0
3, 0
1, 0xa7ca0
0, 0x6bc90
0, 0xa7cc0
2, 2
3, 0
3, 0
3, 0
3, 0
3, 0
3, 0
3, 0
3, 0
3, 0
3, 0
3, 0
3, 0
3, 0
3, 0
1, 0xa7cc0
0, 0x6bcb0
0, 0xa7ce0
2, 2
3, 0
3, 0
3, 0
3, 0
3, 0
3, 0
3, 0
3, 0
3, 0
3, 0
3, 0
3, 0
3, 0
3, 0
0, 0x6bcd0
0, 0xa7d00
0, 0x6bcf0
0, 0xa7d20
0, 0x6bd10
0, 0xa7d40
0, 0x6bd30
0, 0xa7d60
1, 0xa7ce0
0, 0x6bcd0
0, 0xa7d00
2, 2
3, 0
3, 0
3, 0
3, 0
3, 0
3, 0
3, 0
3, 0
3, 0
3, 0
3, 0
3, 0
3, 0
3, 0
1, 0xa7d00
0, 0x6bcf0
0, 0xa7d20
2, 2
3, 0
3, 0
3, 0
3, 0
3, 0
3, 0
3, 0
3, 0
3, 0
3, 0
3, 0
3, 0
3, 0
3, 0
1, 0xa7d20
0, 0x6bd10
0, 0xa7d40
2, 2
3, 0
3, 0
3, 0
3, 0
3, 0
3, 0
3, 0
3, 0
3, 0
3, 0
3, 0
3, 0
3, 0
3, 0
1, 0xa7d40
0, 0x6bd30
0, 0xa7d60
2, 2
3, 0
3, 0
3, 0
3, 0
3, 0
3, 0
3, 0
3, 0
3, 0
3, 0
3, 0
3, 0
3, 0
3, 0
0, 0x6bd50
0, 0xa7d80
0, 0x6bd70
0, 0xa7da0
0, 0x6bd90
0, 0xa7dc0
0, 0x6bdb0
0, 0xa7de0
1, 0xa7d60
0, 0x6bd50
0, 0xa7d80
2, 2
3, 0
3, 0
3, 0
3, 0
3, 0
3, 0
3, 0
3, 0
3, 0
3, 0
3, 0
3, 0
3, 0
3, 0
1, 0xa7d80
0, 0x6bd70
0, 0xa7da0
2, 2
3, 0
3, 0
3, 0
3, 0
3, 0
3, 0
3, 0
3, 0
3, 0
3, 0
3, 0
3, 0
3, 0
3, 0
1, 0xa7da0
0, 0x6bd90
0, 0xa7dc0
2, 2
3, 0
3, 0
3, 0
3, 0
3, 0
3, 0
3, 0
3, 0
3, 0
3, 0
3, 0
3, 0
3, 0
3, 0
1, 0xa7dc0
0, 0x6bdb0
0, 0xa7de0
2, 2
3, 0
3, 0
3, 0
3, 0
3, 0
3, 0
3, 0
3, 0
3, 0
3, 0
3, 0
3, 0
3, 0
3, 0
0, 0x6bdd0
0, 0xa7e00
0, 0x6bdf0
0, 0xa7e20
0, 0x6be10
0, 0xa7e40
0, 0x6be30
0, 0xa7e60
1, 0xa7de0
0, 0x6bdd0
0, 0xa7e00
2, 2
3, 0
3, 0
3, 0
3, 0
3, 0
3, 0
3, 0
3, 0
3, 0
3, 0
3, 0
3, 0
3, 0
3, 0
1, 0xa7e00
0, 0x6bdf0
0, 0xa7e20
2, 2
3, 0
3, 0
3, 0
3, 0
3, 0
3, 0
3, 0
3, 0
3, 0
3, 0
3, 0
3, 0
3, 0
3, 0
1, 0xa7e20
0, 0x6be10
0, 0xa7e40
2, 2
3, 0
3, 0
3, 0
3, 0
3, 0
3, 0
3, 0
3, 0
3, 0
3, 0
3, 0
3, 0
3, 0
3, 0
1, 0xa7e40
0, 0x6be30
0, 0xa7e60
2, 2
3, 0
3, 0
3, 0
3, 0
3, 0
3, 0
3, 0
3, 0
3, 0
3, 0
3, 0
3, 0
3, 0
3, 0
0, 0x6be50
0, 0xa7e80
0, 0x6be70
0, 0xa7ea0
0, 0x6be90
0, 0xa7ec0
0, 0x6beb0
0, 0xa7ee0
1, 0xa7e60
0, 0x6be50
0, 0xa7e80
2, 2
3, 0
3, 0
3, 0
3, 0
3, 0
3, 0
3, 0
3, 0
3, 0
3, 0
3, 0
3, 0
3, 0
3, 0
1, 0xa7e80
0, 0x6be70
0, 0xa7ea0
2, 2
3, 0
3, 0
3, 0
3, 0
3, 0
3, 0
3, 0
3, 0
3, 0
3, 0
3, 0
3, 0
3, 0
3, 0
1, 0xa7ea0
0, 0x6be90
0, 0xa7ec0
2, 2
3, 0
3, 0
3, 0
3, 0
3, 0
3, 0
3, 0
3, 0
3, 0
3, 0
3, 0
3, 0
3, 0
3, 0
1, 0xa7ec0
0, 0x6beb0
0, 0xa7ee0
2, 2
3, 0
3, 0
3, 0
3, 0
3, 0
3, 0
3, 0
3, 0
3, 0
3, 0
3, 0
3, 0
3, 0
3, 0
0, 0x6bed0
0, 0xa7f00
0, 0x6bef0
0, 0xa7f20
0, 0x6bf10
0, 0xa7f40
0, 0x6bf30
0, 0xa7f60
1, 0xa7ee0
0, 0x6bed0
0, 0xa7f00
2, 2
3, 0
3, 0
3, 0
3, 0
3, 0
3, 0
3, 0
3, 0
3, 0
3, 0
3, 0
3, 0
3, 0
3, 0
1, 0xa7f00
0, 0x6bef0
0, 0xa7f20
2, 2
3, 0
3, 0
3, 0
3, 0
3, 0
3, 0
3, 0
3, 0
3, 0
3, 0
3, 0
3, 0
3, 0
3, 0
1, 0xa7f20
0, 0x6bf10
0, 0xa7f40
2, 2
3, 0
3, 0
3, 0
3, 0
3, 0
3, 0
3, 0
3, 0
3, 0
3, 0
3, 0
3, 0
3, 0
3, 0
1, 0xa7f40
0, 0x6bf30
0, 0xa7f60
2, 2
3, 0
3, 0
3, 0
3, 0
3, 0
3, 0
3, 0
3, 0
3, 0
3, 0
3, 0
3, 0
3, 0
3, 0
0, 0x6bf50
0, 0xa7f80
0, 0x6bf70
0, 0xa7fa0
0, 0x6bf90
0, 0xa7fc0
0, 0x6bfb0
0, 0xa7fe0
1, 0xa7f60
0, 0x6bf50
0, 0xa7f80
2, 2
3, 0
3, 0
3, 0
3, 0
3, 0
3, 0
3, 0
3, 0
3, 0
3, 0
3, 0
3, 0
3, 0
3, 0
1, 0xa7f80
0, 0x6bf70
0, 0xa7fa0
2, 2
3, 0
3, 0
3, 0
3, 0
3, 0
3, 0
3, 0
3, 0
3, 0
3, 0
3, 0
3, 0
3, 0
3, 0
1, 0xa7fa0
0, 0x6bf90
0, 0xa7fc0
2, 2
3, 0
3, 0
3, 0
3, 0
3, 0
3, 0
3, 0
3, 0
3, 0
3, 0
3, 0
3, 0
3, 0
3, 0
1, 0xa7fc0
0, 0x6bfb0
0, 0xa7fe0
2, 2
3, 0
3, 0
3, 0
3, 0
3, 0
3, 0
3, 0
3, 0
3, 0
3, 0
3, 0
3, 0
3, 0
3, 0
0, 0x6bfd0
0, 0xa8000
0, 0x6bff0
0, 0xa8020
0, 0x6c010
0, 0xa8040
0, 0x6c030
0, 0xa8060
1, 0xa7fe0
0, 0x6bfd0
0, 0xa8000
2, 2
3, 0
3, 0
3, 0
3, 0
3, 0
3, 0
3, 0
3, 0
3, 0
3, 0
3, 0
3, 0
3, 0
3, 0
1, 0xa8000
0, 0x6bff0
0, 0xa8020
2, 2
3, 0
3, 0
3, 0
3, 0
3, 0
3, 0
3, 0
3, 0
3, 0
3, 0
3, 0
3, 0
3, 0
3, 0
1, 0xa8020
0, 0x6c010
0, 0xa8040
2, 2
3, 0
3, 0
3, 0
3, 0
3, 0
3, 0
3, 0
3, 0
3, 0
3, 0
3, 0
3, 0
3, 0
3, 0
1, 0xa8040
0, 0x6c030
0, 0xa8060
2, 2
3, 0
3, 0
3, 0
3, 0
3, 0
3, 0
3, 0
3, 0
3, 0
3, 0
3, 0
3, 0
3, 0
3, 0
0, 0x6c050
0, 0xa8080
0, 0x6c070
0, 0xa80a0
0, 0x6c090
0, 0xa80c0
0, 0x6c0b0
0, 0xa80e0
1, 0xa8060
0, 0x6c050
0, 0xa8080
2, 2
3, 0
3, 0
3, 0
3, 0
3, 0
3, 0
3, 0
3, 0
3, 0
3, 0
3, 0
3, 0
3, 0
3, 0
1, 0xa8080
0, 0x6c070
0, 0xa80a0
2, 2
3, 0
3, 0
3, 0
3, 0
3, 0
3, 0
3, 0
3, 0
3, 0
3, 0
3, 0
3, 0
3, 0
3, 0
1, 0xa80a0
0, 0x6c090
0, 0xa80c0
2, 2
3, 0
3, 0
3, 0
3, 0
3, 0
3, 0
3, 0
3, 0
3, 0
3, 0
3, 0
3, 0
3, 0
3, 0
1, 0xa80c0
0, 0x6c0b0
0, 0xa80e0
2, 2
3, 0
3, 0
3, 0
3, 0
3, 0
3, 0
3, 0
3, 0
3, 0
3, 0
3, 0
3, 0
3, 0
3, 0
0, 0x6c0d0
0, 0xa8100
0, 0x6c0f0
0, 0xa8120
0, 0x6c110
0, 0xa8140
0, 0x6c130
0, 0xa8160
1, 0xa80e0
0, 0x6c0d0
0, 0xa8100
2, 2
3, 0
3, 0
3, 0
3, 0
3, 0
3, 0
3, 0
3, 0
3, 0
3, 0
3, 0
3, 0
3, 0
3, 0
1, 0xa8100
0, 0x6c0f0
0, 0xa8120
2, 2
3, 0
3, 0
3, 0
3, 0
3, 0
3, 0
3, 0
3, 0
3, 0
3, 0
3, 0
3, 0
3, 0
3, 0
1, 0xa8120
0, 0x6c110
0, 0xa8140
2, 2
3, 0
3, 0
3, 0
3, 0
3, 0
3, 0
3, 0
3, 0
3, 0
3, 0
3, 0
3, 0
3, 0
3, 0
1, 0xa8140
0, 0x6c130
0, 0xa8160
2, 2
3, 0
3, 0
3, 0
3, 0
3, 0
3, 0
3, 0
3, 0
3, 0
3, 0
3, 0
3, 0
3, 0
3, 0
0, 0x6c150
0, 0xa8180
0, 0x6c170
0, 0xa81a0
0, 0x6c190
0, 0xa81c0
0, 0x6c1b0
0, 0xa81e0
1, 0xa8160
0, 0x6c150
0, 0xa8180
2, 2
3, 0
3, 0
3, 0
3, 0
3, 0
3, 0
3, 0
3, 0
3, 0
3, 0
3, 0
3, 0
3, 0
3, 0
1, 0xa8180
0, 0x6c170
0, 0xa81a0
2, 2
3, 0
3, 0
3, 0
3, 0
3, 0
3, 0
3, 0
3, 0
3, 0
3, 0
3, 0
3, 0
3, 0
3, 0
1, 0xa81a0
0, 0x6c190
0, 0xa81c0
2, 2
3, 0
3, 0
3, 0
3, 0
3, 0
3, 0
3, 0
3, 0
3, 0
3, 0
3, 0
3, 0
3, 0
3, 0
1, 0xa81c0
0, 0x6c1b0
0, 0xa81e0
2, 2
3, 0
3, 0
3, 0
3, 0
3, 0
3, 0
3, 0
3, 0
3, 0
3, 0
3, 0
3, 0
3, 0
3, 0
0, 0x6c1d0
0, 0xa8200
0, 0x6c1f0
0, 0xa8220
0, 0x6c210
0, 0xa8240
0, 0x6c230
0, 0xa8260
1, 0xa81e0
0, 0x6c1d0
0, 0xa8200
2, 2
3, 0
3, 0
3, 0
3, 0
3, 0
3, 0
3, 0
3, 0
3, 0
3, 0
3, 0
3, 0
3, 0
3, 0
1, 0xa8200
0, 0x6c1f0
0, 0xa8220
2, 2
3, 0
3, 0
3, 0
3, 0
3, 0
3, 0
3, 0
3, 0
3, 0
3, 0
3, 0
3, 0
3, 0
3, 0
1, 0xa8220
0, 0x6c210
0, 0xa8240
2, 2
3, 0
3, 0
3, 0
3, 0
3, 0
3, 0
3, 0
3, 0
3, 0
3, 0
3, 0
3, 0
3, 0
3, 0
1, 0xa8240
0, 0x6c230
0, 0xa8260
2, 2
3, 0
3, 0
3, 0
3, 0
3, 0
3, 0
3, 0
3, 0
3, 0
3, 0
3, 0
3, 0
3, 0
3, 0
0, 0x6c250
0, 0xa8280
0, 0x6c270
0, 0xa82a0
0, 0x6c290
0, 0xa82c0
0, 0x6c2b0
0, 0xa82e0
1, 0xa8260
0, 0x6c250
0, 0xa8280
2, 2
3, 0
3, 0
3, 0
3, 0
3, 0
3, 0
3, 0
3, 0
3, 0
3, 0
3, 0
3, 0
3, 0
3, 0
1, 0xa8280
0, 0x6c270
0, 0xa82a0
2, 2
3, 0
3, 0
3, 0
3, 0
3, 0
3, 0
3, 0
3, 0
3, 0
3, 0
3, 0
3, 0
3, 0
3, 0
1, 0xa82a0
0, 0x6c290
0, 0xa82c0
2, 2
3, 0
3, 0
3, 0
3, 0
3, 0
3, 0
3, 0
3, 0
3, 0
3, 0
3, 0
3, 0
3, 0
3, 0
1, 0xa82c0
0, 0x6c2b0
0, 0xa82e0
2, 2
3, 0
3, 0
3, 0
3, 0
3, 0
3, 0
3, 0
3, 0
3, 0
3, 0
3, 0
3, 0
3, 0
3, 0
0, 0x6c2d0
0, 0xa8300
0, 0x6c2f0
0, 0xa8320
0, 0x6c310
0, 0xa8340
0, 0x6c330
0, 0xa8360
1, 0xa82e0
0, 0x6c2d0
0, 0xa8300
2, 2
3, 0
3, 0
3, 0
3, 0
3, 0
3, 0
3, 0
3, 0
3, 0
3, 0
3, 0
3, 0
3, 0
3, 0
1, 0xa8300
0, 0x6c2f0
0, 0xa8320
2, 2
3, 0
3, 0
3, 0
3, 0
3, 0
3, 0
3, 0
3, 0
3, 0
3, 0
3, 0
3, 0
3, 0
3, 0
1, 0xa8320
0, 0x6c310
0, 0xa8340
2, 2
3, 0
3, 0
3, 0
3, 0
3, 0
3, 0
3, 0
3, 0
3, 0
3, 0
3, 0
3, 0
3, 0
3, 0
1, 0xa8340
0, 0x6c330
0, 0xa8360
2, 2
3, 0
3, 0
3, 0
3, 0
3, 0
3, 0
3, 0
3, 0
3, 0
3, 0
3, 0
3, 0
3, 0
3, 0
0, 0x6c350
0, 0xa8380
0, 0x6c370
0, 0xa83a0
0, 0x6c390
0, 0xa83c0
0, 0x6c3b0
0, 0xa83e0
1, 0xa8360
0, 0x6c350
0, 0xa8380
2, 2
3, 0
3, 0
3, 0
3, 0
3, 0
3, 0
3, 0
3, 0
3, 0
3, 0
3, 0
3, 0
3, 0
3, 0
1, 0xa8380
0, 0x6c370
0, 0xa83a0
2, 2
3, 0
3, 0
3, 0
3, 0
3, 0
3, 0
3, 0
3, 0
3, 0
3, 0
3, 0
3, 0
3, 0
3, 0
1, 0xa83a0
0, 0x6c390
0, 0xa83c0
2, 2
3, 0
3, 0
3, 0
3, 0
3, 0
3, 0
3, 0
3, 0
3, 0
3, 0
3, 0
3, 0
3, 0
3, 0
1, 0xa83c0
0, 0x6c3b0
0, 0xa83e0
2, 2
3, 0
3, 0
3, 0
3, 0
3, 0
3, 0
3, 0
3, 0
3, 0
3, 0
3, 0
3, 0
3, 0
3, 0
0, 0x6c3d0
0, 0xa8400
0, 0x6c3f0
0, 0xa8420
0, 0x6c410
0, 0xa8440
0, 0x6c430
0, 0xa8460
1, 0xa83e0
0, 0x6c3d0
0, 0xa8400
2, 2
3, 0
3, 0
3, 0
3, 0
3, 0
3, 0
3, 0
3, 0
3, 0
3, 0
3, 0
3, 0
3, 0
3, 0
1, 0xa8400
0, 0x6c3f0
0, 0xa8420
2, 2
3, 0
3, 0
3, 0
3, 0
3, 0
3, 0
3, 0
3, 0
3, 0
3, 0
3, 0
3, 0
3, 0
3, 0
1, 0xa8420
0, 0x6c410
0, 0xa8440
2, 2
3, 0
3, 0
3, 0
3, 0
3, 0
3, 0
3, 0
3, 0
3, 0
3, 0
3, 0
3, 0
3, 0
3, 0
1, 0xa8440
0, 0x6c430
0, 0xa8460
2, 2
3, 0
3, 0
3, 0
3, 0
3, 0
3, 0
3, 0
3, 0
3, 0
3, 0
3, 0
3, 0
3, 0
3, 0
0, 0x6c450
0, 0xa8480
0, 0x6c470
0, 0xa84a0
0, 0x6c490
0, 0xa84c0
0, 0x6c4b0
0, 0xa84e0
1, 0xa8460
0, 0x6c450
0, 0xa8480
2, 2
3, 0
3, 0
3, 0
3, 0
3, 0
3, 0
3, 0
3, 0
3, 0
3, 0
3, 0
3, 0
3, 0
3, 0
1, 0xa8480
0, 0x6c470
0, 0xa84a0
2, 2
3, 0
3, 0
3, 0
3, 0
3, 0
3, 0
3, 0
3, 0
3, 0
3, 0
3, 0
3, 0
3, 0
3, 0
1, 0xa84a0
0, 0x6c490
0, 0xa84c0
2, 2
3, 0
3, 0
3, 0
3, 0
3, 0
3, 0
3, 0
3, 0
3, 0
3, 0
3, 0
3, 0
3, 0
3, 0
1, 0xa84c0
0, 0x6c4b0
0, 0xa84e0
2, 2
3, 0
3, 0
3, 0
3, 0
3, 0
3, 0
3, 0
3, 0
3, 0
3, 0
3, 0
3, 0
3, 0
3, 0
0, 0x6c4d0
0, 0xa8500
0, 0x6c4f0
0, 0xa8520
0, 0x6c510
0, 0xa8540
0, 0x6c530
0, 0xa8560
1, 0xa84e0
0, 0x6c4d0
0, 0xa8500
2, 2
3, 0
3, 0
3, 0
3, 0
3, 0
3, 0
3, 0
3, 0
3, 0
3, 0
3, 0
3, 0
3, 0
3, 0
1, 0xa8500
0, 0x6c4f0
0, 0xa8520
2, 2
3, 0
3, 0
3, 0
3, 0
3, 0
3, 0
3, 0
3, 0
3, 0
3, 0
3, 0
3, 0
3, 0
3, 0
1, 0xa8520
0, 0x6c510
0, 0xa8540
2, 2
3, 0
3, 0
3, 0
3, 0
3, 0
3, 0
3, 0
3, 0
3, 0
3, 0
3, 0
3, 0
3, 0
3, 0
1, 0xa8540
0, 0x6c530
0, 0xa8560
2, 2
3, 0
3, 0
3, 0
3, 0
3, 0
3, 0
3, 0
3, 0
3, 0
3, 0
3, 0
3, 0
3, 0
3, 0
0, 0x6c550
0, 0xa8580
0, 0x6c570
0, 0xa85a0
0, 0x6c590
0, 0xa85c0
0, 0x6c5b0
0, 0xa85e0
1, 0xa8560
0, 0x6c550
0, 0xa8580
2, 2
3, 0
3, 0
3, 0
3, 0
3, 0
3, 0
3, 0
3, 0
3, 0
3, 0
3, 0
3, 0
3, 0
3, 0
1, 0xa8580
0, 0x6c570
0, 0xa85a0
2, 2
3, 0
3, 0
3, 0
3, 0
3, 0
3, 0
3, 0
3, 0
3, 0
3, 0
3, 0
3, 0
3, 0
3, 0
1, 0xa85a0
0, 0x6c590
0, 0xa85c0
2, 2
3, 0
3, 0
3, 0
3, 0
3, 0
3, 0
3, 0
3, 0
3, 0
3, 0
3, 0
3, 0
3, 0
3, 0
1, 0xa85c0
0, 0x6c5b0
0, 0xa85e0
2, 2
3, 0
3, 0
3, 0
3, 0
3, 0
3, 0
3, 0
3, 0
3, 0
3, 0
3, 0
3, 0
3, 0
3, 0
0, 0x6c5d0
0, 0xa8600
0, 0x6c5f0
0, 0xa8620
0, 0x6c610
0, 0xa8640
0, 0x6c630
0, 0xa8660
1, 0xa85e0
0, 0x6c5d0
0, 0xa8600
2, 2
3, 0
3, 0
3, 0
3, 0
3, 0
3, 0
3, 0
3, 0
3, 0
3, 0
3, 0
3, 0
3, 0
3, 0
1, 0xa8600
0, 0x6c5f0
0, 0xa8620
2, 2
3, 0
3, 0
3, 0
3, 0
3, 0
3, 0
3, 0
3, 0
3, 0
3, 0
3, 0
3, 0
3, 0
3, 0
1, 0xa8620
0, 0x6c610
0, 0xa8640
2, 2
3, 0
3, 0
3, 0
3, 0
3, 0
3, 0
3, 0
3, 0
3, 0
3, 0
3, 0
3, 0
3, 0
3, 0
1, 0xa8640
0, 0x6c630
0, 0xa8660
2, 2
3, 0
3, 0
3, 0
3, 0
3, 0
3, 0
3, 0
3, 0
3, 0
3, 0
3, 0
3, 0
3, 0
3, 0
0, 0x6c650
0, 0xa8680
0, 0x6c670
0, 0xa86a0
0, 0x6c690
0, 0xa86c0
0, 0x6c6b0
0, 0xa86e0
1, 0xa8660
0, 0x6c650
0, 0xa8680
2, 2
3, 0
3, 0
3, 0
3, 0
3, 0
3, 0
3, 0
3, 0
3, 0
3, 0
3, 0
3, 0
3, 0
3, 0
1, 0xa8680
0, 0x6c670
0, 0xa86a0
2, 2
3, 0
3, 0
3, 0
3, 0
3, 0
3, 0
3, 0
3, 0
3, 0
3, 0
3, 0
3, 0
3, 0
3, 0
1, 0xa86a0
0, 0x6c690
0, 0xa86c0
2, 2
3, 0
3, 0
3, 0
3, 0
3, 0
3, 0
3, 0
3, 0
3, 0
3, 0
3, 0
3, 0
3, 0
3, 0
1, 0xa86c0
0, 0x6c6b0
0, 0xa86e0
2, 2
3, 0
3, 0
3, 0
3, 0
3, 0
3, 0
3, 0
3, 0
3, 0
3, 0
3, 0
3, 0
3, 0
3, 0
0, 0x6c6d0
0, 0xa8700
0, 0x6c6f0
0, 0xa8720
0, 0x6c710
0, 0xa8740
0, 0x6c730
0, 0xa8760
1, 0xa86e0
0, 0x6c6d0
0, 0xa8700
2, 2
3, 0
3, 0
3, 0
3, 0
3, 0
3, 0
3, 0
3, 0
3, 0
3, 0
3, 0
3, 0
3, 0
3, 0
1, 0xa8700
0, 0x6c6f0
0, 0xa8720
2, 2
3, 0
3, 0
3, 0
3, 0
3, 0
3, 0
3, 0
3, 0
3, 0
3, 0
3, 0
3, 0
3, 0
3, 0
1, 0xa8720
0, 0x6c710
0, 0xa8740
2, 2
3, 0
3, 0
3, 0
3, 0
3, 0
3, 0
3, 0
3, 0
3, 0
3, 0
3, 0
3, 0
3, 0
3, 0
1, 0xa8740
0, 0x6c730
0, 0xa8760
2, 2
3, 0
3, 0
3, 0
3, 0
3, 0
3, 0
3, 0
3, 0
3, 0
3, 0
3, 0
3, 0
3, 0
3, 0
0, 0x6c750
0, 0xa8780
0, 0x6c770
0, 0xa87a0
0, 0x6c790
0, 0xa87c0
0, 0x6c7b0
0, 0xa87e0
1, 0xa8760
0, 0x6c750
0, 0xa8780
2, 2
3, 0
3, 0
3, 0
3, 0
3, 0
3, 0
3, 0
3, 0
3, 0
3, 0
3, 0
3, 0
3, 0
3, 0
1, 0xa8780
0, 0x6c770
0, 0xa87a0
2, 2
3, 0
3, 0
3, 0
3, 0
3, 0
3, 0
3, 0
3, 0
3, 0
3, 0
3, 0
3, 0
3, 0
3, 0
1, 0xa87a0
0, 0x6c790
0, 0xa87c0
2, 2
3, 0
3, 0
3, 0
3, 0
3, 0
3, 0
3, 0
3, 0
3, 0
3, 0
3, 0
3, 0
3, 0
3, 0
1, 0xa87c0
0, 0x6c7b0
0, 0xa87e0
2, 2
3, 0
3, 0
3, 0
3, 0
3, 0
3, 0
3, 0
3, 0
3, 0
3, 0
3, 0
3, 0
3, 0
3, 0
0, 0x6c7d0
0, 0xa8800
0, 0x6c7f0
0, 0xa8820
0, 0x6c810
0, 0xa8840
0, 0x6c830
0, 0xa8860
1, 0xa87e0
0, 0x6c7d0
0, 0xa8800
2, 2
3, 0
3, 0
3, 0
3, 0
3, 0
3, 0
3, 0
3, 0
3, 0
3, 0
3, 0
3, 0
3, 0
3, 0
1, 0xa8800
0, 0x6c7f0
0, 0xa8820
2, 2
3, 0
3, 0
3, 0
3, 0
3, 0
3, 0
3, 0
3, 0
3, 0
3, 0
3, 0
3, 0
3, 0
3, 0
1, 0xa8820
0, 0x6c810
0, 0xa8840
2, 2
3, 0
3, 0
3, 0
3, 0
3, 0
3, 0
3, 0
3, 0
3, 0
3, 0
3, 0
3, 0
3, 0
3, 0
1, 0xa8840
0, 0x6c830
0, 0xa8860
2, 2
3, 0
3, 0
3, 0
3, 0
3, 0
3, 0
3, 0
3, 0
3, 0
3, 0
3, 0
3, 0
3, 0
3, 0
0, 0x6c850
0, 0xa8880
0, 0x6c870
0, 0xa88a0
0, 0x6c890
0, 0xa88c0
0, 0x6c8b0
0, 0xa88e0
1, 0xa8860
0, 0x6c850
0, 0xa8880
2, 2
3, 0
3, 0
3, 0
3, 0
3, 0
3, 0
3, 0
3, 0
3, 0
3, 0
3, 0
3, 0
3, 0
3, 0
1, 0xa8880
0, 0x6c870
0, 0xa88a0
2, 2
3, 0
3, 0
3, 0
3, 0
3, 0
3, 0
3, 0
3, 0
3, 0
3, 0
3, 0
3, 0
3, 0
3, 0
1, 0xa88a0
0, 0x6c890
0, 0xa88c0
2, 2
3, 0
3, 0
3, 0
3, 0
3, 0
3, 0
3, 0
3, 0
3, 0
3, 0
3, 0
3, 0
3, 0
3, 0
1, 0xa88c0
0, 0x6c8b0
0, 0xa88e0
2, 2
3, 0
3, 0
3, 0
3, 0
3, 0
3, 0
3, 0
3, 0
3, 0
3, 0
3, 0
3, 0
3, 0
3, 0
0, 0x6c8d0
0, 0xa8900
0, 0x6c8f0
0, 0xa8920
0, 0x6c910
0, 0xa8940
0, 0x6c930
0, 0xa8960
1, 0xa88e0
0, 0x6c8d0
0, 0xa8900
2, 2
3, 0
3, 0
3, 0
3, 0
3, 0
3, 0
3, 0
3, 0
3, 0
3, 0
3, 0
3, 0
3, 0
3, 0
1, 0xa8900
0, 0x6c8f0
0, 0xa8920
2, 2
3, 0
3, 0
3, 0
3, 0
3, 0
3, 0
3, 0
3, 0
3, 0
3, 0
3, 0
3, 0
3, 0
3, 0
1, 0xa8920
0, 0x6c910
0, 0xa8940
2, 2
3, 0
3, 0
3, 0
3, 0
3, 0
3, 0
3, 0
3, 0
3, 0
3, 0
3, 0
3, 0
3, 0
3, 0
1, 0xa8940
0, 0x6c930
0, 0xa8960
2, 2
3, 0
3, 0
3, 0
3, 0
3, 0
3, 0
3, 0
3, 0
3, 0
3, 0
3, 0
3, 0
3, 0
3, 0
0, 0x6c950
0, 0xa8980
0, 0x6c970
0, 0xa89a0
0, 0x6c990
0, 0xa89c0
0, 0x6c9b0
0, 0xa89e0
1, 0xa8960
0, 0x6c950
0, 0xa8980
2, 2
3, 0
3, 0
3, 0
3, 0
3, 0
3, 0
3, 0
3, 0
3, 0
3, 0
3, 0
3, 0
3, 0
3, 0
1, 0xa8980
0, 0x6c970
0, 0xa89a0
2, 2
3, 0
3, 0
3, 0
3, 0
3, 0
3, 0
3, 0
3, 0
3, 0
3, 0
3, 0
3, 0
3, 0
3, 0
1, 0xa89a0
0, 0x6c990
0, 0xa89c0
2, 2
3, 0
3, 0
3, 0
3, 0
3, 0
3, 0
3, 0
3, 0
3, 0
3, 0
3, 0
3, 0
3, 0
3, 0
1, 0xa89c0
0, 0x6c9b0
0, 0xa89e0
2, 2
3, 0
3, 0
3, 0
3, 0
3, 0
3, 0
3, 0
3, 0
3, 0
3, 0
3, 0
3, 0
3, 0
3, 0
0, 0x6c9d0
0, 0xa8a00
0, 0x6c9f0
0, 0xa8a20
0, 0x6ca10
0, 0xa8a40
0, 0x6ca30
0, 0xa8a60
1, 0xa89e0
0, 0x6c9d0
0, 0xa8a00
2, 2
3, 0
3, 0
3, 0
3, 0
3, 0
3, 0
3, 0
3, 0
3, 0
3, 0
3, 0
3, 0
3, 0
3, 0
1, 0xa8a00
0, 0x6c9f0
0, 0xa8a20
2, 2
3, 0
3, 0
3, 0
3, 0
3, 0
3, 0
3, 0
3, 0
3, 0
3, 0
3, 0
3, 0
3, 0
3, 0
1, 0xa8a20
0, 0x6ca10
0, 0xa8a40
2, 2
3, 0
3, 0
3, 0
3, 0
3, 0
3, 0
3, 0
3, 0
3, 0
3, 0
3, 0
3, 0
3, 0
3, 0
1, 0xa8a40
0, 0x6ca30
0, 0xa8a60
2, 2
3, 0
3, 0
3, 0
3, 0
3, 0
3, 0
3, 0
3, 0
3, 0
3, 0
3, 0
3, 0
3, 0
3, 0
0, 0x6ca50
0, 0xa8a80
0, 0x6ca70
0, 0xa8aa0
0, 0x6ca90
0, 0xa8ac0
0, 0x6cab0
0, 0xa8ae0
1, 0xa8a60
0, 0x6ca50
0, 0xa8a80
2, 2
3, 0
3, 0
3, 0
3, 0
3, 0
3, 0
3, 0
3, 0
3, 0
3, 0
3, 0
3, 0
3, 0
3, 0
1, 0xa8a80
0, 0x6ca70
0, 0xa8aa0
2, 2
3, 0
3, 0
3, 0
3, 0
3, 0
3, 0
3, 0
3, 0
3, 0
3, 0
3, 0
3, 0
3, 0
3, 0
1, 0xa8aa0
0, 0x6ca90
0, 0xa8ac0
2, 2
3, 0
3, 0
3, 0
3, 0
3, 0
3, 0
3, 0
3, 0
3, 0
3, 0
3, 0
3, 0
3, 0
3, 0
1, 0xa8ac0
0, 0x6cab0
0, 0xa8ae0
2, 2
3, 0
3, 0
3, 0
3, 0
3, 0
3, 0
3, 0
3, 0
3, 0
3, 0
3, 0
3, 0
3, 0
3, 0
0, 0x6cad0
0, 0xa8b00
0, 0x6caf0
0, 0xa8b20
0, 0x6cb10
0, 0xa8b40
0, 0x6cb30
0, 0xa8b60
1, 0xa8ae0
0, 0x6cad0
0, 0xa8b00
2, 2
3, 0
3, 0
3, 0
3, 0
3, 0
3, 0
3, 0
3, 0
3, 0
3, 0
3, 0
3, 0
3, 0
3, 0
1, 0xa8b00
0, 0x6caf0
0, 0xa8b20
2, 2
3, 0
3, 0
3, 0
3, 0
3, 0
3, 0
3, 0
3, 0
3, 0
3, 0
3, 0
3, 0
3, 0
3, 0
1, 0xa8b20
0, 0x6cb10
0, 0xa8b40
2, 2
3, 0
3, 0
3, 0
3, 0
3, 0
3, 0
3, 0
3, 0
3, 0
3, 0
3, 0
3, 0
3, 0
3, 0
1, 0xa8b40
0, 0x6cb30
0, 0xa8b60
2, 2
3, 0
3, 0
3, 0
3, 0
3, 0
3, 0
3, 0
3, 0
3, 0
3, 0
3, 0
3, 0
3, 0
3, 0
0, 0x6cb50
0, 0xa8b80
0, 0x6cb70
0, 0xa8ba0
0, 0x6cb90
0, 0xa8bc0
0, 0x6cbb0
0, 0xa8be0
1, 0xa8b60
0, 0x6cb50
0, 0xa8b80
2, 2
3, 0
3, 0
3, 0
3, 0
3, 0
3, 0
3, 0
3, 0
3, 0
3, 0
3, 0
3, 0
3, 0
3, 0
1, 0xa8b80
0, 0x6cb70
0, 0xa8ba0
2, 2
3, 0
3, 0
3, 0
3, 0
3, 0
3, 0
3, 0
3, 0
3, 0
3, 0
3, 0
3, 0
3, 0
3, 0
1, 0xa8ba0
0, 0x6cb90
0, 0xa8bc0
2, 2
3, 0
3, 0
3, 0
3, 0
3, 0
3, 0
3, 0
3, 0
3, 0
3, 0
3, 0
3, 0
3, 0
3, 0
1, 0xa8bc0
0, 0x6cbb0
0, 0xa8be0
2, 2
3, 0
3, 0
3, 0
3, 0
3, 0
3, 0
3, 0
3, 0
3, 0
3, 0
3, 0
3, 0
3, 0
3, 0
0, 0x6cbd0
0, 0xa8c00
0, 0x6cbf0
0, 0xa8c20
0, 0x6cc10
0, 0xa8c40
0, 0x6cc30
0, 0xa8c60
1, 0xa8be0
0, 0x6cbd0
0, 0xa8c00
2, 2
3, 0
3, 0
3, 0
3, 0
3, 0
3, 0
3, 0
3, 0
3, 0
3, 0
3, 0
3, 0
3, 0
3, 0
1, 0xa8c00
0, 0x6cbf0
0, 0xa8c20
2, 2
3, 0
3, 0
3, 0
3, 0
3, 0
3, 0
3, 0
3, 0
3, 0
3, 0
3, 0
3, 0
3, 0
3, 0
1, 0xa8c20
0, 0x6cc10
0, 0xa8c40
2, 2
3, 0
3, 0
3, 0
3, 0
3, 0
3, 0
3, 0
3, 0
3, 0
3, 0
3, 0
3, 0
3, 0
3, 0
1, 0xa8c40
0, 0x6cc30
0, 0xa8c60
2, 2
3, 0
3, 0
3, 0
3, 0
3, 0
3, 0
3, 0
3, 0
3, 0
3, 0
3, 0
3, 0
3, 0
3, 0
0, 0x6cc50
0, 0xa8c80
0, 0x6cc70
0, 0xa8ca0
0, 0x6cc90
0, 0xa8cc0
0, 0x6ccb0
0, 0xa8ce0
1, 0xa8c60
0, 0x6cc50
0, 0xa8c80
2, 2
3, 0
3, 0
3, 0
3, 0
3, 0
3, 0
3, 0
3, 0
3, 0
3, 0
3, 0
3, 0
3, 0
3, 0
1, 0xa8c80
0, 0x6cc70
0, 0xa8ca0
2, 2
3, 0
3, 0
3, 0
3, 0
3, 0
3, 0
3, 0
3, 0
3, 0
3, 0
3, 0
3, 0
3, 0
3, 0
1, 0xa8ca0
0, 0x6cc90
0, 0xa8cc0
2, 2
3, 0
3, 0
3, 0
3, 0
3, 0
3, 0
3, 0
3, 0
3, 0
3, 0
3, 0
3, 0
3, 0
3, 0
1, 0xa8cc0
0, 0x6ccb0
0, 0xa8ce0
2, 2
3, 0
3, 0
3, 0
3, 0
3, 0
3, 0
3, 0
3, 0
3, 0
3, 0
3, 0
3, 0
3, 0
3, 0
0, 0x6ccd0
0, 0xa8d00
0, 0x6ccf0
0, 0xa8d20
0, 0x6cd10
0, 0xa8d40
0, 0x6cd30
0, 0xa8d60
1, 0xa8ce0
0, 0x6ccd0
0, 0xa8d00
2, 2
3, 0
3, 0
3, 0
3, 0
3, 0
3, 0
3, 0
3, 0
3, 0
3, 0
3, 0
3, 0
3, 0
3, 0
1, 0xa8d00
0, 0x6ccf0
0, 0xa8d20
2, 2
3, 0
3, 0
3, 0
3, 0
3, 0
3, 0
3, 0
3, 0
3, 0
3, 0
3, 0
3, 0
3, 0
3, 0
1, 0xa8d20
0, 0x6cd10
0, 0xa8d40
2, 2
3, 0
3, 0
3, 0
3, 0
3, 0
3, 0
3, 0
3, 0
3, 0
3, 0
3, 0
3, 0
3, 0
3, 0
1, 0xa8d40
0, 0x6cd30
0, 0xa8d60
2, 2
3, 0
3, 0
3, 0
3, 0
3, 0
3, 0
3, 0
3, 0
3, 0
3, 0
3, 0
3, 0
3, 0
3, 0
0, 0x6cd50
0, 0xa8d80
0, 0x6cd70
0, 0xa8da0
0, 0x6cd90
0, 0xa8dc0
0, 0x6cdb0
0, 0xa8de0
1, 0xa8d60
0, 0x6cd50
0, 0xa8d80
2, 2
3, 0
3, 0
3, 0
3, 0
3, 0
3, 0
3, 0
3, 0
3, 0
3, 0
3, 0
3, 0
3, 0
3, 0
1, 0xa8d80
0, 0x6cd70
0, 0xa8da0
2, 2
3, 0
3, 0
3, 0
3, 0
3, 0
3, 0
3, 0
3, 0
3, 0
3, 0
3, 0
3, 0
3, 0
3, 0
1, 0xa8da0
0, 0x6cd90
0, 0xa8dc0
2, 2
3, 0
3, 0
3, 0
3, 0
3, 0
3, 0
3, 0
3, 0
3, 0
3, 0
3, 0
3, 0
3, 0
3, 0
1, 0xa8dc0
0, 0x6cdb0
0, 0xa8de0
2, 2
3, 0
3, 0
3, 0
3, 0
3, 0
3, 0
3, 0
3, 0
3, 0
3, 0
3, 0
3, 0
3, 0
3, 0
0, 0x6cdd0
0, 0xa8e00
0, 0x6cdf0
0, 0xa8e20
0, 0x6ce10
0, 0xa8e40
0, 0x6ce30
0, 0xa8e60
1, 0xa8de0
0, 0x6cdd0
0, 0xa8e00
2, 2
3, 0
3, 0
3, 0
3, 0
3, 0
3, 0
3, 0
3, 0
3, 0
3, 0
3, 0
3, 0
3, 0
3, 0
1, 0xa8e00
0, 0x6cdf0
0, 0xa8e20
2, 2
3, 0
3, 0
3, 0
3, 0
3, 0
3, 0
3, 0
3, 0
3, 0
3, 0
3, 0
3, 0
3, 0
3, 0
1, 0xa8e20
0, 0x6ce10
0, 0xa8e40
2, 2
3, 0
3, 0
3, 0
3, 0
3, 0
3, 0
3, 0
3, 0
3, 0
3, 0
3, 0
3, 0
3, 0
3, 0
1, 0xa8e40
0, 0x6ce30
0, 0xa8e60
2, 2
3, 0
3, 0
3, 0
3, 0
3, 0
3, 0
3, 0
3, 0
3, 0
3, 0
3, 0
3, 0
3, 0
3, 0
0, 0x6ce50
0, 0xa8e80
0, 0x6ce70
0, 0xa8ea0
0, 0x6ce90
0, 0xa8ec0
0, 0x6ceb0
0, 0xa8ee0
1, 0xa8e60
0, 0x6ce50
0, 0xa8e80
2, 2
3, 0
3, 0
3, 0
3, 0
3, 0
3, 0
3, 0
3, 0
3, 0
3, 0
3, 0
3, 0
3, 0
3, 0
1, 0xa8e80
0, 0x6ce70
0, 0xa8ea0
2, 2
3, 0
3, 0
3, 0
3, 0
3, 0
3, 0
3, 0
3, 0
3, 0
3, 0
3, 0
3, 0
3, 0
3, 0
1, 0xa8ea0
0, 0x6ce90
0, 0xa8ec0
2, 2
3, 0
3, 0
3, 0
3, 0
3, 0
3, 0
3, 0
3, 0
3, 0
3, 0
3, 0
3, 0
3, 0
3, 0
1, 0xa8ec0
0, 0x6ceb0
0, 0xa8ee0
2, 2
3, 0
3, 0
3, 0
3, 0
3, 0
3, 0
3, 0
3, 0
3, 0
3, 0
3, 0
3, 0
3, 0
3, 0
0, 0x6ced0
0, 0xa8f00
0, 0x6cef0
0, 0xa8f20
0, 0x6cf10
0, 0xa8f40
0, 0x6cf30
0, 0xa8f60
1, 0xa8ee0
0, 0x6ced0
0, 0xa8f00
2, 2
3, 0
3, 0
3, 0
3, 0
3, 0
3, 0
3, 0
3, 0
3, 0
3, 0
3, 0
3, 0
3, 0
3, 0
1, 0xa8f00
0, 0x6cef0
0, 0xa8f20
2, 2
3, 0
3, 0
3, 0
3, 0
3, 0
3, 0
3, 0
3, 0
3, 0
3, 0
3, 0
3, 0
3, 0
3, 0
1, 0xa8f20
0, 0x6cf10
0, 0xa8f40
2, 2
3, 0
3, 0
3, 0
3, 0
3, 0
3, 0
3, 0
3, 0
3, 0
3, 0
3, 0
3, 0
3, 0
3, 0
1, 0xa8f40
0, 0x6cf30
0, 0xa8f60
2, 2
3, 0
3, 0
3, 0
3, 0
3, 0
3, 0
3, 0
3, 0
3, 0
3, 0
3, 0
3, 0
3, 0
3, 0
0, 0x6cf50
0, 0xa8f80
0, 0x6cf70
0, 0xa8fa0
0, 0x6cf90
0, 0xa8fc0
0, 0x6cfb0
0, 0xa8fe0
1, 0xa8f60
0, 0x6cf50
0, 0xa8f80
2, 2
3, 0
3, 0
3, 0
3, 0
3, 0
3, 0
3, 0
3, 0
3, 0
3, 0
3, 0
3, 0
3, 0
3, 0
1, 0xa8f80
0, 0x6cf70
0, 0xa8fa0
2, 2
3, 0
3, 0
3, 0
3, 0
3, 0
3, 0
3, 0
3, 0
3, 0
3, 0
3, 0
3, 0
3, 0
3, 0
1, 0xa8fa0
0, 0x6cf90
0, 0xa8fc0
2, 2
3, 0
3, 0
3, 0
3, 0
3, 0
3, 0
3, 0
3, 0
3, 0
3, 0
3, 0
3, 0
3, 0
3, 0
1, 0xa8fc0
0, 0x6cfb0
0, 0xa8fe0
2, 2
3, 0
3, 0
3, 0
3, 0
3, 0
3, 0
3, 0
3, 0
3, 0
3, 0
3, 0
3, 0
3, 0
3, 0
0, 0x6cfd0
0, 0xa9000
0, 0x6cff0
0, 0xa9020
0, 0x6d010
0, 0xa9040
0, 0x6d030
0, 0xa9060
1, 0xa8fe0
0, 0x6cfd0
0, 0xa9000
2, 2
3, 0
3, 0
3, 0
3, 0
3, 0
3, 0
3, 0
3, 0
3, 0
3, 0
3, 0
3, 0
3, 0
3, 0
1, 0xa9000
0, 0x6cff0
0, 0xa9020
2, 2
3, 0
3, 0
3, 0
3, 0
3, 0
3, 0
3, 0
3, 0
3, 0
3, 0
3, 0
3, 0
3, 0
3, 0
1, 0xa9020
0, 0x6d010
0, 0xa9040
2, 2
3, 0
3, 0
3, 0
3, 0
3, 0
3, 0
3, 0
3, 0
3, 0
3, 0
3, 0
3, 0
3, 0
3, 0
1, 0xa9040
0, 0x6d030
0, 0xa9060
2, 2
3, 0
3, 0
3, 0
3, 0
3, 0
3, 0
3, 0
3, 0
3, 0
3, 0
3, 0
3, 0
3, 0
3, 0
0, 0x6d050
0, 0xa9080
0, 0x6d070
0, 0xa90a0
0, 0x6d090
0, 0xa90c0
0, 0x6d0b0
0, 0xa90e0
1, 0xa9060
0, 0x6d050
0, 0xa9080
2, 2
3, 0
3, 0
3, 0
3, 0
3, 0
3, 0
3, 0
3, 0
3, 0
3, 0
3, 0
3, 0
3, 0
3, 0
1, 0xa9080
0, 0x6d070
0, 0xa90a0
2, 2
3, 0
3, 0
3, 0
3, 0
3, 0
3, 0
3, 0
3, 0
3, 0
3, 0
3, 0
3, 0
3, 0
3, 0
1, 0xa90a0
0, 0x6d090
0, 0xa90c0
2, 2
3, 0
3, 0
3, 0
3, 0
3, 0
3, 0
3, 0
3, 0
3, 0
3, 0
3, 0
3, 0
3, 0
3, 0
1, 0xa90c0
0, 0x6d0b0
0, 0xa90e0
2, 2
3, 0
3, 0
3, 0
3, 0
3, 0
3, 0
3, 0
3, 0
3, 0
3, 0
3, 0
3, 0
3, 0
3, 0
0, 0x6d0d0
0, 0xa9100
0, 0x6d0f0
0, 0xa9120
0, 0x6d110
0, 0xa9140
0, 0x6d130
0, 0xa9160
1, 0xa90e0
0, 0x6d0d0
0, 0xa9100
2, 2
3, 0
3, 0
3, 0
3, 0
3, 0
3, 0
3, 0
3, 0
3, 0
3, 0
3, 0
3, 0
3, 0
3, 0
1, 0xa9100
0, 0x6d0f0
0, 0xa9120
2, 2
3, 0
3, 0
3, 0
3, 0
3, 0
3, 0
3, 0
3, 0
3, 0
3, 0
3, 0
3, 0
3, 0
3, 0
1, 0xa9120
0, 0x6d110
0, 0xa9140
2, 2
3, 0
3, 0
3, 0
3, 0
3, 0
3, 0
3, 0
3, 0
3, 0
3, 0
3, 0
3, 0
3, 0
3, 0
1, 0xa9140
0, 0x6d130
0, 0xa9160
2, 2
3, 0
3, 0
3, 0
3, 0
3, 0
3, 0
3, 0
3, 0
3, 0
3, 0
3, 0
3, 0
3, 0
3, 0
0, 0x6d150
0, 0xa9180
0, 0x6d170
0, 0xa91a0
0, 0x6d190
0, 0xa91c0
0, 0x6d1b0
0, 0xa91e0
1, 0xa9160
0, 0x6d150
0, 0xa9180
2, 2
3, 0
3, 0
3, 0
3, 0
3, 0
3, 0
3, 0
3, 0
3, 0
3, 0
3, 0
3, 0
3, 0
3, 0
1, 0xa9180
0, 0x6d170
0, 0xa91a0
2, 2
3, 0
3, 0
3, 0
3, 0
3, 0
3, 0
3, 0
3, 0
3, 0
3, 0
3, 0
3, 0
3, 0
3, 0
1, 0xa91a0
0, 0x6d190
0, 0xa91c0
2, 2
3, 0
3, 0
3, 0
3, 0
3, 0
3, 0
3, 0
3, 0
3, 0
3, 0
3, 0
3, 0
3, 0
3, 0
1, 0xa91c0
0, 0x6d1b0
0, 0xa91e0
2, 2
3, 0
3, 0
3, 0
3, 0
3, 0
3, 0
3, 0
3, 0
3, 0
3, 0
3, 0
3, 0
3, 0
3, 0
0, 0x6d1d0
0, 0xa9200
0, 0x6d1f0
0, 0xa9220
0, 0x6d210
0, 0xa9240
0, 0x6d230
0, 0xa9260
1, 0xa91e0
0, 0x6d1d0
0, 0xa9200
2, 2
3, 0
3, 0
3, 0
3, 0
3, 0
3, 0
3, 0
3, 0
3, 0
3, 0
3, 0
3, 0
3, 0
3, 0
1, 0xa9200
0, 0x6d1f0
0, 0xa9220
2, 2
3, 0
3, 0
3, 0
3, 0
3, 0
3, 0
3, 0
3, 0
3, 0
3, 0
3, 0
3, 0
3, 0
3, 0
1, 0xa9220
0, 0x6d210
0, 0xa9240
2, 2
3, 0
3, 0
3, 0
3, 0
3, 0
3, 0
3, 0
3, 0
3, 0
3, 0
3, 0
3, 0
3, 0
3, 0
1, 0xa9240
0, 0x6d230
0, 0xa9260
2, 2
3, 0
3, 0
3, 0
3, 0
3, 0
3, 0
3, 0
3, 0
3, 0
3, 0
3, 0
3, 0
3, 0
3, 0
0, 0x6d250
0, 0xa9280
0, 0x6d270
0, 0xa92a0
0, 0x6d290
0, 0xa92c0
0, 0x6d2b0
0, 0xa92e0
1, 0xa9260
0, 0x6d250
0, 0xa9280
2, 2
3, 0
3, 0
3, 0
3, 0
3, 0
3, 0
3, 0
3, 0
3, 0
3, 0
3, 0
3, 0
3, 0
3, 0
1, 0xa9280
0, 0x6d270
0, 0xa92a0
2, 2
3, 0
3, 0
3, 0
3, 0
3, 0
3, 0
3, 0
3, 0
3, 0
3, 0
3, 0
3, 0
3, 0
3, 0
1, 0xa92a0
0, 0x6d290
0, 0xa92c0
2, 2
3, 0
3, 0
3, 0
3, 0
3, 0
3, 0
3, 0
3, 0
3, 0
3, 0
3, 0
3, 0
3, 0
3, 0
1, 0xa92c0
0, 0x6d2b0
0, 0xa92e0
2, 2
3, 0
3, 0
3, 0
3, 0
3, 0
3, 0
3, 0
3, 0
3, 0
3, 0
3, 0
3, 0
3, 0
3, 0
0, 0x6d2d0
0, 0xa9300
0, 0x6d2f0
0, 0xa9320
0, 0x6d310
0, 0xa9340
0, 0x6d330
0, 0xa9360
1, 0xa92e0
0, 0x6d2d0
0, 0xa9300
2, 2
3, 0
3, 0
3, 0
3, 0
3, 0
3, 0
3, 0
3, 0
3, 0
3, 0
3, 0
3, 0
3, 0
3, 0
1, 0xa9300
0, 0x6d2f0
0, 0xa9320
2, 2
3, 0
3, 0
3, 0
3, 0
3, 0
3, 0
3, 0
3, 0
3, 0
3, 0
3, 0
3, 0
3, 0
3, 0
1, 0xa9320
0, 0x6d310
0, 0xa9340
2, 2
3, 0
3, 0
3, 0
3, 0
3, 0
3, 0
3, 0
3, 0
3, 0
3, 0
3, 0
3, 0
3, 0
3, 0
1, 0xa9340
0, 0x6d330
0, 0xa9360
2, 2
3, 0
3, 0
3, 0
3, 0
3, 0
3, 0
3, 0
3, 0
3, 0
3, 0
3, 0
3, 0
3, 0
3, 0
0, 0x6d350
0, 0xa9380
0, 0x6d370
0, 0xa93a0
0, 0x6d390
0, 0xa93c0
0, 0x6d3b0
0, 0xa93e0
1, 0xa9360
0, 0x6d350
0, 0xa9380
2, 2
3, 0
3, 0
3, 0
3, 0
3, 0
3, 0
3, 0
3, 0
3, 0
3, 0
3, 0
3, 0
3, 0
3, 0
1, 0xa9380
0, 0x6d370
0, 0xa93a0
2, 2
3, 0
3, 0
3, 0
3, 0
3, 0
3, 0
3, 0
3, 0
3, 0
3, 0
3, 0
3, 0
3, 0
3, 0
1, 0xa93a0
0, 0x6d390
0, 0xa93c0
2, 2
3, 0
3, 0
3, 0
3, 0
3, 0
3, 0
3, 0
3, 0
3, 0
3, 0
3, 0
3, 0
3, 0
3, 0
1, 0xa93c0
0, 0x6d3b0
0, 0xa93e0
2, 2
3, 0
3, 0
3, 0
3, 0
3, 0
3, 0
3, 0
3, 0
3, 0
3, 0
3, 0
3, 0
3, 0
3, 0
0, 0x6d3d0
0, 0xa9400
0, 0x6d3f0
0, 0xa9420
0, 0x6d410
0, 0xa9440
0, 0x6d430
0, 0xa9460
1, 0xa93e0
0, 0x6d3d0
0, 0xa9400
2, 2
3, 0
3, 0
3, 0
3, 0
3, 0
3, 0
3, 0
3, 0
3, 0
3, 0
3, 0
3, 0
3, 0
3, 0
1, 0xa9400
0, 0x6d3f0
0, 0xa9420
2, 2
3, 0
3, 0
3, 0
3, 0
3, 0
3, 0
3, 0
3, 0
3, 0
3, 0
3, 0
3, 0
3, 0
3, 0
1, 0xa9420
0, 0x6d410
0, 0xa9440
2, 2
3, 0
3, 0
3, 0
3, 0
3, 0
3, 0
3, 0
3, 0
3, 0
3, 0
3, 0
3, 0
3, 0
3, 0
1, 0xa9440
0, 0x6d430
0, 0xa9460
2, 2
3, 0
3, 0
3, 0
3, 0
3, 0
3, 0
3, 0
3, 0
3, 0
3, 0
3, 0
3, 0
3, 0
3, 0
0, 0x6d450
0, 0xa9480
0, 0x6d470
0, 0xa94a0
0, 0x6d490
0, 0xa94c0
0, 0x6d4b0
0, 0xa94e0
1, 0xa9460
0, 0x6d450
0, 0xa9480
2, 2
3, 0
3, 0
3, 0
3, 0
3, 0
3, 0
3, 0
3, 0
3, 0
3, 0
3, 0
3, 0
3, 0
3, 0
1, 0xa9480
0, 0x6d470
0, 0xa94a0
2, 2
3, 0
3, 0
3, 0
3, 0
3, 0
3, 0
3, 0
3, 0
3, 0
3, 0
3, 0
3, 0
3, 0
3, 0
1, 0xa94a0
0, 0x6d490
0, 0xa94c0
2, 2
3, 0
3, 0
3, 0
3, 0
3, 0
3, 0
3, 0
3, 0
3, 0
3, 0
3, 0
3, 0
3, 0
3, 0
1, 0xa94c0
0, 0x6d4b0
0, 0xa94e0
2, 2
3, 0
3, 0
3, 0
3, 0
3, 0
3, 0
3, 0
3, 0
3, 0
3, 0
3, 0
3, 0
3, 0
3, 0
0, 0x6d4d0
0, 0xa9500
0, 0x6d4f0
0, 0xa9520
0, 0x6d510
0, 0xa9540
0, 0x6d530
0, 0xa9560
1, 0xa94e0
0, 0x6d4d0
0, 0xa9500
2, 2
3, 0
3, 0
3, 0
3, 0
3, 0
3, 0
3, 0
3, 0
3, 0
3, 0
3, 0
3, 0
3, 0
3, 0
1, 0xa9500
0, 0x6d4f0
0, 0xa9520
2, 2
3, 0
3, 0
3, 0
3, 0
3, 0
3, 0
3, 0
3, 0
3, 0
3, 0
3, 0
3, 0
3, 0
3, 0
1, 0xa9520
0, 0x6d510
0, 0xa9540
2, 2
3, 0
3, 0
3, 0
3, 0
3, 0
3, 0
3, 0
3, 0
3, 0
3, 0
3, 0
3, 0
3, 0
3, 0
1, 0xa9540
0, 0x6d530
0, 0xa9560
2, 2
3, 0
3, 0
3, 0
3, 0
3, 0
3, 0
3, 0
3, 0
3, 0
3, 0
3, 0
3, 0
3, 0
3, 0
0, 0x6d550
0, 0xa9580
0, 0x6d570
0, 0xa95a0
0, 0x6d590
0, 0xa95c0
0, 0x6d5b0
0, 0xa95e0
1, 0xa9560
0, 0x6d550
0, 0xa9580
2, 2
3, 0
3, 0
3, 0
3, 0
3, 0
3, 0
3, 0
3, 0
3, 0
3, 0
3, 0
3, 0
3, 0
3, 0
1, 0xa9580
0, 0x6d570
0, 0xa95a0
2, 2
3, 0
3, 0
3, 0
3, 0
3, 0
3, 0
3, 0
3, 0
3, 0
3, 0
3, 0
3, 0
3, 0
3, 0
1, 0xa95a0
0, 0x6d590
0, 0xa95c0
2, 2
3, 0
3, 0
3, 0
3, 0
3, 0
3, 0
3, 0
3, 0
3, 0
3, 0
3, 0
3, 0
3, 0
3, 0
1, 0xa95c0
0, 0x6d5b0
0, 0xa95e0
2, 2
3, 0
3, 0
3, 0
3, 0
3, 0
3, 0
3, 0
3, 0
3, 0
3, 0
3, 0
3, 0
3, 0
3, 0
0, 0x6d5d0
0, 0xa9600
0, 0x6d5f0
0, 0xa9620
0, 0x6d610
0, 0xa9640
0, 0x6d630
0, 0xa9660
1, 0xa95e0
0, 0x6d5d0
0, 0xa9600
2, 2
3, 0
3, 0
3, 0
3, 0
3, 0
3, 0
3, 0
3, 0
3, 0
3, 0
3, 0
3, 0
3, 0
3, 0
1, 0xa9600
0, 0x6d5f0
0, 0xa9620
2, 2
3, 0
3, 0
3, 0
3, 0
3, 0
3, 0
3, 0
3, 0
3, 0
3, 0
3, 0
3, 0
3, 0
3, 0
1, 0xa9620
0, 0x6d610
0, 0xa9640
2, 2
3, 0
3, 0
3, 0
3, 0
3, 0
3, 0
3, 0
3, 0
3, 0
3, 0
3, 0
3, 0
3, 0
3, 0
1, 0xa9640
0, 0x6d630
0, 0xa9660
2, 2
3, 0
3, 0
3, 0
3, 0
3, 0
3, 0
3, 0
3, 0
3, 0
3, 0
3, 0
3, 0
3, 0
3, 0
0, 0x6d650
0, 0xa9680
0, 0x6d670
0, 0xa96a0
0, 0x6d690
0, 0xa96c0
0, 0x6d6b0
0, 0xa96e0
1, 0xa9660
0, 0x6d650
0, 0xa9680
2, 2
3, 0
3, 0
3, 0
3, 0
3, 0
3, 0
3, 0
3, 0
3, 0
3, 0
3, 0
3, 0
3, 0
3, 0
1, 0xa9680
0, 0x6d670
0, 0xa96a0
2, 2
3, 0
3, 0
3, 0
3, 0
3, 0
3, 0
3, 0
3, 0
3, 0
3, 0
3, 0
3, 0
3, 0
3, 0
1, 0xa96a0
0, 0x6d690
0, 0xa96c0
2, 2
3, 0
3, 0
3, 0
3, 0
3, 0
3, 0
3, 0
3, 0
3, 0
3, 0
3, 0
3, 0
3, 0
3, 0
1, 0xa96c0
0, 0x6d6b0
0, 0xa96e0
2, 2
3, 0
3, 0
3, 0
3, 0
3, 0
3, 0
3, 0
3, 0
3, 0
3, 0
3, 0
3, 0
3, 0
3, 0
0, 0x6d6d0
0, 0xa9700
0, 0x6d6f0
0, 0xa9720
0, 0x6d710
0, 0xa9740
0, 0x6d730
0, 0xa9760
1, 0xa96e0
0, 0x6d6d0
0, 0xa9700
2, 2
3, 0
3, 0
3, 0
3, 0
3, 0
3, 0
3, 0
3, 0
3, 0
3, 0
3, 0
3, 0
3, 0
3, 0
1, 0xa9700
0, 0x6d6f0
0, 0xa9720
2, 2
3, 0
3, 0
3, 0
3, 0
3, 0
3, 0
3, 0
3, 0
3, 0
3, 0
3, 0
3, 0
3, 0
3, 0
1, 0xa9720
0, 0x6d710
0, 0xa9740
2, 2
3, 0
3, 0
3, 0
3, 0
3, 0
3, 0
3, 0
3, 0
3, 0
3, 0
3, 0
3, 0
3, 0
3, 0
1, 0xa9740
0, 0x6d730
0, 0xa9760
2, 2
3, 0
3, 0
3, 0
3, 0
3, 0
3, 0
3, 0
3, 0
3, 0
3, 0
3, 0
3, 0
3, 0
3, 0
0, 0x6d750
0, 0xa9780
0, 0x6d770
0, 0xa97a0
0, 0x6d790
0, 0xa97c0
0, 0x6d7b0
0, 0xa97e0
1, 0xa9760
0, 0x6d750
0, 0xa9780
2, 2
3, 0
3, 0
3, 0
3, 0
3, 0
3, 0
3, 0
3, 0
3, 0
3, 0
3, 0
3, 0
3, 0
3, 0
1, 0xa9780
0, 0x6d770
0, 0xa97a0
2, 2
3, 0
3, 0
3, 0
3, 0
3, 0
3, 0
3, 0
3, 0
3, 0
3, 0
3, 0
3, 0
3, 0
3, 0
1, 0xa97a0
0, 0x6d790
0, 0xa97c0
2, 2
3, 0
3, 0
3, 0
3, 0
3, 0
3, 0
3, 0
3, 0
3, 0
3, 0
3, 0
3, 0
3, 0
3, 0
1, 0xa97c0
0, 0x6d7b0
0, 0xa97e0
2, 2
3, 0
3, 0
3, 0
3, 0
3, 0
3, 0
3, 0
3, 0
3, 0
3, 0
3, 0
3, 0
3, 0
3, 0
0, 0x6d7d0
0, 0xa9800
0, 0x6d7f0
0, 0xa9820
0, 0x6d810
0, 0xa9840
0, 0x6d830
0, 0xa9860
1, 0xa97e0
0, 0x6d7d0
0, 0xa9800
2, 2
3, 0
3, 0
3, 0
3, 0
3, 0
3, 0
3, 0
3, 0
3, 0
3, 0
3, 0
3, 0
3, 0
3, 0
1, 0xa9800
0, 0x6d7f0
0, 0xa9820
2, 2
3, 0
3, 0
3, 0
3, 0
3, 0
3, 0
3, 0
3, 0
3, 0
3, 0
3, 0
3, 0
3, 0
3, 0
1, 0xa9820
0, 0x6d810
0, 0xa9840
2, 2
3, 0
3, 0
3, 0
3, 0
3, 0
3, 0
3, 0
3, 0
3, 0
3, 0
3, 0
3, 0
3, 0
3, 0
1, 0xa9840
0, 0x6d830
0, 0xa9860
2, 2
3, 0
3, 0
3, 0
3, 0
3, 0
3, 0
3, 0
3, 0
3, 0
3, 0
3, 0
3, 0
3, 0
3, 0
0, 0x6d850
0, 0xa9880
0, 0x6d870
0, 0xa98a0
0, 0x6d890
0, 0xa98c0
0, 0x6d8b0
0, 0xa98e0
1, 0xa9860
0, 0x6d850
0, 0xa9880
2, 2
3, 0
3, 0
3, 0
3, 0
3, 0
3, 0
3, 0
3, 0
3, 0
3, 0
3, 0
3, 0
3, 0
3, 0
1, 0xa9880
0, 0x6d870
0, 0xa98a0
2, 2
3, 0
3, 0
3, 0
3, 0
3, 0
3, 0
3, 0
3, 0
3, 0
3, 0
3, 0
3, 0
3, 0
3, 0
1, 0xa98a0
0, 0x6d890
0, 0xa98c0
2, 2
3, 0
3, 0
3, 0
3, 0
3, 0
3, 0
3, 0
3, 0
3, 0
3, 0
3, 0
3, 0
3, 0
3, 0
1, 0xa98c0
0, 0x6d8b0
0, 0xa98e0
2, 2
3, 0
3, 0
3, 0
3, 0
3, 0
3, 0
3, 0
3, 0
3, 0
3, 0
3, 0
3, 0
3, 0
3, 0
0, 0x6d8d0
0, 0xa9900
0, 0x6d8f0
0, 0xa9920
0, 0x6d910
0, 0xa9940
0, 0x6d930
0, 0xa9960
1, 0xa98e0
0, 0x6d8d0
0, 0xa9900
2, 2
3, 0
3, 0
3, 0
3, 0
3, 0
3, 0
3, 0
3, 0
3, 0
3, 0
3, 0
3, 0
3, 0
3, 0
1, 0xa9900
0, 0x6d8f0
0, 0xa9920
2, 2
3, 0
3, 0
3, 0
3, 0
3, 0
3, 0
3, 0
3, 0
3, 0
3, 0
3, 0
3, 0
3, 0
3, 0
1, 0xa9920
0, 0x6d910
0, 0xa9940
2, 2
3, 0
3, 0
3, 0
3, 0
3, 0
3, 0
3, 0
3, 0
3, 0
3, 0
3, 0
3, 0
3, 0
3, 0
1, 0xa9940
0, 0x6d930
0, 0xa9960
2, 2
3, 0
3, 0
3, 0
3, 0
3, 0
3, 0
3, 0
3, 0
3, 0
3, 0
3, 0
3, 0
3, 0
3, 0
0, 0x6d950
0, 0xa9980
0, 0x6d970
0, 0xa99a0
0, 0x6d990
0, 0xa99c0
0, 0x6d9b0
0, 0xa99e0
1, 0xa9960
0, 0x6d950
0, 0xa9980
2, 2
3, 0
3, 0
3, 0
3, 0
3, 0
3, 0
3, 0
3, 0
3, 0
3, 0
3, 0
3, 0
3, 0
3, 0
1, 0xa9980
0, 0x6d970
0, 0xa99a0
2, 2
3, 0
3, 0
3, 0
3, 0
3, 0
3, 0
3, 0
3, 0
3, 0
3, 0
3, 0
3, 0
3, 0
3, 0
1, 0xa99a0
0, 0x6d990
0, 0xa99c0
2, 2
3, 0
3, 0
3, 0
3, 0
3, 0
3, 0
3, 0
3, 0
3, 0
3, 0
3, 0
3, 0
3, 0
3, 0
1, 0xa99c0
0, 0x6d9b0
0, 0xa99e0
2, 2
3, 0
3, 0
3, 0
3, 0
3, 0
3, 0
3, 0
3, 0
3, 0
3, 0
3, 0
3, 0
3, 0
3, 0
0, 0x6d9d0
0, 0xa9a00
0, 0x6d9f0
0, 0xa9a20
0, 0x6da10
0, 0xa9a40
0, 0x6da30
0, 0xa9a60
1, 0xa99e0
0, 0x6d9d0
0, 0xa9a00
2, 2
3, 0
3, 0
3, 0
3, 0
3, 0
3, 0
3, 0
3, 0
3, 0
3, 0
3, 0
3, 0
3, 0
3, 0
1, 0xa9a00
0, 0x6d9f0
0, 0xa9a20
2, 2
3, 0
3, 0
3, 0
3, 0
3, 0
3, 0
3, 0
3, 0
3, 0
3, 0
3, 0
3, 0
3, 0
3, 0
1, 0xa9a20
0, 0x6da10
0, 0xa9a40
2, 2
3, 0
3, 0
3, 0
3, 0
3, 0
3, 0
3, 0
3, 0
3, 0
3, 0
3, 0
3, 0
3, 0
3, 0
1, 0xa9a40
0, 0x6da30
0, 0xa9a60
2, 2
3, 0
3, 0
3, 0
3, 0
3, 0
3, 0
3, 0
3, 0
3, 0
3, 0
3, 0
3, 0
3, 0
3, 0
0, 0x6da50
0, 0xa9a80
0, 0x6da70
0, 0xa9aa0
0, 0x6da90
0, 0xa9ac0
0, 0x6dab0
0, 0xa9ae0
1, 0xa9a60
0, 0x6da50
0, 0xa9a80
2, 2
3, 0
3, 0
3, 0
3, 0
3, 0
3, 0
3, 0
3, 0
3, 0
3, 0
3, 0
3, 0
3, 0
3, 0
1, 0xa9a80
0, 0x6da70
0, 0xa9aa0
2, 2
3, 0
3, 0
3, 0
3, 0
3, 0
3, 0
3, 0
3, 0
3, 0
3, 0
3, 0
3, 0
3, 0
3, 0
1, 0xa9aa0
0, 0x6da90
0, 0xa9ac0
2, 2
3, 0
3, 0
3, 0
3, 0
3, 0
3, 0
3, 0
3, 0
3, 0
3, 0
3, 0
3, 0
3, 0
3, 0
1, 0xa9ac0
0, 0x6dab0
0, 0xa9ae0
2, 2
3, 0
3, 0
3, 0
3, 0
3, 0
3, 0
3, 0
3, 0
3, 0
3, 0
3, 0
3, 0
3, 0
3, 0
0, 0x6dad0
0, 0xa9b00
0, 0x6daf0
0, 0xa9b20
0, 0x6db10
0, 0xa9b40
0, 0x6db30
0, 0xa9b60
1, 0xa9ae0
0, 0x6dad0
0, 0xa9b00
2, 2
3, 0
3, 0
3, 0
3, 0
3, 0
3, 0
3, 0
3, 0
3, 0
3, 0
3, 0
3, 0
3, 0
3, 0
1, 0xa9b00
0, 0x6daf0
0, 0xa9b20
2, 2
3, 0
3, 0
3, 0
3, 0
3, 0
3, 0
3, 0
3, 0
3, 0
3, 0
3, 0
3, 0
3, 0
3, 0
1, 0xa9b20
0, 0x6db10
0, 0xa9b40
2, 2
3, 0
3, 0
3, 0
3, 0
3, 0
3, 0
3, 0
3, 0
3, 0
3, 0
3, 0
3, 0
3, 0
3, 0
1, 0xa9b40
0, 0x6db30
0, 0xa9b60
2, 2
3, 0
3, 0
3, 0
3, 0
3, 0
3, 0
3, 0
3, 0
3, 0
3, 0
3, 0
3, 0
3, 0
3, 0
0, 0x6db50
0, 0xa9b80
0, 0x6db70
0, 0xa9ba0
0, 0x6db90
0, 0xa9bc0
0, 0x6dbb0
0, 0xa9be0
1, 0xa9b60
0, 0x6db50
0, 0xa9b80
2, 2
3, 0
3, 0
3, 0
3, 0
3, 0
3, 0
3, 0
3, 0
3, 0
3, 0
3, 0
3, 0
3, 0
3, 0
1, 0xa9b80
0, 0x6db70
0, 0xa9ba0
2, 2
3, 0
3, 0
3, 0
3, 0
3, 0
3, 0
3, 0
3, 0
3, 0
3, 0
3, 0
3, 0
3, 0
3, 0
1, 0xa9ba0
0, 0x6db90
0, 0xa9bc0
2, 2
3, 0
3, 0
3, 0
3, 0
3, 0
3, 0
3, 0
3, 0
3, 0
3, 0
3, 0
3, 0
3, 0
3, 0
1, 0xa9bc0
0, 0x6dbb0
0, 0xa9be0
2, 2
3, 0
3, 0
3, 0
3, 0
3, 0
3, 0
3, 0
3, 0
3, 0
3, 0
3, 0
3, 0
3, 0
3, 0
0, 0x6dbd0
0, 0xa9c00
0, 0x6dbf0
0, 0xa9c20
0, 0x6dc10
0, 0xa9c40
0, 0x6dc30
0, 0xa9c60
1, 0xa9be0
0, 0x6dbd0
0, 0xa9c00
2, 2
3, 0
3, 0
3, 0
3, 0
3, 0
3, 0
3, 0
3, 0
3, 0
3, 0
3, 0
3, 0
3, 0
3, 0
1, 0xa9c00
0, 0x6dbf0
0, 0xa9c20
2, 2
3, 0
3, 0
3, 0
3, 0
3, 0
3, 0
3, 0
3, 0
3, 0
3, 0
3, 0
3, 0
3, 0
3, 0
1, 0xa9c20
0, 0x6dc10
0, 0xa9c40
2, 2
3, 0
3, 0
3, 0
3, 0
3, 0
3, 0
3, 0
3, 0
3, 0
3, 0
3, 0
3, 0
3, 0
3, 0
1, 0xa9c40
0, 0x6dc30
0, 0xa9c60
2, 2
3, 0
3, 0
3, 0
3, 0
3, 0
3, 0
3, 0
3, 0
3, 0
3, 0
3, 0
3, 0
3, 0
3, 0
0, 0x6dc50
0, 0xa9c80
0, 0x6dc70
0, 0xa9ca0
0, 0x6dc90
0, 0xa9cc0
0, 0x6dcb0
0, 0xa9ce0
1, 0xa9c60
0, 0x6dc50
0, 0xa9c80
2, 2
3, 0
3, 0
3, 0
3, 0
3, 0
3, 0
3, 0
3, 0
3, 0
3, 0
3, 0
3, 0
3, 0
3, 0
1, 0xa9c80
0, 0x6dc70
0, 0xa9ca0
2, 2
3, 0
3, 0
3, 0
3, 0
3, 0
3, 0
3, 0
3, 0
3, 0
3, 0
3, 0
3, 0
3, 0
3, 0
1, 0xa9ca0
0, 0x6dc90
0, 0xa9cc0
2, 2
3, 0
3, 0
3, 0
3, 0
3, 0
3, 0
3, 0
3, 0
3, 0
3, 0
3, 0
3, 0
3, 0
3, 0
1, 0xa9cc0
0, 0x6dcb0
0, 0xa9ce0
2, 2
3, 0
3, 0
3, 0
3, 0
3, 0
3, 0
3, 0
3, 0
3, 0
3, 0
3, 0
3, 0
3, 0
3, 0
0, 0x6dcd0
0, 0xa9d00
0, 0x6dcf0
0, 0xa9d20
0, 0x6dd10
0, 0xa9d40
0, 0x6dd30
0, 0xa9d60
1, 0xa9ce0
0, 0x6dcd0
0, 0xa9d00
2, 2
3, 0
3, 0
3, 0
3, 0
3, 0
3, 0
3, 0
3, 0
3, 0
3, 0
3, 0
3, 0
3, 0
3, 0
1, 0xa9d00
0, 0x6dcf0
0, 0xa9d20
2, 2
3, 0
3, 0
3, 0
3, 0
3, 0
3, 0
3, 0
3, 0
3, 0
3, 0
3, 0
3, 0
3, 0
3, 0
1, 0xa9d20
0, 0x6dd10
0, 0xa9d40
2, 2
3, 0
3, 0
3, 0
3, 0
3, 0
3, 0
3, 0
3, 0
3, 0
3, 0
3, 0
3, 0
3, 0
3, 0
1, 0xa9d40
0, 0x6dd30
0, 0xa9d60
2, 2
3, 0
3, 0
3, 0
3, 0
3, 0
3, 0
3, 0
3, 0
3, 0
3, 0
3, 0
3, 0
3, 0
3, 0
0, 0x6dd50
0, 0xa9d80
0, 0x6dd70
0, 0xa9da0
0, 0x6dd90
0, 0xa9dc0
0, 0x6ddb0
0, 0xa9de0
1, 0xa9d60
0, 0x6dd50
0, 0xa9d80
2, 2
3, 0
3, 0
3, 0
3, 0
3, 0
3, 0
3, 0
3, 0
3, 0
3, 0
3, 0
3, 0
3, 0
3, 0
1, 0xa9d80
0, 0x6dd70
0, 0xa9da0
2, 2
3, 0
3, 0
3, 0
3, 0
3, 0
3, 0
3, 0
3, 0
3, 0
3, 0
3, 0
3, 0
3, 0
3, 0
1, 0xa9da0
0, 0x6dd90
0, 0xa9dc0
2, 2
3, 0
3, 0
3, 0
3, 0
3, 0
3, 0
3, 0
3, 0
3, 0
3, 0
3, 0
3, 0
3, 0
3, 0
1, 0xa9dc0
0, 0x6ddb0
0, 0xa9de0
2, 2
3, 0
3, 0
3, 0
3, 0
3, 0
3, 0
3, 0
3, 0
3, 0
3, 0
3, 0
3, 0
3, 0
3, 0
0, 0x6ddd0
0, 0xa9e00
0, 0x6ddf0
0, 0xa9e20
0, 0x6de10
0, 0xa9e40
0, 0x6de30
0, 0xa9e60
1, 0xa9de0
0, 0x6ddd0
0, 0xa9e00
2, 2
3, 0
3, 0
3, 0
3, 0
3, 0
3, 0
3, 0
3, 0
3, 0
3, 0
3, 0
3, 0
3, 0
3, 0
1, 0xa9e00
0, 0x6ddf0
0, 0xa9e20
2, 2
3, 0
3, 0
3, 0
3, 0
3, 0
3, 0
3, 0
3, 0
3, 0
3, 0
3, 0
3, 0
3, 0
3, 0
1, 0xa9e20
0, 0x6de10
0, 0xa9e40
2, 2
3, 0
3, 0
3, 0
3, 0
3, 0
3, 0
3, 0
3, 0
3, 0
3, 0
3, 0
3, 0
3, 0
3, 0
1, 0xa9e40
0, 0x6de30
0, 0xa9e60
2, 2
3, 0
3, 0
3, 0
3, 0
3, 0
3, 0
3, 0
3, 0
3, 0
3, 0
3, 0
3, 0
3, 0
3, 0
0, 0x6de50
0, 0xa9e80
0, 0x6de70
0, 0xa9ea0
0, 0x6de90
0, 0xa9ec0
0, 0x6deb0
0, 0xa9ee0
1, 0xa9e60
0, 0x6de50
0, 0xa9e80
2, 2
3, 0
3, 0
3, 0
3, 0
3, 0
3, 0
3, 0
3, 0
3, 0
3, 0
3, 0
3, 0
3, 0
3, 0
1, 0xa9e80
0, 0x6de70
0, 0xa9ea0
2, 2
3, 0
3, 0
3, 0
3, 0
3, 0
3, 0
3, 0
3, 0
3, 0
3, 0
3, 0
3, 0
3, 0
3, 0
1, 0xa9ea0
0, 0x6de90
0, 0xa9ec0
2, 2
3, 0
3, 0
3, 0
3, 0
3, 0
3, 0
3, 0
3, 0
3, 0
3, 0
3, 0
3, 0
3, 0
3, 0
1, 0xa9ec0
0, 0x6deb0
0, 0xa9ee0
2, 2
3, 0
3, 0
3, 0
3, 0
3, 0
3, 0
3, 0
3, 0
3, 0
3, 0
3, 0
3, 0
3, 0
3, 0
0, 0x6ded0
0, 0xa9f00
0, 0x6def0
0, 0xa9f20
0, 0x6df10
0, 0xa9f40
0, 0x6df30
0, 0xa9f60
1, 0xa9ee0
0, 0x6ded0
0, 0xa9f00
2, 2
3, 0
3, 0
3, 0
3, 0
3, 0
3, 0
3, 0
3, 0
3, 0
3, 0
3, 0
3, 0
3, 0
3, 0
1, 0xa9f00
0, 0x6def0
0, 0xa9f20
2, 2
3, 0
3, 0
3, 0
3, 0
3, 0
3, 0
3, 0
3, 0
3, 0
3, 0
3, 0
3, 0
3, 0
3, 0
1, 0xa9f20
0, 0x6df10
0, 0xa9f40
2, 2
3, 0
3, 0
3, 0
3, 0
3, 0
3, 0
3, 0
3, 0
3, 0
3, 0
3, 0
3, 0
3, 0
3, 0
1, 0xa9f40
0, 0x6df30
0, 0xa9f60
2, 2
3, 0
3, 0
3, 0
3, 0
3, 0
3, 0
3, 0
3, 0
3, 0
3, 0
3, 0
3, 0
3, 0
3, 0
0, 0x6df50
0, 0xa9f80
0, 0x6df70
0, 0xa9fa0
0, 0x6df90
0, 0xa9fc0
0, 0x6dfb0
0, 0xa9fe0
1, 0xa9f60
0, 0x6df50
0, 0xa9f80
2, 2
3, 0
3, 0
3, 0
3, 0
3, 0
3, 0
3, 0
3, 0
3, 0
3, 0
3, 0
3, 0
3, 0
3, 0
1, 0xa9f80
0, 0x6df70
0, 0xa9fa0
2, 2
3, 0
3, 0
3, 0
3, 0
3, 0
3, 0
3, 0
3, 0
3, 0
3, 0
3, 0
3, 0
3, 0
3, 0
1, 0xa9fa0
0, 0x6df90
0, 0xa9fc0
2, 2
3, 0
3, 0
3, 0
3, 0
3, 0
3, 0
3, 0
3, 0
3, 0
3, 0
3, 0
3, 0
3, 0
3, 0
1, 0xa9fc0
0, 0x6dfb0
0, 0xa9fe0
2, 2
3, 0
3, 0
3, 0
3, 0
3, 0
3, 0
3, 0
3, 0
3, 0
3, 0
3, 0
3, 0
3, 0
3, 0
0, 0x6dfd0
0, 0xaa000
0, 0x6dff0
0, 0xaa020
0, 0x6e010
0, 0xaa040
0, 0x6e030
0, 0xaa060
1, 0xa9fe0
0, 0x6dfd0
0, 0xaa000
2, 2
3, 0
3, 0
3, 0
3, 0
3, 0
3, 0
3, 0
3, 0
3, 0
3, 0
3, 0
3, 0
3, 0
3, 0
1, 0xaa000
0, 0x6dff0
0, 0xaa020
2, 2
3, 0
3, 0
3, 0
3, 0
3, 0
3, 0
3, 0
3, 0
3, 0
3, 0
3, 0
3, 0
3, 0
3, 0
1, 0xaa020
0, 0x6e010
0, 0xaa040
2, 2
3, 0
3, 0
3, 0
3, 0
3, 0
3, 0
3, 0
3, 0
3, 0
3, 0
3, 0
3, 0
3, 0
3, 0
1, 0xaa040
0, 0x6e030
0, 0xaa060
2, 2
3, 0
3, 0
3, 0
3, 0
3, 0
3, 0
3, 0
3, 0
3, 0
3, 0
3, 0
3, 0
3, 0
3, 0
0, 0x6e050
0, 0xaa080
0, 0x6e070
0, 0xaa0a0
0, 0x6e090
0, 0xaa0c0
0, 0x6e0b0
0, 0xaa0e0
1, 0xaa060
0, 0x6e050
0, 0xaa080
2, 2
3, 0
3, 0
3, 0
3, 0
3, 0
3, 0
3, 0
3, 0
3, 0
3, 0
3, 0
3, 0
3, 0
3, 0
1, 0xaa080
0, 0x6e070
0, 0xaa0a0
2, 2
3, 0
3, 0
3, 0
3, 0
3, 0
3, 0
3, 0
3, 0
3, 0
3, 0
3, 0
3, 0
3, 0
3, 0
1, 0xaa0a0
0, 0x6e090
0, 0xaa0c0
2, 2
3, 0
3, 0
3, 0
3, 0
3, 0
3, 0
3, 0
3, 0
3, 0
3, 0
3, 0
3, 0
3, 0
3, 0
1, 0xaa0c0
0, 0x6e0b0
0, 0xaa0e0
2, 2
3, 0
3, 0
3, 0
3, 0
3, 0
3, 0
3, 0
3, 0
3, 0
3, 0
3, 0
3, 0
3, 0
3, 0
0, 0x6e0d0
0, 0xaa100
0, 0x6e0f0
0, 0xaa120
0, 0x6e110
0, 0xaa140
0, 0x6e130
0, 0xaa160
1, 0xaa0e0
0, 0x6e0d0
0, 0xaa100
2, 2
3, 0
3, 0
3, 0
3, 0
3, 0
3, 0
3, 0
3, 0
3, 0
3, 0
3, 0
3, 0
3, 0
3, 0
1, 0xaa100
0, 0x6e0f0
0, 0xaa120
2, 2
3, 0
3, 0
3, 0
3, 0
3, 0
3, 0
3, 0
3, 0
3, 0
3, 0
3, 0
3, 0
3, 0
3, 0
1, 0xaa120
0, 0x6e110
0, 0xaa140
2, 2
3, 0
3, 0
3, 0
3, 0
3, 0
3, 0
3, 0
3, 0
3, 0
3, 0
3, 0
3, 0
3, 0
3, 0
1, 0xaa140
0, 0x6e130
0, 0xaa160
2, 2
3, 0
3, 0
3, 0
3, 0
3, 0
3, 0
3, 0
3, 0
3, 0
3, 0
3, 0
3, 0
3, 0
3, 0
0, 0x6e150
0, 0xaa180
0, 0x6e170
0, 0xaa1a0
0, 0x6e190
0, 0xaa1c0
0, 0x6e1b0
0, 0xaa1e0
1, 0xaa160
0, 0x6e150
0, 0xaa180
2, 2
3, 0
3, 0
3, 0
3, 0
3, 0
3, 0
3, 0
3, 0
3, 0
3, 0
3, 0
3, 0
3, 0
3, 0
1, 0xaa180
0, 0x6e170
0, 0xaa1a0
2, 2
3, 0
3, 0
3, 0
3, 0
3, 0
3, 0
3, 0
3, 0
3, 0
3, 0
3, 0
3, 0
3, 0
3, 0
1, 0xaa1a0
0, 0x6e190
0, 0xaa1c0
2, 2
3, 0
3, 0
3, 0
3, 0
3, 0
3, 0
3, 0
3, 0
3, 0
3, 0
3, 0
3, 0
3, 0
3, 0
1, 0xaa1c0
0, 0x6e1b0
0, 0xaa1e0
2, 2
3, 0
3, 0
3, 0
3, 0
3, 0
3, 0
3, 0
3, 0
3, 0
3, 0
3, 0
3, 0
3, 0
3, 0
0, 0x6e1d0
0, 0xaa200
0, 0x6e1f0
0, 0xaa220
0, 0x6e210
0, 0xaa240
0, 0x6e230
0, 0xaa260
1, 0xaa1e0
0, 0x6e1d0
0, 0xaa200
2, 2
3, 0
3, 0
3, 0
3, 0
3, 0
3, 0
3, 0
3, 0
3, 0
3, 0
3, 0
3, 0
3, 0
3, 0
1, 0xaa200
0, 0x6e1f0
0, 0xaa220
2, 2
3, 0
3, 0
3, 0
3, 0
3, 0
3, 0
3, 0
3, 0
3, 0
3, 0
3, 0
3, 0
3, 0
3, 0
1, 0xaa220
0, 0x6e210
0, 0xaa240
2, 2
3, 0
3, 0
3, 0
3, 0
3, 0
3, 0
3, 0
3, 0
3, 0
3, 0
3, 0
3, 0
3, 0
3, 0
1, 0xaa240
0, 0x6e230
0, 0xaa260
2, 2
3, 0
3, 0
3, 0
3, 0
3, 0
3, 0
3, 0
3, 0
3, 0
3, 0
3, 0
3, 0
3, 0
3, 0
0, 0x6e250
0, 0xaa280
0, 0x6e270
0, 0xaa2a0
0, 0x6e290
0, 0xaa2c0
0, 0x6e2b0
0, 0xaa2e0
1, 0xaa260
0, 0x6e250
0, 0xaa280
2, 2
3, 0
3, 0
3, 0
3, 0
3, 0
3, 0
3, 0
3, 0
3, 0
3, 0
3, 0
3, 0
3, 0
3, 0
1, 0xaa280
0, 0x6e270
0, 0xaa2a0
2, 2
3, 0
3, 0
3, 0
3, 0
3, 0
3, 0
3, 0
3, 0
3, 0
3, 0
3, 0
3, 0
3, 0
3, 0
1, 0xaa2a0
0, 0x6e290
0, 0xaa2c0
2, 2
3, 0
3, 0
3, 0
3, 0
3, 0
3, 0
3, 0
3, 0
3, 0
3, 0
3, 0
3, 0
3, 0
3, 0
1, 0xaa2c0
0, 0x6e2b0
0, 0xaa2e0
2, 2
3, 0
3, 0
3, 0
3, 0
3, 0
3, 0
3, 0
3, 0
3, 0
3, 0
3, 0
3, 0
3, 0
3, 0
0, 0x6e2d0
0, 0xaa300
0, 0x6e2f0
0, 0xaa320
0, 0x6e310
0, 0xaa340
0, 0x6e330
0, 0xaa360
1, 0xaa2e0
0, 0x6e2d0
0, 0xaa300
2, 2
3, 0
3, 0
3, 0
3, 0
3, 0
3, 0
3, 0
3, 0
3, 0
3, 0
3, 0
3, 0
3, 0
3, 0
1, 0xaa300
0, 0x6e2f0
0, 0xaa320
2, 2
3, 0
3, 0
3, 0
3, 0
3, 0
3, 0
3, 0
3, 0
3, 0
3, 0
3, 0
3, 0
3, 0
3, 0
1, 0xaa320
0, 0x6e310
0, 0xaa340
2, 2
3, 0
3, 0
3, 0
3, 0
3, 0
3, 0
3, 0
3, 0
3, 0
3, 0
3, 0
3, 0
3, 0
3, 0
1, 0xaa340
0, 0x6e330
0, 0xaa360
2, 2
3, 0
3, 0
3, 0
3, 0
3, 0
3, 0
3, 0
3, 0
3, 0
3, 0
3, 0
3, 0
3, 0
3, 0
0, 0x6e350
0, 0xaa380
0, 0x6e370
0, 0xaa3a0
0, 0x6e390
0, 0xaa3c0
0, 0x6e3b0
0, 0xaa3e0
1, 0xaa360
0, 0x6e350
0, 0xaa380
2, 2
3, 0
3, 0
3, 0
3, 0
3, 0
3, 0
3, 0
3, 0
3, 0
3, 0
3, 0
3, 0
3, 0
3, 0
1, 0xaa380
0, 0x6e370
0, 0xaa3a0
2, 2
3, 0
3, 0
3, 0
3, 0
3, 0
3, 0
3, 0
3, 0
3, 0
3, 0
3, 0
3, 0
3, 0
3, 0
1, 0xaa3a0
0, 0x6e390
0, 0xaa3c0
2, 2
3, 0
3, 0
3, 0
3, 0
3, 0
3, 0
3, 0
3, 0
3, 0
3, 0
3, 0
3, 0
3, 0
3, 0
1, 0xaa3c0
0, 0x6e3b0
0, 0xaa3e0
2, 2
3, 0
3, 0
3, 0
3, 0
3, 0
3, 0
3, 0
3, 0
3, 0
3, 0
3, 0
3, 0
3, 0
3, 0
0, 0x6e3d0
0, 0xaa400
0, 0x6e3f0
0, 0xaa420
0, 0x6e410
0, 0xaa440
0, 0x6e430
0, 0xaa460
1, 0xaa3e0
0, 0x6e3d0
0, 0xaa400
2, 2
3, 0
3, 0
3, 0
3, 0
3, 0
3, 0
3, 0
3, 0
3, 0
3, 0
3, 0
3, 0
3, 0
3, 0
1, 0xaa400
0, 0x6e3f0
0, 0xaa420
2, 2
3, 0
3, 0
3, 0
3, 0
3, 0
3, 0
3, 0
3, 0
3, 0
3, 0
3, 0
3, 0
3, 0
3, 0
1, 0xaa420
0, 0x6e410
0, 0xaa440
2, 2
3, 0
3, 0
3, 0
3, 0
3, 0
3, 0
3, 0
3, 0
3, 0
3, 0
3, 0
3, 0
3, 0
3, 0
1, 0xaa440
0, 0x6e430
0, 0xaa460
2, 2
3, 0
3, 0
3, 0
3, 0
3, 0
3, 0
3, 0
3, 0
3, 0
3, 0
3, 0
3, 0
3, 0
3, 0
0, 0x6e450
0, 0xaa480
0, 0x6e470
0, 0xaa4a0
0, 0x6e490
0, 0xaa4c0
0, 0x6e4b0
0, 0xaa4e0
1, 0xaa460
0, 0x6e450
0, 0xaa480
2, 2
3, 0
3, 0
3, 0
3, 0
3, 0
3, 0
3, 0
3, 0
3, 0
3, 0
3, 0
3, 0
3, 0
3, 0
1, 0xaa480
0, 0x6e470
0, 0xaa4a0
2, 2
3, 0
3, 0
3, 0
3, 0
3, 0
3, 0
3, 0
3, 0
3, 0
3, 0
3, 0
3, 0
3, 0
3, 0
1, 0xaa4a0
0, 0x6e490
0, 0xaa4c0
2, 2
3, 0
3, 0
3, 0
3, 0
3, 0
3, 0
3, 0
3, 0
3, 0
3, 0
3, 0
3, 0
3, 0
3, 0
1, 0xaa4c0
0, 0x6e4b0
0, 0xaa4e0
2, 2
3, 0
3, 0
3, 0
3, 0
3, 0
3, 0
3, 0
3, 0
3, 0
3, 0
3, 0
3, 0
3, 0
3, 0
0, 0x6e4d0
0, 0xaa500
0, 0x6e4f0
0, 0xaa520
0, 0x6e510
0, 0xaa540
0, 0x6e530
0, 0xaa560
1, 0xaa4e0
0, 0x6e4d0
0, 0xaa500
2, 2
3, 0
3, 0
3, 0
3, 0
3, 0
3, 0
3, 0
3, 0
3, 0
3, 0
3, 0
3, 0
3, 0
3, 0
1, 0xaa500
0, 0x6e4f0
0, 0xaa520
2, 2
3, 0
3, 0
3, 0
3, 0
3, 0
3, 0
3, 0
3, 0
3, 0
3, 0
3, 0
3, 0
3, 0
3, 0
1, 0xaa520
0, 0x6e510
0, 0xaa540
2, 2
3, 0
3, 0
3, 0
3, 0
3, 0
3, 0
3, 0
3, 0
3, 0
3, 0
3, 0
3, 0
3, 0
3, 0
1, 0xaa540
0, 0x6e530
0, 0xaa560
2, 2
3, 0
3, 0
3, 0
3, 0
3, 0
3, 0
3, 0
3, 0
3, 0
3, 0
3, 0
3, 0
3, 0
3, 0
0, 0x6e550
0, 0xaa580
0, 0x6e570
0, 0xaa5a0
0, 0x6e590
0, 0xaa5c0
0, 0x6e5b0
0, 0xaa5e0
1, 0xaa560
0, 0x6e550
0, 0xaa580
2, 2
3, 0
3, 0
3, 0
3, 0
3, 0
3, 0
3, 0
3, 0
3, 0
3, 0
3, 0
3, 0
3, 0
3, 0
1, 0xaa580
0, 0x6e570
0, 0xaa5a0
2, 2
3, 0
3, 0
3, 0
3, 0
3, 0
3, 0
3, 0
3, 0
3, 0
3, 0
3, 0
3, 0
3, 0
3, 0
1, 0xaa5a0
0, 0x6e590
0, 0xaa5c0
2, 2
3, 0
3, 0
3, 0
3, 0
3, 0
3, 0
3, 0
3, 0
3, 0
3, 0
3, 0
3, 0
3, 0
3, 0
1, 0xaa5c0
0, 0x6e5b0
0, 0xaa5e0
2, 2
3, 0
3, 0
3, 0
3, 0
3, 0
3, 0
3, 0
3, 0
3, 0
3, 0
3, 0
3, 0
3, 0
3, 0
0, 0x6e5d0
0, 0xaa600
0, 0x6e5f0
0, 0xaa620
0, 0x6e610
0, 0xaa640
0, 0x6e630
0, 0xaa660
1, 0xaa5e0
0, 0x6e5d0
0, 0xaa600
2, 2
3, 0
3, 0
3, 0
3, 0
3, 0
3, 0
3, 0
3, 0
3, 0
3, 0
3, 0
3, 0
3, 0
3, 0
1, 0xaa600
0, 0x6e5f0
0, 0xaa620
2, 2
3, 0
3, 0
3, 0
3, 0
3, 0
3, 0
3, 0
3, 0
3, 0
3, 0
3, 0
3, 0
3, 0
3, 0
1, 0xaa620
0, 0x6e610
0, 0xaa640
2, 2
3, 0
3, 0
3, 0
3, 0
3, 0
3, 0
3, 0
3, 0
3, 0
3, 0
3, 0
3, 0
3, 0
3, 0
1, 0xaa640
0, 0x6e630
0, 0xaa660
2, 2
3, 0
3, 0
3, 0
3, 0
3, 0
3, 0
3, 0
3, 0
3, 0
3, 0
3, 0
3, 0
3, 0
3, 0
0, 0x6e650
0, 0xaa680
0, 0x6e670
0, 0xaa6a0
0, 0x6e690
0, 0xaa6c0
0, 0x6e6b0
0, 0xaa6e0
1, 0xaa660
0, 0x6e650
0, 0xaa680
2, 2
3, 0
3, 0
3, 0
3, 0
3, 0
3, 0
3, 0
3, 0
3, 0
3, 0
3, 0
3, 0
3, 0
3, 0
1, 0xaa680
0, 0x6e670
0, 0xaa6a0
2, 2
3, 0
3, 0
3, 0
3, 0
3, 0
3, 0
3, 0
3, 0
3, 0
3, 0
3, 0
3, 0
3, 0
3, 0
1, 0xaa6a0
0, 0x6e690
0, 0xaa6c0
2, 2
3, 0
3, 0
3, 0
3, 0
3, 0
3, 0
3, 0
3, 0
3, 0
3, 0
3, 0
3, 0
3, 0
3, 0
1, 0xaa6c0
0, 0x6e6b0
0, 0xaa6e0
2, 2
3, 0
3, 0
3, 0
3, 0
3, 0
3, 0
3, 0
3, 0
3, 0
3, 0
3, 0
3, 0
3, 0
3, 0
0, 0x6e6d0
0, 0xaa700
0, 0x6e6f0
0, 0xaa720
0, 0x6e710
0, 0xaa740
0, 0x6e730
0, 0xaa760
1, 0xaa6e0
0, 0x6e6d0
0, 0xaa700
2, 2
3, 0
3, 0
3, 0
3, 0
3, 0
3, 0
3, 0
3, 0
3, 0
3, 0
3, 0
3, 0
3, 0
3, 0
1, 0xaa700
0, 0x6e6f0
0, 0xaa720
2, 2
3, 0
3, 0
3, 0
3, 0
3, 0
3, 0
3, 0
3, 0
3, 0
3, 0
3, 0
3, 0
3, 0
3, 0
1, 0xaa720
0, 0x6e710
0, 0xaa740
2, 2
3, 0
3, 0
3, 0
3, 0
3, 0
3, 0
3, 0
3, 0
3, 0
3, 0
3, 0
3, 0
3, 0
3, 0
1, 0xaa740
0, 0x6e730
0, 0xaa760
2, 2
3, 0
3, 0
3, 0
3, 0
3, 0
3, 0
3, 0
3, 0
3, 0
3, 0
3, 0
3, 0
3, 0
3, 0
0, 0x6e750
0, 0xaa780
0, 0x6e770
0, 0xaa7a0
0, 0x6e790
0, 0xaa7c0
0, 0x6e7b0
0, 0xaa7e0
1, 0xaa760
0, 0x6e750
0, 0xaa780
2, 2
3, 0
3, 0
3, 0
3, 0
3, 0
3, 0
3, 0
3, 0
3, 0
3, 0
3, 0
3, 0
3, 0
3, 0
1, 0xaa780
0, 0x6e770
0, 0xaa7a0
2, 2
3, 0
3, 0
3, 0
3, 0
3, 0
3, 0
3, 0
3, 0
3, 0
3, 0
3, 0
3, 0
3, 0
3, 0
1, 0xaa7a0
0, 0x6e790
0, 0xaa7c0
2, 2
3, 0
3, 0
3, 0
3, 0
3, 0
3, 0
3, 0
3, 0
3, 0
3, 0
3, 0
3, 0
3, 0
3, 0
1, 0xaa7c0
0, 0x6e7b0
0, 0xaa7e0
2, 2
3, 0
3, 0
3, 0
3, 0
3, 0
3, 0
3, 0
3, 0
3, 0
3, 0
3, 0
3, 0
3, 0
3, 0
0, 0x6e7d0
0, 0xaa800
0, 0x6e7f0
0, 0xaa820
0, 0x6e810
0, 0xaa840
0, 0x6e830
0, 0xaa860
1, 0xaa7e0
0, 0x6e7d0
0, 0xaa800
2, 2
3, 0
3, 0
3, 0
3, 0
3, 0
3, 0
3, 0
3, 0
3, 0
3, 0
3, 0
3, 0
3, 0
3, 0
1, 0xaa800
0, 0x6e7f0
0, 0xaa820
2, 2
3, 0
3, 0
3, 0
3, 0
3, 0
3, 0
3, 0
3, 0
3, 0
3, 0
3, 0
3, 0
3, 0
3, 0
1, 0xaa820
0, 0x6e810
0, 0xaa840
2, 2
3, 0
3, 0
3, 0
3, 0
3, 0
3, 0
3, 0
3, 0
3, 0
3, 0
3, 0
3, 0
3, 0
3, 0
1, 0xaa840
0, 0x6e830
0, 0xaa860
2, 2
3, 0
3, 0
3, 0
3, 0
3, 0
3, 0
3, 0
3, 0
3, 0
3, 0
3, 0
3, 0
3, 0
3, 0
0, 0x6e850
0, 0xaa880
0, 0x6e870
0, 0xaa8a0
0, 0x6e890
0, 0xaa8c0
0, 0x6e8b0
0, 0xaa8e0
1, 0xaa860
0, 0x6e850
0, 0xaa880
2, 2
3, 0
3, 0
3, 0
3, 0
3, 0
3, 0
3, 0
3, 0
3, 0
3, 0
3, 0
3, 0
3, 0
3, 0
1, 0xaa880
0, 0x6e870
0, 0xaa8a0
2, 2
3, 0
3, 0
3, 0
3, 0
3, 0
3, 0
3, 0
3, 0
3, 0
3, 0
3, 0
3, 0
3, 0
3, 0
1, 0xaa8a0
0, 0x6e890
0, 0xaa8c0
2, 2
3, 0
3, 0
3, 0
3, 0
3, 0
3, 0
3, 0
3, 0
3, 0
3, 0
3, 0
3, 0
3, 0
3, 0
1, 0xaa8c0
0, 0x6e8b0
0, 0xaa8e0
2, 2
3, 0
3, 0
3, 0
3, 0
3, 0
3, 0
3, 0
3, 0
3, 0
3, 0
3, 0
3, 0
3, 0
3, 0
0, 0x6e8d0
0, 0xaa900
0, 0x6e8f0
0, 0xaa920
0, 0x6e910
0, 0xaa940
0, 0x6e930
0, 0xaa960
1, 0xaa8e0
0, 0x6e8d0
0, 0xaa900
2, 2
3, 0
3, 0
3, 0
3, 0
3, 0
3, 0
3, 0
3, 0
3, 0
3, 0
3, 0
3, 0
3, 0
3, 0
1, 0xaa900
0, 0x6e8f0
0, 0xaa920
2, 2
3, 0
3, 0
3, 0
3, 0
3, 0
3, 0
3, 0
3, 0
3, 0
3, 0
3, 0
3, 0
3, 0
3, 0
1, 0xaa920
0, 0x6e910
0, 0xaa940
2, 2
3, 0
3, 0
3, 0
3, 0
3, 0
3, 0
3, 0
3, 0
3, 0
3, 0
3, 0
3, 0
3, 0
3, 0
1, 0xaa940
0, 0x6e930
0, 0xaa960
2, 2
3, 0
3, 0
3, 0
3, 0
3, 0
3, 0
3, 0
3, 0
3, 0
3, 0
3, 0
3, 0
3, 0
3, 0
0, 0x6e950
0, 0xaa980
0, 0x6e970
0, 0xaa9a0
0, 0x6e990
0, 0xaa9c0
0, 0x6e9b0
0, 0xaa9e0
1, 0xaa960
0, 0x6e950
0, 0xaa980
2, 2
3, 0
3, 0
3, 0
3, 0
3, 0
3, 0
3, 0
3, 0
3, 0
3, 0
3, 0
3, 0
3, 0
3, 0
1, 0xaa980
0, 0x6e970
0, 0xaa9a0
2, 2
3, 0
3, 0
3, 0
3, 0
3, 0
3, 0
3, 0
3, 0
3, 0
3, 0
3, 0
3, 0
3, 0
3, 0
1, 0xaa9a0
0, 0x6e990
0, 0xaa9c0
2, 2
3, 0
3, 0
3, 0
3, 0
3, 0
3, 0
3, 0
3, 0
3, 0
3, 0
3, 0
3, 0
3, 0
3, 0
1, 0xaa9c0
0, 0x6e9b0
0, 0xaa9e0
2, 2
3, 0
3, 0
3, 0
3, 0
3, 0
3, 0
3, 0
3, 0
3, 0
3, 0
3, 0
3, 0
3, 0
3, 0
0, 0x6e9d0
0, 0xaaa00
0, 0x6e9f0
0, 0xaaa20
0, 0x6ea10
0, 0xaaa40
0, 0x6ea30
0, 0xaaa60
1, 0xaa9e0
0, 0x6e9d0
0, 0xaaa00
2, 2
3, 0
3, 0
3, 0
3, 0
3, 0
3, 0
3, 0
3, 0
3, 0
3, 0
3, 0
3, 0
3, 0
3, 0
1, 0xaaa00
0, 0x6e9f0
0, 0xaaa20
2, 2
3, 0
3, 0
3, 0
3, 0
3, 0
3, 0
3, 0
3, 0
3, 0
3, 0
3, 0
3, 0
3, 0
3, 0
1, 0xaaa20
0, 0x6ea10
0, 0xaaa40
2, 2
3, 0
3, 0
3, 0
3, 0
3, 0
3, 0
3, 0
3, 0
3, 0
3, 0
3, 0
3, 0
3, 0
3, 0
1, 0xaaa40
0, 0x6ea30
0, 0xaaa60
2, 2
3, 0
3, 0
3, 0
3, 0
3, 0
3, 0
3, 0
3, 0
3, 0
3, 0
3, 0
3, 0
3, 0
3, 0
0, 0x6ea50
0, 0xaaa80
0, 0x6ea70
0, 0xaaaa0
0, 0x6ea90
0, 0xaaac0
0, 0x6eab0
0, 0xaaae0
1, 0xaaa60
0, 0x6ea50
0, 0xaaa80
2, 2
3, 0
3, 0
3, 0
3, 0
3, 0
3, 0
3, 0
3, 0
3, 0
3, 0
3, 0
3, 0
3, 0
3, 0
1, 0xaaa80
0, 0x6ea70
0, 0xaaaa0
2, 2
3, 0
3, 0
3, 0
3, 0
3, 0
3, 0
3, 0
3, 0
3, 0
3, 0
3, 0
3, 0
3, 0
3, 0
1, 0xaaaa0
0, 0x6ea90
0, 0xaaac0
2, 2
3, 0
3, 0
3, 0
3, 0
3, 0
3, 0
3, 0
3, 0
3, 0
3, 0
3, 0
3, 0
3, 0
3, 0
1, 0xaaac0
0, 0x6eab0
0, 0xaaae0
2, 2
3, 0
3, 0
3, 0
3, 0
3, 0
3, 0
3, 0
3, 0
3, 0
3, 0
3, 0
3, 0
3, 0
3, 0
0, 0x6ead0
0, 0xaab00
0, 0x6eaf0
0, 0xaab20
0, 0x6eb10
0, 0xaab40
0, 0x6eb30
0, 0xaab60
1, 0xaaae0
0, 0x6ead0
0, 0xaab00
2, 2
3, 0
3, 0
3, 0
3, 0
3, 0
3, 0
3, 0
3, 0
3, 0
3, 0
3, 0
3, 0
3, 0
3, 0
1, 0xaab00
0, 0x6eaf0
0, 0xaab20
2, 2
3, 0
3, 0
3, 0
3, 0
3, 0
3, 0
3, 0
3, 0
3, 0
3, 0
3, 0
3, 0
3, 0
3, 0
1, 0xaab20
0, 0x6eb10
0, 0xaab40
2, 2
3, 0
3, 0
3, 0
3, 0
3, 0
3, 0
3, 0
3, 0
3, 0
3, 0
3, 0
3, 0
3, 0
3, 0
1, 0xaab40
0, 0x6eb30
0, 0xaab60
2, 2
3, 0
3, 0
3, 0
3, 0
3, 0
3, 0
3, 0
3, 0
3, 0
3, 0
3, 0
3, 0
3, 0
3, 0
0, 0x6eb50
0, 0xaab80
0, 0x6eb70
0, 0xaaba0
0, 0x6eb90
0, 0xaabc0
0, 0x6ebb0
0, 0xaabe0
1, 0xaab60
0, 0x6eb50
0, 0xaab80
2, 2
3, 0
3, 0
3, 0
3, 0
3, 0
3, 0
3, 0
3, 0
3, 0
3, 0
3, 0
3, 0
3, 0
3, 0
1, 0xaab80
0, 0x6eb70
0, 0xaaba0
2, 2
3, 0
3, 0
3, 0
3, 0
3, 0
3, 0
3, 0
3, 0
3, 0
3, 0
3, 0
3, 0
3, 0
3, 0
1, 0xaaba0
0, 0x6eb90
0, 0xaabc0
2, 2
3, 0
3, 0
3, 0
3, 0
3, 0
3, 0
3, 0
3, 0
3, 0
3, 0
3, 0
3, 0
3, 0
3, 0
1, 0xaabc0
0, 0x6ebb0
0, 0xaabe0
2, 2
3, 0
3, 0
3, 0
3, 0
3, 0
3, 0
3, 0
3, 0
3, 0
3, 0
3, 0
3, 0
3, 0
3, 0
0, 0x6ebd0
0, 0xaac00
0, 0x6ebf0
0, 0xaac20
0, 0x6ec10
0, 0xaac40
0, 0x6ec30
0, 0xaac60
1, 0xaabe0
0, 0x6ebd0
0, 0xaac00
2, 2
3, 0
3, 0
3, 0
3, 0
3, 0
3, 0
3, 0
3, 0
3, 0
3, 0
3, 0
3, 0
3, 0
3, 0
1, 0xaac00
0, 0x6ebf0
0, 0xaac20
2, 2
3, 0
3, 0
3, 0
3, 0
3, 0
3, 0
3, 0
3, 0
3, 0
3, 0
3, 0
3, 0
3, 0
3, 0
1, 0xaac20
0, 0x6ec10
0, 0xaac40
2, 2
3, 0
3, 0
3, 0
3, 0
3, 0
3, 0
3, 0
3, 0
3, 0
3, 0
3, 0
3, 0
3, 0
3, 0
1, 0xaac40
0, 0x6ec30
0, 0xaac60
2, 2
3, 0
3, 0
3, 0
3, 0
3, 0
3, 0
3, 0
3, 0
3, 0
3, 0
3, 0
3, 0
3, 0
3, 0
0, 0x6ec50
0, 0xaac80
0, 0x6ec70
0, 0xaaca0
0, 0x6ec90
0, 0xaacc0
0, 0x6ecb0
0, 0xaace0
1, 0xaac60
0, 0x6ec50
0, 0xaac80
2, 2
3, 0
3, 0
3, 0
3, 0
3, 0
3, 0
3, 0
3, 0
3, 0
3, 0
3, 0
3, 0
3, 0
3, 0
1, 0xaac80
0, 0x6ec70
0, 0xaaca0
2, 2
3, 0
3, 0
3, 0
3, 0
3, 0
3, 0
3, 0
3, 0
3, 0
3, 0
3, 0
3, 0
3, 0
3, 0
1, 0xaaca0
0, 0x6ec90
0, 0xaacc0
2, 2
3, 0
3, 0
3, 0
3, 0
3, 0
3, 0
3, 0
3, 0
3, 0
3, 0
3, 0
3, 0
3, 0
3, 0
1, 0xaacc0
0, 0x6ecb0
0, 0xaace0
2, 2
3, 0
3, 0
3, 0
3, 0
3, 0
3, 0
3, 0
3, 0
3, 0
3, 0
3, 0
3, 0
3, 0
3, 0
0, 0x6ecd0
0, 0xaad00
0, 0x6ecf0
0, 0xaad20
0, 0x6ed10
0, 0xaad40
0, 0x6ed30
0, 0xaad60
1, 0xaace0
0, 0x6ecd0
0, 0xaad00
2, 2
3, 0
3, 0
3, 0
3, 0
3, 0
3, 0
3, 0
3, 0
3, 0
3, 0
3, 0
3, 0
3, 0
3, 0
1, 0xaad00
0, 0x6ecf0
0, 0xaad20
2, 2
3, 0
3, 0
3, 0
3, 0
3, 0
3, 0
3, 0
3, 0
3, 0
3, 0
3, 0
3, 0
3, 0
3, 0
1, 0xaad20
0, 0x6ed10
0, 0xaad40
2, 2
3, 0
3, 0
3, 0
3, 0
3, 0
3, 0
3, 0
3, 0
3, 0
3, 0
3, 0
3, 0
3, 0
3, 0
1, 0xaad40
0, 0x6ed30
0, 0xaad60
2, 2
3, 0
3, 0
3, 0
3, 0
3, 0
3, 0
3, 0
3, 0
3, 0
3, 0
3, 0
3, 0
3, 0
3, 0
0, 0x6ed50
0, 0xaad80
0, 0x6ed70
0, 0xaada0
0, 0x6ed90
0, 0xaadc0
0, 0x6edb0
0, 0xaade0
1, 0xaad60
0, 0x6ed50
0, 0xaad80
2, 2
3, 0
3, 0
3, 0
3, 0
3, 0
3, 0
3, 0
3, 0
3, 0
3, 0
3, 0
3, 0
3, 0
3, 0
1, 0xaad80
0, 0x6ed70
0, 0xaada0
2, 2
3, 0
3, 0
3, 0
3, 0
3, 0
3, 0
3, 0
3, 0
3, 0
3, 0
3, 0
3, 0
3, 0
3, 0
1, 0xaada0
0, 0x6ed90
0, 0xaadc0
2, 2
3, 0
3, 0
3, 0
3, 0
3, 0
3, 0
3, 0
3, 0
3, 0
3, 0
3, 0
3, 0
3, 0
3, 0
1, 0xaadc0
0, 0x6edb0
0, 0xaade0
2, 2
3, 0
3, 0
3, 0
3, 0
3, 0
3, 0
3, 0
3, 0
3, 0
3, 0
3, 0
3, 0
3, 0
3, 0
0, 0x6edd0
0, 0xaae00
0, 0x6edf0
0, 0xaae20
0, 0x6ee10
0, 0xaae40
0, 0x6ee30
0, 0xaae60
1, 0xaade0
0, 0x6edd0
0, 0xaae00
2, 2
3, 0
3, 0
3, 0
3, 0
3, 0
3, 0
3, 0
3, 0
3, 0
3, 0
3, 0
3, 0
3, 0
3, 0
1, 0xaae00
0, 0x6edf0
0, 0xaae20
2, 2
3, 0
3, 0
3, 0
3, 0
3, 0
3, 0
3, 0
3, 0
3, 0
3, 0
3, 0
3, 0
3, 0
3, 0
1, 0xaae20
0, 0x6ee10
0, 0xaae40
2, 2
3, 0
3, 0
3, 0
3, 0
3, 0
3, 0
3, 0
3, 0
3, 0
3, 0
3, 0
3, 0
3, 0
3, 0
1, 0xaae40
0, 0x6ee30
0, 0xaae60
2, 2
3, 0
3, 0
3, 0
3, 0
3, 0
3, 0
3, 0
3, 0
3, 0
3, 0
3, 0
3, 0
3, 0
3, 0
0, 0x6ee50
0, 0xaae80
0, 0x6ee70
0, 0xaaea0
0, 0x6ee90
0, 0xaaec0
0, 0x6eeb0
0, 0xaaee0
1, 0xaae60
0, 0x6ee50
0, 0xaae80
2, 2
3, 0
3, 0
3, 0
3, 0
3, 0
3, 0
3, 0
3, 0
3, 0
3, 0
3, 0
3, 0
3, 0
3, 0
1, 0xaae80
0, 0x6ee70
0, 0xaaea0
2, 2
3, 0
3, 0
3, 0
3, 0
3, 0
3, 0
3, 0
3, 0
3, 0
3, 0
3, 0
3, 0
3, 0
3, 0
1, 0xaaea0
0, 0x6ee90
0, 0xaaec0
2, 2
3, 0
3, 0
3, 0
3, 0
3, 0
3, 0
3, 0
3, 0
3, 0
3, 0
3, 0
3, 0
3, 0
3, 0
1, 0xaaec0
0, 0x6eeb0
0, 0xaaee0
2, 2
3, 0
3, 0
3, 0
3, 0
3, 0
3, 0
3, 0
3, 0
3, 0
3, 0
3, 0
3, 0
3, 0
3, 0
0, 0x6eed0
0, 0xaaf00
0, 0x6eef0
0, 0xaaf20
0, 0x6ef10
0, 0xaaf40
0, 0x6ef30
0, 0xaaf60
1, 0xaaee0
0, 0x6eed0
0, 0xaaf00
2, 2
3, 0
3, 0
3, 0
3, 0
3, 0
3, 0
3, 0
3, 0
3, 0
3, 0
3, 0
3, 0
3, 0
3, 0
1, 0xaaf00
0, 0x6eef0
0, 0xaaf20
2, 2
3, 0
3, 0
3, 0
3, 0
3, 0
3, 0
3, 0
3, 0
3, 0
3, 0
3, 0
3, 0
3, 0
3, 0
1, 0xaaf20
0, 0x6ef10
0, 0xaaf40
2, 2
3, 0
3, 0
3, 0
3, 0
3, 0
3, 0
3, 0
3, 0
3, 0
3, 0
3, 0
3, 0
3, 0
3, 0
1, 0xaaf40
0, 0x6ef30
0, 0xaaf60
2, 2
3, 0
3, 0
3, 0
3, 0
3, 0
3, 0
3, 0
3, 0
3, 0
3, 0
3, 0
3, 0
3, 0
3, 0
0, 0x6ef50
0, 0xaaf80
0, 0x6ef70
0, 0xaafa0
0, 0x6ef90
0, 0xaafc0
0, 0x6efb0
0, 0xaafe0
1, 0xaaf60
0, 0x6ef50
0, 0xaaf80
2, 2
3, 0
3, 0
3, 0
3, 0
3, 0
3, 0
3, 0
3, 0
3, 0
3, 0
3, 0
3, 0
3, 0
3, 0
1, 0xaaf80
0, 0x6ef70
0, 0xaafa0
2, 2
3, 0
3, 0
3, 0
3, 0
3, 0
3, 0
3, 0
3, 0
3, 0
3, 0
3, 0
3, 0
3, 0
3, 0
1, 0xaafa0
0, 0x6ef90
0, 0xaafc0
2, 2
3, 0
3, 0
3, 0
3, 0
3, 0
3, 0
3, 0
3, 0
3, 0
3, 0
3, 0
3, 0
3, 0
3, 0
1, 0xaafc0
0, 0x6efb0
0, 0xaafe0
2, 2
3, 0
3, 0
3, 0
3, 0
3, 0
3, 0
3, 0
3, 0
3, 0
3, 0
3, 0
3, 0
3, 0
3, 0
0, 0x6efd0
0, 0xab000
0, 0x6eff0
0, 0xab020
0, 0x6f010
0, 0xab040
0, 0x6f030
0, 0xab060
1, 0xaafe0
0, 0x6efd0
0, 0xab000
2, 2
3, 0
3, 0
3, 0
3, 0
3, 0
3, 0
3, 0
3, 0
3, 0
3, 0
3, 0
3, 0
3, 0
3, 0
1, 0xab000
0, 0x6eff0
0, 0xab020
2, 2
3, 0
3, 0
3, 0
3, 0
3, 0
3, 0
3, 0
3, 0
3, 0
3, 0
3, 0
3, 0
3, 0
3, 0
1, 0xab020
0, 0x6f010
0, 0xab040
2, 2
3, 0
3, 0
3, 0
3, 0
3, 0
3, 0
3, 0
3, 0
3, 0
3, 0
3, 0
3, 0
3, 0
3, 0
1, 0xab040
0, 0x6f030
0, 0xab060
2, 2
3, 0
3, 0
3, 0
3, 0
3, 0
3, 0
3, 0
3, 0
3, 0
3, 0
3, 0
3, 0
3, 0
3, 0
0, 0x6f050
0, 0xab080
0, 0x6f070
0, 0xab0a0
0, 0x6f090
0, 0xab0c0
0, 0x6f0b0
0, 0xab0e0
1, 0xab060
0, 0x6f050
0, 0xab080
2, 2
3, 0
3, 0
3, 0
3, 0
3, 0
3, 0
3, 0
3, 0
3, 0
3, 0
3, 0
3, 0
3, 0
3, 0
1, 0xab080
0, 0x6f070
0, 0xab0a0
2, 2
3, 0
3, 0
3, 0
3, 0
3, 0
3, 0
3, 0
3, 0
3, 0
3, 0
3, 0
3, 0
3, 0
3, 0
1, 0xab0a0
0, 0x6f090
0, 0xab0c0
2, 2
3, 0
3, 0
3, 0
3, 0
3, 0
3, 0
3, 0
3, 0
3, 0
3, 0
3, 0
3, 0
3, 0
3, 0
1, 0xab0c0
0, 0x6f0b0
0, 0xab0e0
2, 2
3, 0
3, 0
3, 0
3, 0
3, 0
3, 0
3, 0
3, 0
3, 0
3, 0
3, 0
3, 0
3, 0
3, 0
0, 0x6f0d0
0, 0xab100
0, 0x6f0f0
0, 0xab120
0, 0x6f110
0, 0xab140
0, 0x6f130
0, 0xab160
1, 0xab0e0
0, 0x6f0d0
0, 0xab100
2, 2
3, 0
3, 0
3, 0
3, 0
3, 0
3, 0
3, 0
3, 0
3, 0
3, 0
3, 0
3, 0
3, 0
3, 0
1, 0xab100
0, 0x6f0f0
0, 0xab120
2, 2
3, 0
3, 0
3, 0
3, 0
3, 0
3, 0
3, 0
3, 0
3, 0
3, 0
3, 0
3, 0
3, 0
3, 0
1, 0xab120
0, 0x6f110
0, 0xab140
2, 2
3, 0
3, 0
3, 0
3, 0
3, 0
3, 0
3, 0
3, 0
3, 0
3, 0
3, 0
3, 0
3, 0
3, 0
1, 0xab140
0, 0x6f130
0, 0xab160
2, 2
3, 0
3, 0
3, 0
3, 0
3, 0
3, 0
3, 0
3, 0
3, 0
3, 0
3, 0
3, 0
3, 0
3, 0
0, 0x6f150
0, 0xab180
0, 0x6f170
0, 0xab1a0
0, 0x6f190
0, 0xab1c0
0, 0x6f1b0
0, 0xab1e0
1, 0xab160
0, 0x6f150
0, 0xab180
2, 2
3, 0
3, 0
3, 0
3, 0
3, 0
3, 0
3, 0
3, 0
3, 0
3, 0
3, 0
3, 0
3, 0
3, 0
1, 0xab180
0, 0x6f170
0, 0xab1a0
2, 2
3, 0
3, 0
3, 0
3, 0
3, 0
3, 0
3, 0
3, 0
3, 0
3, 0
3, 0
3, 0
3, 0
3, 0
1, 0xab1a0
0, 0x6f190
0, 0xab1c0
2, 2
3, 0
3, 0
3, 0
3, 0
3, 0
3, 0
3, 0
3, 0
3, 0
3, 0
3, 0
3, 0
3, 0
3, 0
1, 0xab1c0
0, 0x6f1b0
0, 0xab1e0
2, 2
3, 0
3, 0
3, 0
3, 0
3, 0
3, 0
3, 0
3, 0
3, 0
3, 0
3, 0
3, 0
3, 0
3, 0
0, 0x6f1d0
0, 0xab200
0, 0x6f1f0
0, 0xab220
0, 0x6f210
0, 0xab240
0, 0x6f230
0, 0xab260
1, 0xab1e0
0, 0x6f1d0
0, 0xab200
2, 2
3, 0
3, 0
3, 0
3, 0
3, 0
3, 0
3, 0
3, 0
3, 0
3, 0
3, 0
3, 0
3, 0
3, 0
1, 0xab200
0, 0x6f1f0
0, 0xab220
2, 2
3, 0
3, 0
3, 0
3, 0
3, 0
3, 0
3, 0
3, 0
3, 0
3, 0
3, 0
3, 0
3, 0
3, 0
1, 0xab220
0, 0x6f210
0, 0xab240
2, 2
3, 0
3, 0
3, 0
3, 0
3, 0
3, 0
3, 0
3, 0
3, 0
3, 0
3, 0
3, 0
3, 0
3, 0
1, 0xab240
0, 0x6f230
0, 0xab260
2, 2
3, 0
3, 0
3, 0
3, 0
3, 0
3, 0
3, 0
3, 0
3, 0
3, 0
3, 0
3, 0
3, 0
3, 0
0, 0x6f250
0, 0xab280
0, 0x6f270
0, 0xab2a0
0, 0x6f290
0, 0xab2c0
0, 0x6f2b0
0, 0xab2e0
1, 0xab260
0, 0x6f250
0, 0xab280
2, 2
3, 0
3, 0
3, 0
3, 0
3, 0
3, 0
3, 0
3, 0
3, 0
3, 0
3, 0
3, 0
3, 0
3, 0
1, 0xab280
0, 0x6f270
0, 0xab2a0
2, 2
3, 0
3, 0
3, 0
3, 0
3, 0
3, 0
3, 0
3, 0
3, 0
3, 0
3, 0
3, 0
3, 0
3, 0
1, 0xab2a0
0, 0x6f290
0, 0xab2c0
2, 2
3, 0
3, 0
3, 0
3, 0
3, 0
3, 0
3, 0
3, 0
3, 0
3, 0
3, 0
3, 0
3, 0
3, 0
1, 0xab2c0
0, 0x6f2b0
0, 0xab2e0
2, 2
3, 0
3, 0
3, 0
3, 0
3, 0
3, 0
3, 0
3, 0
3, 0
3, 0
3, 0
3, 0
3, 0
3, 0
0, 0x6f2d0
0, 0xab300
0, 0x6f2f0
0, 0xab320
0, 0x6f310
0, 0xab340
0, 0x6f330
0, 0xab360
1, 0xab2e0
0, 0x6f2d0
0, 0xab300
2, 2
3, 0
3, 0
3, 0
3, 0
3, 0
3, 0
3, 0
3, 0
3, 0
3, 0
3, 0
3, 0
3, 0
3, 0
1, 0xab300
0, 0x6f2f0
0, 0xab320
2, 2
3, 0
3, 0
3, 0
3, 0
3, 0
3, 0
3, 0
3, 0
3, 0
3, 0
3, 0
3, 0
3, 0
3, 0
1, 0xab320
0, 0x6f310
0, 0xab340
2, 2
3, 0
3, 0
3, 0
3, 0
3, 0
3, 0
3, 0
3, 0
3, 0
3, 0
3, 0
3, 0
3, 0
3, 0
1, 0xab340
0, 0x6f330
0, 0xab360
2, 2
3, 0
3, 0
3, 0
3, 0
3, 0
3, 0
3, 0
3, 0
3, 0
3, 0
3, 0
3, 0
3, 0
3, 0
0, 0x6f350
0, 0xab380
0, 0x6f370
0, 0xab3a0
0, 0x6f390
0, 0xab3c0
0, 0x6f3b0
0, 0xab3e0
1, 0xab360
0, 0x6f350
0, 0xab380
2, 2
3, 0
3, 0
3, 0
3, 0
3, 0
3, 0
3, 0
3, 0
3, 0
3, 0
3, 0
3, 0
3, 0
3, 0
1, 0xab380
0, 0x6f370
0, 0xab3a0
2, 2
3, 0
3, 0
3, 0
3, 0
3, 0
3, 0
3, 0
3, 0
3, 0
3, 0
3, 0
3, 0
3, 0
3, 0
1, 0xab3a0
0, 0x6f390
0, 0xab3c0
2, 2
3, 0
3, 0
3, 0
3, 0
3, 0
3, 0
3, 0
3, 0
3, 0
3, 0
3, 0
3, 0
3, 0
3, 0
1, 0xab3c0
0, 0x6f3b0
0, 0xab3e0
2, 2
3, 0
3, 0
3, 0
3, 0
3, 0
3, 0
3, 0
3, 0
3, 0
3, 0
3, 0
3, 0
3, 0
3, 0
0, 0x6f3d0
0, 0xab400
0, 0x6f3f0
0, 0xab420
0, 0x6f410
0, 0xab440
0, 0x6f430
0, 0xab460
1, 0xab3e0
0, 0x6f3d0
0, 0xab400
2, 2
3, 0
3, 0
3, 0
3, 0
3, 0
3, 0
3, 0
3, 0
3, 0
3, 0
3, 0
3, 0
3, 0
3, 0
1, 0xab400
0, 0x6f3f0
0, 0xab420
2, 2
3, 0
3, 0
3, 0
3, 0
3, 0
3, 0
3, 0
3, 0
3, 0
3, 0
3, 0
3, 0
3, 0
3, 0
1, 0xab420
0, 0x6f410
0, 0xab440
2, 2
3, 0
3, 0
3, 0
3, 0
3, 0
3, 0
3, 0
3, 0
3, 0
3, 0
3, 0
3, 0
3, 0
3, 0
1, 0xab440
0, 0x6f430
0, 0xab460
2, 2
3, 0
3, 0
3, 0
3, 0
3, 0
3, 0
3, 0
3, 0
3, 0
3, 0
3, 0
3, 0
3, 0
3, 0
0, 0x6f450
0, 0xab480
0, 0x6f470
0, 0xab4a0
0, 0x6f490
0, 0xab4c0
0, 0x6f4b0
0, 0xab4e0
1, 0xab460
0, 0x6f450
0, 0xab480
2, 2
3, 0
3, 0
3, 0
3, 0
3, 0
3, 0
3, 0
3, 0
3, 0
3, 0
3, 0
3, 0
3, 0
3, 0
1, 0xab480
0, 0x6f470
0, 0xab4a0
2, 2
3, 0
3, 0
3, 0
3, 0
3, 0
3, 0
3, 0
3, 0
3, 0
3, 0
3, 0
3, 0
3, 0
3, 0
1, 0xab4a0
0, 0x6f490
0, 0xab4c0
2, 2
3, 0
3, 0
3, 0
3, 0
3, 0
3, 0
3, 0
3, 0
3, 0
3, 0
3, 0
3, 0
3, 0
3, 0
1, 0xab4c0
0, 0x6f4b0
0, 0xab4e0
2, 2
3, 0
3, 0
3, 0
3, 0
3, 0
3, 0
3, 0
3, 0
3, 0
3, 0
3, 0
3, 0
3, 0
3, 0
0, 0x6f4d0
0, 0xab500
0, 0x6f4f0
0, 0xab520
0, 0x6f510
0, 0xab540
0, 0x6f530
0, 0xab560
1, 0xab4e0
0, 0x6f4d0
0, 0xab500
2, 2
3, 0
3, 0
3, 0
3, 0
3, 0
3, 0
3, 0
3, 0
3, 0
3, 0
3, 0
3, 0
3, 0
3, 0
1, 0xab500
0, 0x6f4f0
0, 0xab520
2, 2
3, 0
3, 0
3, 0
3, 0
3, 0
3, 0
3, 0
3, 0
3, 0
3, 0
3, 0
3, 0
3, 0
3, 0
1, 0xab520
0, 0x6f510
0, 0xab540
2, 2
3, 0
3, 0
3, 0
3, 0
3, 0
3, 0
3, 0
3, 0
3, 0
3, 0
3, 0
3, 0
3, 0
3, 0
1, 0xab540
0, 0x6f530
0, 0xab560
2, 2
3, 0
3, 0
3, 0
3, 0
3, 0
3, 0
3, 0
3, 0
3, 0
3, 0
3, 0
3, 0
3, 0
3, 0
0, 0x6f550
0, 0xab580
0, 0x6f570
0, 0xab5a0
0, 0x6f590
0, 0xab5c0
0, 0x6f5b0
0, 0xab5e0
1, 0xab560
0, 0x6f550
0, 0xab580
2, 2
3, 0
3, 0
3, 0
3, 0
3, 0
3, 0
3, 0
3, 0
3, 0
3, 0
3, 0
3, 0
3, 0
3, 0
1, 0xab580
0, 0x6f570
0, 0xab5a0
2, 2
3, 0
3, 0
3, 0
3, 0
3, 0
3, 0
3, 0
3, 0
3, 0
3, 0
3, 0
3, 0
3, 0
3, 0
1, 0xab5a0
0, 0x6f590
0, 0xab5c0
2, 2
3, 0
3, 0
3, 0
3, 0
3, 0
3, 0
3, 0
3, 0
3, 0
3, 0
3, 0
3, 0
3, 0
3, 0
1, 0xab5c0
0, 0x6f5b0
0, 0xab5e0
2, 2
3, 0
3, 0
3, 0
3, 0
3, 0
3, 0
3, 0
3, 0
3, 0
3, 0
3, 0
3, 0
3, 0
3, 0
0, 0x6f5d0
0, 0xab600
0, 0x6f5f0
0, 0xab620
0, 0x6f610
0, 0xab640
0, 0x6f630
0, 0xab660
1, 0xab5e0
0, 0x6f5d0
0, 0xab600
2, 2
3, 0
3, 0
3, 0
3, 0
3, 0
3, 0
3, 0
3, 0
3, 0
3, 0
3, 0
3, 0
3, 0
3, 0
1, 0xab600
0, 0x6f5f0
0, 0xab620
2, 2
3, 0
3, 0
3, 0
3, 0
3, 0
3, 0
3, 0
3, 0
3, 0
3, 0
3, 0
3, 0
3, 0
3, 0
1, 0xab620
0, 0x6f610
0, 0xab640
2, 2
3, 0
3, 0
3, 0
3, 0
3, 0
3, 0
3, 0
3, 0
3, 0
3, 0
3, 0
3, 0
3, 0
3, 0
1, 0xab640
0, 0x6f630
0, 0xab660
2, 2
3, 0
3, 0
3, 0
3, 0
3, 0
3, 0
3, 0
3, 0
3, 0
3, 0
3, 0
3, 0
3, 0
3, 0
0, 0x6f650
0, 0xab680
0, 0x6f670
0, 0xab6a0
0, 0x6f690
0, 0xab6c0
0, 0x6f6b0
0, 0xab6e0
1, 0xab660
0, 0x6f650
0, 0xab680
2, 2
3, 0
3, 0
3, 0
3, 0
3, 0
3, 0
3, 0
3, 0
3, 0
3, 0
3, 0
3, 0
3, 0
3, 0
1, 0xab680
0, 0x6f670
0, 0xab6a0
2, 2
3, 0
3, 0
3, 0
3, 0
3, 0
3, 0
3, 0
3, 0
3, 0
3, 0
3, 0
3, 0
3, 0
3, 0
1, 0xab6a0
0, 0x6f690
0, 0xab6c0
2, 2
3, 0
3, 0
3, 0
3, 0
3, 0
3, 0
3, 0
3, 0
3, 0
3, 0
3, 0
3, 0
3, 0
3, 0
1, 0xab6c0
0, 0x6f6b0
0, 0xab6e0
2, 2
3, 0
3, 0
3, 0
3, 0
3, 0
3, 0
3, 0
3, 0
3, 0
3, 0
3, 0
3, 0
3, 0
3, 0
0, 0x6f6d0
0, 0xab700
0, 0x6f6f0
0, 0xab720
0, 0x6f710
0, 0xab740
0, 0x6f730
0, 0xab760
1, 0xab6e0
0, 0x6f6d0
0, 0xab700
2, 2
3, 0
3, 0
3, 0
3, 0
3, 0
3, 0
3, 0
3, 0
3, 0
3, 0
3, 0
3, 0
3, 0
3, 0
1, 0xab700
0, 0x6f6f0
0, 0xab720
2, 2
3, 0
3, 0
3, 0
3, 0
3, 0
3, 0
3, 0
3, 0
3, 0
3, 0
3, 0
3, 0
3, 0
3, 0
1, 0xab720
0, 0x6f710
0, 0xab740
2, 2
3, 0
3, 0
3, 0
3, 0
3, 0
3, 0
3, 0
3, 0
3, 0
3, 0
3, 0
3, 0
3, 0
3, 0
1, 0xab740
0, 0x6f730
0, 0xab760
2, 2
3, 0
3, 0
3, 0
3, 0
3, 0
3, 0
3, 0
3, 0
3, 0
3, 0
3, 0
3, 0
3, 0
3, 0
0, 0x6f750
0, 0xab780
0, 0x6f770
0, 0xab7a0
0, 0x6f790
0, 0xab7c0
0, 0x6f7b0
0, 0xab7e0
1, 0xab760
0, 0x6f750
0, 0xab780
2, 2
3, 0
3, 0
3, 0
3, 0
3, 0
3, 0
3, 0
3, 0
3, 0
3, 0
3, 0
3, 0
3, 0
3, 0
1, 0xab780
0, 0x6f770
0, 0xab7a0
2, 2
3, 0
3, 0
3, 0
3, 0
3, 0
3, 0
3, 0
3, 0
3, 0
3, 0
3, 0
3, 0
3, 0
3, 0
1, 0xab7a0
0, 0x6f790
0, 0xab7c0
2, 2
3, 0
3, 0
3, 0
3, 0
3, 0
3, 0
3, 0
3, 0
3, 0
3, 0
3, 0
3, 0
3, 0
3, 0
1, 0xab7c0
0, 0x6f7b0
0, 0xab7e0
2, 2
3, 0
3, 0
3, 0
3, 0
3, 0
3, 0
3, 0
3, 0
3, 0
3, 0
3, 0
3, 0
3, 0
3, 0
0, 0x6f7d0
0, 0xab800
0, 0x6f7f0
0, 0xab820
0, 0x6f810
0, 0xab840
0, 0x6f830
0, 0xab860
1, 0xab7e0
0, 0x6f7d0
0, 0xab800
2, 2
3, 0
3, 0
3, 0
3, 0
3, 0
3, 0
3, 0
3, 0
3, 0
3, 0
3, 0
3, 0
3, 0
3, 0
1, 0xab800
0, 0x6f7f0
0, 0xab820
2, 2
3, 0
3, 0
3, 0
3, 0
3, 0
3, 0
3, 0
3, 0
3, 0
3, 0
3, 0
3, 0
3, 0
3, 0
1, 0xab820
0, 0x6f810
0, 0xab840
2, 2
3, 0
3, 0
3, 0
3, 0
3, 0
3, 0
3, 0
3, 0
3, 0
3, 0
3, 0
3, 0
3, 0
3, 0
1, 0xab840
0, 0x6f830
0, 0xab860
2, 2
3, 0
3, 0
3, 0
3, 0
3, 0
3, 0
3, 0
3, 0
3, 0
3, 0
3, 0
3, 0
3, 0
3, 0
0, 0x6f850
0, 0xab880
0, 0x6f870
0, 0xab8a0
0, 0x6f890
0, 0xab8c0
0, 0x6f8b0
0, 0xab8e0
1, 0xab860
0, 0x6f850
0, 0xab880
2, 2
3, 0
3, 0
3, 0
3, 0
3, 0
3, 0
3, 0
3, 0
3, 0
3, 0
3, 0
3, 0
3, 0
3, 0
1, 0xab880
0, 0x6f870
0, 0xab8a0
2, 2
3, 0
3, 0
3, 0
3, 0
3, 0
3, 0
3, 0
3, 0
3, 0
3, 0
3, 0
3, 0
3, 0
3, 0
1, 0xab8a0
0, 0x6f890
0, 0xab8c0
2, 2
3, 0
3, 0
3, 0
3, 0
3, 0
3, 0
3, 0
3, 0
3, 0
3, 0
3, 0
3, 0
3, 0
3, 0
1, 0xab8c0
0, 0x6f8b0
0, 0xab8e0
2, 2
3, 0
3, 0
3, 0
3, 0
3, 0
3, 0
3, 0
3, 0
3, 0
3, 0
3, 0
3, 0
3, 0
3, 0
0, 0x6f8d0
0, 0xab900
0, 0x6f8f0
0, 0xab920
0, 0x6f910
0, 0xab940
0, 0x6f930
0, 0xab960
1, 0xab8e0
0, 0x6f8d0
0, 0xab900
2, 2
3, 0
3, 0
3, 0
3, 0
3, 0
3, 0
3, 0
3, 0
3, 0
3, 0
3, 0
3, 0
3, 0
3, 0
1, 0xab900
0, 0x6f8f0
0, 0xab920
2, 2
3, 0
3, 0
3, 0
3, 0
3, 0
3, 0
3, 0
3, 0
3, 0
3, 0
3, 0
3, 0
3, 0
3, 0
1, 0xab920
0, 0x6f910
0, 0xab940
2, 2
3, 0
3, 0
3, 0
3, 0
3, 0
3, 0
3, 0
3, 0
3, 0
3, 0
3, 0
3, 0
3, 0
3, 0
1, 0xab940
0, 0x6f930
0, 0xab960
2, 2
3, 0
3, 0
3, 0
3, 0
3, 0
3, 0
3, 0
3, 0
3, 0
3, 0
3, 0
3, 0
3, 0
3, 0
0, 0x6f950
0, 0xab980
0, 0x6f970
0, 0xab9a0
0, 0x6f990
0, 0xab9c0
0, 0x6f9b0
0, 0xab9e0
1, 0xab960
0, 0x6f950
0, 0xab980
2, 2
3, 0
3, 0
3, 0
3, 0
3, 0
3, 0
3, 0
3, 0
3, 0
3, 0
3, 0
3, 0
3, 0
3, 0
1, 0xab980
0, 0x6f970
0, 0xab9a0
2, 2
3, 0
3, 0
3, 0
3, 0
3, 0
3, 0
3, 0
3, 0
3, 0
3, 0
3, 0
3, 0
3, 0
3, 0
1, 0xab9a0
0, 0x6f990
0, 0xab9c0
2, 2
3, 0
3, 0
3, 0
3, 0
3, 0
3, 0
3, 0
3, 0
3, 0
3, 0
3, 0
3, 0
3, 0
3, 0
1, 0xab9c0
0, 0x6f9b0
0, 0xab9e0
2, 2
3, 0
3, 0
3, 0
3, 0
3, 0
3, 0
3, 0
3, 0
3, 0
3, 0
3, 0
3, 0
3, 0
3, 0
0, 0x6f9d0
0, 0xaba00
0, 0x6f9f0
0, 0xaba20
0, 0x6fa10
0, 0xaba40
0, 0x6fa30
0, 0xaba60
1, 0xab9e0
0, 0x6f9d0
0, 0xaba00
2, 2
3, 0
3, 0
3, 0
3, 0
3, 0
3, 0
3, 0
3, 0
3, 0
3, 0
3, 0
3, 0
3, 0
3, 0
1, 0xaba00
0, 0x6f9f0
0, 0xaba20
2, 2
3, 0
3, 0
3, 0
3, 0
3, 0
3, 0
3, 0
3, 0
3, 0
3, 0
3, 0
3, 0
3, 0
3, 0
1, 0xaba20
0, 0x6fa10
0, 0xaba40
2, 2
3, 0
3, 0
3, 0
3, 0
3, 0
3, 0
3, 0
3, 0
3, 0
3, 0
3, 0
3, 0
3, 0
3, 0
1, 0xaba40
0, 0x6fa30
0, 0xaba60
2, 2
3, 0
3, 0
3, 0
3, 0
3, 0
3, 0
3, 0
3, 0
3, 0
3, 0
3, 0
3, 0
3, 0
3, 0
0, 0x6fa50
0, 0xaba80
0, 0x6fa70
0, 0xabaa0
0, 0x6fa90
0, 0xabac0
0, 0x6fab0
0, 0xabae0
1, 0xaba60
0, 0x6fa50
0, 0xaba80
2, 2
3, 0
3, 0
3, 0
3, 0
3, 0
3, 0
3, 0
3, 0
3, 0
3, 0
3, 0
3, 0
3, 0
3, 0
1, 0xaba80
0, 0x6fa70
0, 0xabaa0
2, 2
3, 0
3, 0
3, 0
3, 0
3, 0
3, 0
3, 0
3, 0
3, 0
3, 0
3, 0
3, 0
3, 0
3, 0
1, 0xabaa0
0, 0x6fa90
0, 0xabac0
2, 2
3, 0
3, 0
3, 0
3, 0
3, 0
3, 0
3, 0
3, 0
3, 0
3, 0
3, 0
3, 0
3, 0
3, 0
1, 0xabac0
0, 0x6fab0
0, 0xabae0
2, 2
3, 0
3, 0
3, 0
3, 0
3, 0
3, 0
3, 0
3, 0
3, 0
3, 0
3, 0
3, 0
3, 0
3, 0
0, 0x6fad0
0, 0xabb00
0, 0x6faf0
0, 0xabb20
0, 0x6fb10
0, 0xabb40
0, 0x6fb30
0, 0xabb60
1, 0xabae0
0, 0x6fad0
0, 0xabb00
2, 2
3, 0
3, 0
3, 0
3, 0
3, 0
3, 0
3, 0
3, 0
3, 0
3, 0
3, 0
3, 0
3, 0
3, 0
1, 0xabb00
0, 0x6faf0
0, 0xabb20
2, 2
3, 0
3, 0
3, 0
3, 0
3, 0
3, 0
3, 0
3, 0
3, 0
3, 0
3, 0
3, 0
3, 0
3, 0
1, 0xabb20
0, 0x6fb10
0, 0xabb40
2, 2
3, 0
3, 0
3, 0
3, 0
3, 0
3, 0
3, 0
3, 0
3, 0
3, 0
3, 0
3, 0
3, 0
3, 0
1, 0xabb40
0, 0x6fb30
0, 0xabb60
2, 2
3, 0
3, 0
3, 0
3, 0
3, 0
3, 0
3, 0
3, 0
3, 0
3, 0
3, 0
3, 0
3, 0
3, 0
0, 0x6fb50
0, 0xabb80
0, 0x6fb70
0, 0xabba0
0, 0x6fb90
0, 0xabbc0
0, 0x6fbb0
0, 0xabbe0
1, 0xabb60
0, 0x6fb50
0, 0xabb80
2, 2
3, 0
3, 0
3, 0
3, 0
3, 0
3, 0
3, 0
3, 0
3, 0
3, 0
3, 0
3, 0
3, 0
3, 0
1, 0xabb80
0, 0x6fb70
0, 0xabba0
2, 2
3, 0
3, 0
3, 0
3, 0
3, 0
3, 0
3, 0
3, 0
3, 0
3, 0
3, 0
3, 0
3, 0
3, 0
1, 0xabba0
0, 0x6fb90
0, 0xabbc0
2, 2
3, 0
3, 0
3, 0
3, 0
3, 0
3, 0
3, 0
3, 0
3, 0
3, 0
3, 0
3, 0
3, 0
3, 0
1, 0xabbc0
0, 0x6fbb0
0, 0xabbe0
2, 2
3, 0
3, 0
3, 0
3, 0
3, 0
3, 0
3, 0
3, 0
3, 0
3, 0
3, 0
3, 0
3, 0
3, 0
0, 0x6fbd0
0, 0xabc00
0, 0x6fbf0
0, 0xabc20
0, 0x6fc10
0, 0xabc40
0, 0x6fc30
0, 0xabc60
1, 0xabbe0
0, 0x6fbd0
0, 0xabc00
2, 2
3, 0
3, 0
3, 0
3, 0
3, 0
3, 0
3, 0
3, 0
3, 0
3, 0
3, 0
3, 0
3, 0
3, 0
1, 0xabc00
0, 0x6fbf0
0, 0xabc20
2, 2
3, 0
3, 0
3, 0
3, 0
3, 0
3, 0
3, 0
3, 0
3, 0
3, 0
3, 0
3, 0
3, 0
3, 0
1, 0xabc20
0, 0x6fc10
0, 0xabc40
2, 2
3, 0
3, 0
3, 0
3, 0
3, 0
3, 0
3, 0
3, 0
3, 0
3, 0
3, 0
3, 0
3, 0
3, 0
1, 0xabc40
0, 0x6fc30
0, 0xabc60
2, 2
3, 0
3, 0
3, 0
3, 0
3, 0
3, 0
3, 0
3, 0
3, 0
3, 0
3, 0
3, 0
3, 0
3, 0
0, 0x6fc50
0, 0xabc80
0, 0x6fc70
0, 0xabca0
0, 0x6fc90
0, 0xabcc0
0, 0x6fcb0
0, 0xabce0
1, 0xabc60
0, 0x6fc50
0, 0xabc80
2, 2
3, 0
3, 0
3, 0
3, 0
3, 0
3, 0
3, 0
3, 0
3, 0
3, 0
3, 0
3, 0
3, 0
3, 0
1, 0xabc80
0, 0x6fc70
0, 0xabca0
2, 2
3, 0
3, 0
3, 0
3, 0
3, 0
3, 0
3, 0
3, 0
3, 0
3, 0
3, 0
3, 0
3, 0
3, 0
1, 0xabca0
0, 0x6fc90
0, 0xabcc0
2, 2
3, 0
3, 0
3, 0
3, 0
3, 0
3, 0
3, 0
3, 0
3, 0
3, 0
3, 0
3, 0
3, 0
3, 0
1, 0xabcc0
0, 0x6fcb0
0, 0xabce0
2, 2
3, 0
3, 0
3, 0
3, 0
3, 0
3, 0
3, 0
3, 0
3, 0
3, 0
3, 0
3, 0
3, 0
3, 0
0, 0x6fcd0
0, 0xabd00
0, 0x6fcf0
0, 0xabd20
0, 0x6fd10
0, 0xabd40
0, 0x6fd30
0, 0xabd60
1, 0xabce0
0, 0x6fcd0
0, 0xabd00
2, 2
3, 0
3, 0
3, 0
3, 0
3, 0
3, 0
3, 0
3, 0
3, 0
3, 0
3, 0
3, 0
3, 0
3, 0
1, 0xabd00
0, 0x6fcf0
0, 0xabd20
2, 2
3, 0
3, 0
3, 0
3, 0
3, 0
3, 0
3, 0
3, 0
3, 0
3, 0
3, 0
3, 0
3, 0
3, 0
1, 0xabd20
0, 0x6fd10
0, 0xabd40
2, 2
3, 0
3, 0
3, 0
3, 0
3, 0
3, 0
3, 0
3, 0
3, 0
3, 0
3, 0
3, 0
3, 0
3, 0
1, 0xabd40
0, 0x6fd30
0, 0xabd60
2, 2
3, 0
3, 0
3, 0
3, 0
3, 0
3, 0
3, 0
3, 0
3, 0
3, 0
3, 0
3, 0
3, 0
3, 0
0, 0x6fd50
0, 0xabd80
0, 0x6fd70
0, 0xabda0
0, 0x6fd90
0, 0xabdc0
0, 0x6fdb0
0, 0xabde0
1, 0xabd60
0, 0x6fd50
0, 0xabd80
2, 2
3, 0
3, 0
3, 0
3, 0
3, 0
3, 0
3, 0
3, 0
3, 0
3, 0
3, 0
3, 0
3, 0
3, 0
1, 0xabd80
0, 0x6fd70
0, 0xabda0
2, 2
3, 0
3, 0
3, 0
3, 0
3, 0
3, 0
3, 0
3, 0
3, 0
3, 0
3, 0
3, 0
3, 0
3, 0
1, 0xabda0
0, 0x6fd90
0, 0xabdc0
2, 2
3, 0
3, 0
3, 0
3, 0
3, 0
3, 0
3, 0
3, 0
3, 0
3, 0
3, 0
3, 0
3, 0
3, 0
1, 0xabdc0
0, 0x6fdb0
0, 0xabde0
2, 2
3, 0
3, 0
3, 0
3, 0
3, 0
3, 0
3, 0
3, 0
3, 0
3, 0
3, 0
3, 0
3, 0
3, 0
0, 0x6fdd0
0, 0xabe00
0, 0x6fdf0
0, 0xabe20
0, 0x6fe10
0, 0xabe40
0, 0x6fe30
0, 0xabe60
1, 0xabde0
0, 0x6fdd0
0, 0xabe00
2, 2
3, 0
3, 0
3, 0
3, 0
3, 0
3, 0
3, 0
3, 0
3, 0
3, 0
3, 0
3, 0
3, 0
3, 0
1, 0xabe00
0, 0x6fdf0
0, 0xabe20
2, 2
3, 0
3, 0
3, 0
3, 0
3, 0
3, 0
3, 0
3, 0
3, 0
3, 0
3, 0
3, 0
3, 0
3, 0
1, 0xabe20
0, 0x6fe10
0, 0xabe40
2, 2
3, 0
3, 0
3, 0
3, 0
3, 0
3, 0
3, 0
3, 0
3, 0
3, 0
3, 0
3, 0
3, 0
3, 0
1, 0xabe40
0, 0x6fe30
0, 0xabe60
2, 2
3, 0
3, 0
3, 0
3, 0
3, 0
3, 0
3, 0
3, 0
3, 0
3, 0
3, 0
3, 0
3, 0
3, 0
0, 0x6fe50
0, 0xabe80
0, 0x6fe70
0, 0xabea0
0, 0x6fe90
0, 0xabec0
0, 0x6feb0
0, 0xabee0
1, 0xabe60
0, 0x6fe50
0, 0xabe80
2, 2
3, 0
3, 0
3, 0
3, 0
3, 0
3, 0
3, 0
3, 0
3, 0
3, 0
3, 0
3, 0
3, 0
3, 0
1, 0xabe80
0, 0x6fe70
0, 0xabea0
2, 2
3, 0
3, 0
3, 0
3, 0
3, 0
3, 0
3, 0
3, 0
3, 0
3, 0
3, 0
3, 0
3, 0
3, 0
1, 0xabea0
0, 0x6fe90
0, 0xabec0
2, 2
3, 0
3, 0
3, 0
3, 0
3, 0
3, 0
3, 0
3, 0
3, 0
3, 0
3, 0
3, 0
3, 0
3, 0
1, 0xabec0
0, 0x6feb0
0, 0xabee0
2, 2
3, 0
3, 0
3, 0
3, 0
3, 0
3, 0
3, 0
3, 0
3, 0
3, 0
3, 0
3, 0
3, 0
3, 0
0, 0x6fed0
0, 0xabf00
0, 0x6fef0
0, 0xabf20
0, 0x6ff10
0, 0xabf40
0, 0x6ff30
0, 0xabf60
1, 0xabee0
0, 0x6fed0
0, 0xabf00
2, 2
3, 0
3, 0
3, 0
3, 0
3, 0
3, 0
3, 0
3, 0
3, 0
3, 0
3, 0
3, 0
3, 0
3, 0
1, 0xabf00
0, 0x6fef0
0, 0xabf20
2, 2
3, 0
3, 0
3, 0
3, 0
3, 0
3, 0
3, 0
3, 0
3, 0
3, 0
3, 0
3, 0
3, 0
3, 0
1, 0xabf20
0, 0x6ff10
0, 0xabf40
2, 2
3, 0
3, 0
3, 0
3, 0
3, 0
3, 0
3, 0
3, 0
3, 0
3, 0
3, 0
3, 0
3, 0
3, 0
1, 0xabf40
0, 0x6ff30
0, 0xabf60
2, 2
3, 0
3, 0
3, 0
3, 0
3, 0
3, 0
3, 0
3, 0
3, 0
3, 0
3, 0
3, 0
3, 0
3, 0
0, 0x6ff50
0, 0xabf80
0, 0x6ff70
0, 0xabfa0
0, 0x6ff90
0, 0xabfc0
0, 0x6ffb0
0, 0xabfe0
1, 0xabf60
0, 0x6ff50
0, 0xabf80
2, 2
3, 0
3, 0
3, 0
3, 0
3, 0
3, 0
3, 0
3, 0
3, 0
3, 0
3, 0
3, 0
3, 0
3, 0
1, 0xabf80
0, 0x6ff70
0, 0xabfa0
2, 2
3, 0
3, 0
3, 0
3, 0
3, 0
3, 0
3, 0
3, 0
3, 0
3, 0
3, 0
3, 0
3, 0
3, 0
1, 0xabfa0
0, 0x6ff90
0, 0xabfc0
2, 2
3, 0
3, 0
3, 0
3, 0
3, 0
3, 0
3, 0
3, 0
3, 0
3, 0
3, 0
3, 0
3, 0
3, 0
1, 0xabfc0
0, 0x6ffb0
0, 0xabfe0
2, 2
3, 0
3, 0
3, 0
3, 0
3, 0
3, 0
3, 0
3, 0
3, 0
3, 0
3, 0
3, 0
3, 0
3, 0
0, 0x6ffd0
0, 0xac000
0, 0x6fff0
0, 0xac020
0, 0x70010
0, 0xac040
0, 0x70030
0, 0xac060
1, 0xabfe0
0, 0x6ffd0
0, 0xac000
2, 2
3, 0
3, 0
3, 0
3, 0
3, 0
3, 0
3, 0
3, 0
3, 0
3, 0
3, 0
3, 0
3, 0
3, 0
1, 0xac000
0, 0x6fff0
0, 0xac020
2, 2
3, 0
3, 0
3, 0
3, 0
3, 0
3, 0
3, 0
3, 0
3, 0
3, 0
3, 0
3, 0
3, 0
3, 0
1, 0xac020
0, 0x70010
0, 0xac040
2, 2
3, 0
3, 0
3, 0
3, 0
3, 0
3, 0
3, 0
3, 0
3, 0
3, 0
3, 0
3, 0
3, 0
3, 0
1, 0xac040
0, 0x70030
0, 0xac060
2, 2
3, 0
3, 0
3, 0
3, 0
3, 0
3, 0
3, 0
3, 0
3, 0
3, 0
3, 0
3, 0
3, 0
3, 0
0, 0x70050
0, 0xac080
0, 0x70070
0, 0xac0a0
0, 0x70090
0, 0xac0c0
0, 0x700b0
0, 0xac0e0
1, 0xac060
0, 0x70050
0, 0xac080
2, 2
3, 0
3, 0
3, 0
3, 0
3, 0
3, 0
3, 0
3, 0
3, 0
3, 0
3, 0
3, 0
3, 0
3, 0
1, 0xac080
0, 0x70070
0, 0xac0a0
2, 2
3, 0
3, 0
3, 0
3, 0
3, 0
3, 0
3, 0
3, 0
3, 0
3, 0
3, 0
3, 0
3, 0
3, 0
1, 0xac0a0
0, 0x70090
0, 0xac0c0
2, 2
3, 0
3, 0
3, 0
3, 0
3, 0
3, 0
3, 0
3, 0
3, 0
3, 0
3, 0
3, 0
3, 0
3, 0
1, 0xac0c0
0, 0x700b0
0, 0xac0e0
2, 2
3, 0
3, 0
3, 0
3, 0
3, 0
3, 0
3, 0
3, 0
3, 0
3, 0
3, 0
3, 0
3, 0
3, 0
0, 0x700d0
0, 0xac100
0, 0x700f0
0, 0xac120
0, 0x70110
0, 0xac140
0, 0x70130
0, 0xac160
1, 0xac0e0
0, 0x700d0
0, 0xac100
2, 2
3, 0
3, 0
3, 0
3, 0
3, 0
3, 0
3, 0
3, 0
3, 0
3, 0
3, 0
3, 0
3, 0
3, 0
1, 0xac100
0, 0x700f0
0, 0xac120
2, 2
3, 0
3, 0
3, 0
3, 0
3, 0
3, 0
3, 0
3, 0
3, 0
3, 0
3, 0
3, 0
3, 0
3, 0
1, 0xac120
0, 0x70110
0, 0xac140
2, 2
3, 0
3, 0
3, 0
3, 0
3, 0
3, 0
3, 0
3, 0
3, 0
3, 0
3, 0
3, 0
3, 0
3, 0
1, 0xac140
0, 0x70130
0, 0xac160
2, 2
3, 0
3, 0
3, 0
3, 0
3, 0
3, 0
3, 0
3, 0
3, 0
3, 0
3, 0
3, 0
3, 0
3, 0
0, 0x70150
0, 0xac180
0, 0x70170
0, 0xac1a0
0, 0x70190
0, 0xac1c0
0, 0x701b0
0, 0xac1e0
1, 0xac160
0, 0x70150
0, 0xac180
2, 2
3, 0
3, 0
3, 0
3, 0
3, 0
3, 0
3, 0
3, 0
3, 0
3, 0
3, 0
3, 0
3, 0
3, 0
1, 0xac180
0, 0x70170
0, 0xac1a0
2, 2
3, 0
3, 0
3, 0
3, 0
3, 0
3, 0
3, 0
3, 0
3, 0
3, 0
3, 0
3, 0
3, 0
3, 0
1, 0xac1a0
0, 0x70190
0, 0xac1c0
2, 2
3, 0
3, 0
3, 0
3, 0
3, 0
3, 0
3, 0
3, 0
3, 0
3, 0
3, 0
3, 0
3, 0
3, 0
1, 0xac1c0
0, 0x701b0
0, 0xac1e0
2, 2
3, 0
3, 0
3, 0
3, 0
3, 0
3, 0
3, 0
3, 0
3, 0
3, 0
3, 0
3, 0
3, 0
3, 0
0, 0x701d0
0, 0xac200
0, 0x701f0
0, 0xac220
0, 0x70210
0, 0xac240
0, 0x70230
0, 0xac260
1, 0xac1e0
0, 0x701d0
0, 0xac200
2, 2
3, 0
3, 0
3, 0
3, 0
3, 0
3, 0
3, 0
3, 0
3, 0
3, 0
3, 0
3, 0
3, 0
3, 0
1, 0xac200
0, 0x701f0
0, 0xac220
2, 2
3, 0
3, 0
3, 0
3, 0
3, 0
3, 0
3, 0
3, 0
3, 0
3, 0
3, 0
3, 0
3, 0
3, 0
1, 0xac220
0, 0x70210
0, 0xac240
2, 2
3, 0
3, 0
3, 0
3, 0
3, 0
3, 0
3, 0
3, 0
3, 0
3, 0
3, 0
3, 0
3, 0
3, 0
1, 0xac240
0, 0x70230
0, 0xac260
2, 2
3, 0
3, 0
3, 0
3, 0
3, 0
3, 0
3, 0
3, 0
3, 0
3, 0
3, 0
3, 0
3, 0
3, 0
0, 0x70250
0, 0xac280
0, 0x70270
0, 0xac2a0
0, 0x70290
0, 0xac2c0
0, 0x702b0
0, 0xac2e0
1, 0xac260
0, 0x70250
0, 0xac280
2, 2
3, 0
3, 0
3, 0
3, 0
3, 0
3, 0
3, 0
3, 0
3, 0
3, 0
3, 0
3, 0
3, 0
3, 0
1, 0xac280
0, 0x70270
0, 0xac2a0
2, 2
3, 0
3, 0
3, 0
3, 0
3, 0
3, 0
3, 0
3, 0
3, 0
3, 0
3, 0
3, 0
3, 0
3, 0
1, 0xac2a0
0, 0x70290
0, 0xac2c0
2, 2
3, 0
3, 0
3, 0
3, 0
3, 0
3, 0
3, 0
3, 0
3, 0
3, 0
3, 0
3, 0
3, 0
3, 0
1, 0xac2c0
0, 0x702b0
0, 0xac2e0
2, 2
3, 0
3, 0
3, 0
3, 0
3, 0
3, 0
3, 0
3, 0
3, 0
3, 0
3, 0
3, 0
3, 0
3, 0
0, 0x702d0
0, 0xac300
0, 0x702f0
0, 0xac320
0, 0x70310
0, 0xac340
0, 0x70330
0, 0xac360
1, 0xac2e0
0, 0x702d0
0, 0xac300
2, 2
3, 0
3, 0
3, 0
3, 0
3, 0
3, 0
3, 0
3, 0
3, 0
3, 0
3, 0
3, 0
3, 0
3, 0
1, 0xac300
0, 0x702f0
0, 0xac320
2, 2
3, 0
3, 0
3, 0
3, 0
3, 0
3, 0
3, 0
3, 0
3, 0
3, 0
3, 0
3, 0
3, 0
3, 0
1, 0xac320
0, 0x70310
0, 0xac340
2, 2
3, 0
3, 0
3, 0
3, 0
3, 0
3, 0
3, 0
3, 0
3, 0
3, 0
3, 0
3, 0
3, 0
3, 0
1, 0xac340
0, 0x70330
0, 0xac360
2, 2
3, 0
3, 0
3, 0
3, 0
3, 0
3, 0
3, 0
3, 0
3, 0
3, 0
3, 0
3, 0
3, 0
3, 0
0, 0x70350
0, 0xac380
0, 0x70370
0, 0xac3a0
0, 0x70390
0, 0xac3c0
0, 0x703b0
0, 0xac3e0
1, 0xac360
0, 0x70350
0, 0xac380
2, 2
3, 0
3, 0
3, 0
3, 0
3, 0
3, 0
3, 0
3, 0
3, 0
3, 0
3, 0
3, 0
3, 0
3, 0
1, 0xac380
0, 0x70370
0, 0xac3a0
2, 2
3, 0
3, 0
3, 0
3, 0
3, 0
3, 0
3, 0
3, 0
3, 0
3, 0
3, 0
3, 0
3, 0
3, 0
1, 0xac3a0
0, 0x70390
0, 0xac3c0
2, 2
3, 0
3, 0
3, 0
3, 0
3, 0
3, 0
3, 0
3, 0
3, 0
3, 0
3, 0
3, 0
3, 0
3, 0
1, 0xac3c0
0, 0x703b0
0, 0xac3e0
2, 2
3, 0
3, 0
3, 0
3, 0
3, 0
3, 0
3, 0
3, 0
3, 0
3, 0
3, 0
3, 0
3, 0
3, 0
0, 0x703d0
0, 0xac400
0, 0x703f0
0, 0xac420
0, 0x70410
0, 0xac440
0, 0x70430
0, 0xac460
1, 0xac3e0
0, 0x703d0
0, 0xac400
2, 2
3, 0
3, 0
3, 0
3, 0
3, 0
3, 0
3, 0
3, 0
3, 0
3, 0
3, 0
3, 0
3, 0
3, 0
1, 0xac400
0, 0x703f0
0, 0xac420
2, 2
3, 0
3, 0
3, 0
3, 0
3, 0
3, 0
3, 0
3, 0
3, 0
3, 0
3, 0
3, 0
3, 0
3, 0
1, 0xac420
0, 0x70410
0, 0xac440
2, 2
3, 0
3, 0
3, 0
3, 0
3, 0
3, 0
3, 0
3, 0
3, 0
3, 0
3, 0
3, 0
3, 0
3, 0
1, 0xac440
0, 0x70430
0, 0xac460
2, 2
3, 0
3, 0
3, 0
3, 0
3, 0
3, 0
3, 0
3, 0
3, 0
3, 0
3, 0
3, 0
3, 0
3, 0
0, 0x70450
0, 0xac480
0, 0x70470
0, 0xac4a0
0, 0x70490
0, 0xac4c0
0, 0x704b0
0, 0xac4e0
1, 0xac460
0, 0x70450
0, 0xac480
2, 2
3, 0
3, 0
3, 0
3, 0
3, 0
3, 0
3, 0
3, 0
3, 0
3, 0
3, 0
3, 0
3, 0
3, 0
1, 0xac480
0, 0x70470
0, 0xac4a0
2, 2
3, 0
3, 0
3, 0
3, 0
3, 0
3, 0
3, 0
3, 0
3, 0
3, 0
3, 0
3, 0
3, 0
3, 0
1, 0xac4a0
0, 0x70490
0, 0xac4c0
2, 2
3, 0
3, 0
3, 0
3, 0
3, 0
3, 0
3, 0
3, 0
3, 0
3, 0
3, 0
3, 0
3, 0
3, 0
1, 0xac4c0
0, 0x704b0
0, 0xac4e0
2, 2
3, 0
3, 0
3, 0
3, 0
3, 0
3, 0
3, 0
3, 0
3, 0
3, 0
3, 0
3, 0
3, 0
3, 0
0, 0x704d0
0, 0xac500
0, 0x704f0
0, 0xac520
0, 0x70510
0, 0xac540
0, 0x70530
0, 0xac560
1, 0xac4e0
0, 0x704d0
0, 0xac500
2, 2
3, 0
3, 0
3, 0
3, 0
3, 0
3, 0
3, 0
3, 0
3, 0
3, 0
3, 0
3, 0
3, 0
3, 0
1, 0xac500
0, 0x704f0
0, 0xac520
2, 2
3, 0
3, 0
3, 0
3, 0
3, 0
3, 0
3, 0
3, 0
3, 0
3, 0
3, 0
3, 0
3, 0
3, 0
1, 0xac520
0, 0x70510
0, 0xac540
2, 2
3, 0
3, 0
3, 0
3, 0
3, 0
3, 0
3, 0
3, 0
3, 0
3, 0
3, 0
3, 0
3, 0
3, 0
1, 0xac540
0, 0x70530
0, 0xac560
2, 2
3, 0
3, 0
3, 0
3, 0
3, 0
3, 0
3, 0
3, 0
3, 0
3, 0
3, 0
3, 0
3, 0
3, 0
0, 0x70550
0, 0xac580
0, 0x70570
0, 0xac5a0
0, 0x70590
0, 0xac5c0
0, 0x705b0
0, 0xac5e0
1, 0xac560
0, 0x70550
0, 0xac580
2, 2
3, 0
3, 0
3, 0
3, 0
3, 0
3, 0
3, 0
3, 0
3, 0
3, 0
3, 0
3, 0
3, 0
3, 0
1, 0xac580
0, 0x70570
0, 0xac5a0
2, 2
3, 0
3, 0
3, 0
3, 0
3, 0
3, 0
3, 0
3, 0
3, 0
3, 0
3, 0
3, 0
3, 0
3, 0
1, 0xac5a0
0, 0x70590
0, 0xac5c0
2, 2
3, 0
3, 0
3, 0
3, 0
3, 0
3, 0
3, 0
3, 0
3, 0
3, 0
3, 0
3, 0
3, 0
3, 0
1, 0xac5c0
0, 0x705b0
0, 0xac5e0
2, 2
3, 0
3, 0
3, 0
3, 0
3, 0
3, 0
3, 0
3, 0
3, 0
3, 0
3, 0
3, 0
3, 0
3, 0
0, 0x705d0
0, 0xac600
0, 0x705f0
0, 0xac620
0, 0x70610
0, 0xac640
0, 0x70630
0, 0xac660
1, 0xac5e0
0, 0x705d0
0, 0xac600
2, 2
3, 0
3, 0
3, 0
3, 0
3, 0
3, 0
3, 0
3, 0
3, 0
3, 0
3, 0
3, 0
3, 0
3, 0
1, 0xac600
0, 0x705f0
0, 0xac620
2, 2
3, 0
3, 0
3, 0
3, 0
3, 0
3, 0
3, 0
3, 0
3, 0
3, 0
3, 0
3, 0
3, 0
3, 0
1, 0xac620
0, 0x70610
0, 0xac640
2, 2
3, 0
3, 0
3, 0
3, 0
3, 0
3, 0
3, 0
3, 0
3, 0
3, 0
3, 0
3, 0
3, 0
3, 0
1, 0xac640
0, 0x70630
0, 0xac660
2, 2
3, 0
3, 0
3, 0
3, 0
3, 0
3, 0
3, 0
3, 0
3, 0
3, 0
3, 0
3, 0
3, 0
3, 0
0, 0x70650
0, 0xac680
0, 0x70670
0, 0xac6a0
0, 0x70690
0, 0xac6c0
0, 0x706b0
0, 0xac6e0
1, 0xac660
0, 0x70650
0, 0xac680
2, 2
3, 0
3, 0
3, 0
3, 0
3, 0
3, 0
3, 0
3, 0
3, 0
3, 0
3, 0
3, 0
3, 0
3, 0
1, 0xac680
0, 0x70670
0, 0xac6a0
2, 2
3, 0
3, 0
3, 0
3, 0
3, 0
3, 0
3, 0
3, 0
3, 0
3, 0
3, 0
3, 0
3, 0
3, 0
1, 0xac6a0
0, 0x70690
0, 0xac6c0
2, 2
3, 0
3, 0
3, 0
3, 0
3, 0
3, 0
3, 0
3, 0
3, 0
3, 0
3, 0
3, 0
3, 0
3, 0
1, 0xac6c0
0, 0x706b0
0, 0xac6e0
2, 2
3, 0
3, 0
3, 0
3, 0
3, 0
3, 0
3, 0
3, 0
3, 0
3, 0
3, 0
3, 0
3, 0
3, 0
0, 0x706d0
0, 0xac700
0, 0x706f0
0, 0xac720
0, 0x70710
0, 0xac740
0, 0x70730
0, 0xac760
1, 0xac6e0
0, 0x706d0
0, 0xac700
2, 2
3, 0
3, 0
3, 0
3, 0
3, 0
3, 0
3, 0
3, 0
3, 0
3, 0
3, 0
3, 0
3, 0
3, 0
1, 0xac700
0, 0x706f0
0, 0xac720
2, 2
3, 0
3, 0
3, 0
3, 0
3, 0
3, 0
3, 0
3, 0
3, 0
3, 0
3, 0
3, 0
3, 0
3, 0
1, 0xac720
0, 0x70710
0, 0xac740
2, 2
3, 0
3, 0
3, 0
3, 0
3, 0
3, 0
3, 0
3, 0
3, 0
3, 0
3, 0
3, 0
3, 0
3, 0
1, 0xac740
0, 0x70730
0, 0xac760
2, 2
3, 0
3, 0
3, 0
3, 0
3, 0
3, 0
3, 0
3, 0
3, 0
3, 0
3, 0
3, 0
3, 0
3, 0
0, 0x70750
0, 0xac780
0, 0x70770
0, 0xac7a0
0, 0x70790
0, 0xac7c0
0, 0x707b0
0, 0xac7e0
1, 0xac760
0, 0x70750
0, 0xac780
2, 2
3, 0
3, 0
3, 0
3, 0
3, 0
3, 0
3, 0
3, 0
3, 0
3, 0
3, 0
3, 0
3, 0
3, 0
1, 0xac780
0, 0x70770
0, 0xac7a0
2, 2
3, 0
3, 0
3, 0
3, 0
3, 0
3, 0
3, 0
3, 0
3, 0
3, 0
3, 0
3, 0
3, 0
3, 0
1, 0xac7a0
0, 0x70790
0, 0xac7c0
2, 2
3, 0
3, 0
3, 0
3, 0
3, 0
3, 0
3, 0
3, 0
3, 0
3, 0
3, 0
3, 0
3, 0
3, 0
1, 0xac7c0
0, 0x707b0
0, 0xac7e0
2, 2
3, 0
3, 0
3, 0
3, 0
3, 0
3, 0
3, 0
3, 0
3, 0
3, 0
3, 0
3, 0
3, 0
3, 0
0, 0x707d0
0, 0xac800
0, 0x707f0
0, 0xac820
0, 0x70810
0, 0xac840
0, 0x70830
0, 0xac860
1, 0xac7e0
0, 0x707d0
0, 0xac800
2, 2
3, 0
3, 0
3, 0
3, 0
3, 0
3, 0
3, 0
3, 0
3, 0
3, 0
3, 0
3, 0
3, 0
3, 0
1, 0xac800
0, 0x707f0
0, 0xac820
2, 2
3, 0
3, 0
3, 0
3, 0
3, 0
3, 0
3, 0
3, 0
3, 0
3, 0
3, 0
3, 0
3, 0
3, 0
1, 0xac820
0, 0x70810
0, 0xac840
2, 2
3, 0
3, 0
3, 0
3, 0
3, 0
3, 0
3, 0
3, 0
3, 0
3, 0
3, 0
3, 0
3, 0
3, 0
1, 0xac840
0, 0x70830
0, 0xac860
2, 2
3, 0
3, 0
3, 0
3, 0
3, 0
3, 0
3, 0
3, 0
3, 0
3, 0
3, 0
3, 0
3, 0
3, 0
0, 0x70850
0, 0xac880
0, 0x70870
0, 0xac8a0
0, 0x70890
0, 0xac8c0
0, 0x708b0
0, 0xac8e0
1, 0xac860
0, 0x70850
0, 0xac880
2, 2
3, 0
3, 0
3, 0
3, 0
3, 0
3, 0
3, 0
3, 0
3, 0
3, 0
3, 0
3, 0
3, 0
3, 0
1, 0xac880
0, 0x70870
0, 0xac8a0
2, 2
3, 0
3, 0
3, 0
3, 0
3, 0
3, 0
3, 0
3, 0
3, 0
3, 0
3, 0
3, 0
3, 0
3, 0
1, 0xac8a0
0, 0x70890
0, 0xac8c0
2, 2
3, 0
3, 0
3, 0
3, 0
3, 0
3, 0
3, 0
3, 0
3, 0
3, 0
3, 0
3, 0
3, 0
3, 0
1, 0xac8c0
0, 0x708b0
0, 0xac8e0
2, 2
3, 0
3, 0
3, 0
3, 0
3, 0
3, 0
3, 0
3, 0
3, 0
3, 0
3, 0
3, 0
3, 0
3, 0
0, 0x708d0
0, 0xac900
0, 0x708f0
0, 0xac920
0, 0x70910
0, 0xac940
0, 0x70930
0, 0xac960
1, 0xac8e0
0, 0x708d0
0, 0xac900
2, 2
3, 0
3, 0
3, 0
3, 0
3, 0
3, 0
3, 0
3, 0
3, 0
3, 0
3, 0
3, 0
3, 0
3, 0
1, 0xac900
0, 0x708f0
0, 0xac920
2, 2
3, 0
3, 0
3, 0
3, 0
3, 0
3, 0
3, 0
3, 0
3, 0
3, 0
3, 0
3, 0
3, 0
3, 0
1, 0xac920
0, 0x70910
0, 0xac940
2, 2
3, 0
3, 0
3, 0
3, 0
3, 0
3, 0
3, 0
3, 0
3, 0
3, 0
3, 0
3, 0
3, 0
3, 0
1, 0xac940
0, 0x70930
0, 0xac960
2, 2
3, 0
3, 0
3, 0
3, 0
3, 0
3, 0
3, 0
3, 0
3, 0
3, 0
3, 0
3, 0
3, 0
3, 0
0, 0x70950
0, 0xac980
0, 0x70970
0, 0xac9a0
0, 0x70990
0, 0xac9c0
0, 0x709b0
0, 0xac9e0
1, 0xac960
0, 0x70950
0, 0xac980
2, 2
3, 0
3, 0
3, 0
3, 0
3, 0
3, 0
3, 0
3, 0
3, 0
3, 0
3, 0
3, 0
3, 0
3, 0
1, 0xac980
0, 0x70970
0, 0xac9a0
2, 2
3, 0
3, 0
3, 0
3, 0
3, 0
3, 0
3, 0
3, 0
3, 0
3, 0
3, 0
3, 0
3, 0
3, 0
1, 0xac9a0
0, 0x70990
0, 0xac9c0
2, 2
3, 0
3, 0
3, 0
3, 0
3, 0
3, 0
3, 0
3, 0
3, 0
3, 0
3, 0
3, 0
3, 0
3, 0
1, 0xac9c0
0, 0x709b0
0, 0xac9e0
2, 2
3, 0
3, 0
3, 0
3, 0
3, 0
3, 0
3, 0
3, 0
3, 0
3, 0
3, 0
3, 0
3, 0
3, 0
0, 0x709d0
0, 0xaca00
0, 0x709f0
0, 0xaca20
0, 0x70a10
0, 0xaca40
0, 0x70a30
0, 0xaca60
1, 0xac9e0
0, 0x709d0
0, 0xaca00
2, 2
3, 0
3, 0
3, 0
3, 0
3, 0
3, 0
3, 0
3, 0
3, 0
3, 0
3, 0
3, 0
3, 0
3, 0
1, 0xaca00
0, 0x709f0
0, 0xaca20
2, 2
3, 0
3, 0
3, 0
3, 0
3, 0
3, 0
3, 0
3, 0
3, 0
3, 0
3, 0
3, 0
3, 0
3, 0
1, 0xaca20
0, 0x70a10
0, 0xaca40
2, 2
3, 0
3, 0
3, 0
3, 0
3, 0
3, 0
3, 0
3, 0
3, 0
3, 0
3, 0
3, 0
3, 0
3, 0
1, 0xaca40
0, 0x70a30
0, 0xaca60
2, 2
3, 0
3, 0
3, 0
3, 0
3, 0
3, 0
3, 0
3, 0
3, 0
3, 0
3, 0
3, 0
3, 0
3, 0
0, 0x70a50
0, 0xaca80
0, 0x70a70
0, 0xacaa0
0, 0x70a90
0, 0xacac0
0, 0x70ab0
0, 0xacae0
1, 0xaca60
0, 0x70a50
0, 0xaca80
2, 2
3, 0
3, 0
3, 0
3, 0
3, 0
3, 0
3, 0
3, 0
3, 0
3, 0
3, 0
3, 0
3, 0
3, 0
1, 0xaca80
0, 0x70a70
0, 0xacaa0
2, 2
3, 0
3, 0
3, 0
3, 0
3, 0
3, 0
3, 0
3, 0
3, 0
3, 0
3, 0
3, 0
3, 0
3, 0
1, 0xacaa0
0, 0x70a90
0, 0xacac0
2, 2
3, 0
3, 0
3, 0
3, 0
3, 0
3, 0
3, 0
3, 0
3, 0
3, 0
3, 0
3, 0
3, 0
3, 0
1, 0xacac0
0, 0x70ab0
0, 0xacae0
2, 2
3, 0
3, 0
3, 0
3, 0
3, 0
3, 0
3, 0
3, 0
3, 0
3, 0
3, 0
3, 0
3, 0
3, 0
0, 0x70ad0
0, 0xacb00
0, 0x70af0
0, 0xacb20
0, 0x70b10
0, 0xacb40
0, 0x70b30
0, 0xacb60
1, 0xacae0
0, 0x70ad0
0, 0xacb00
2, 2
3, 0
3, 0
3, 0
3, 0
3, 0
3, 0
3, 0
3, 0
3, 0
3, 0
3, 0
3, 0
3, 0
3, 0
1, 0xacb00
0, 0x70af0
0, 0xacb20
2, 2
3, 0
3, 0
3, 0
3, 0
3, 0
3, 0
3, 0
3, 0
3, 0
3, 0
3, 0
3, 0
3, 0
3, 0
1, 0xacb20
0, 0x70b10
0, 0xacb40
2, 2
3, 0
3, 0
3, 0
3, 0
3, 0
3, 0
3, 0
3, 0
3, 0
3, 0
3, 0
3, 0
3, 0
3, 0
1, 0xacb40
0, 0x70b30
0, 0xacb60
2, 2
3, 0
3, 0
3, 0
3, 0
3, 0
3, 0
3, 0
3, 0
3, 0
3, 0
3, 0
3, 0
3, 0
3, 0
0, 0x70b50
0, 0xacb80
0, 0x70b70
0, 0xacba0
0, 0x70b90
0, 0xacbc0
0, 0x70bb0
0, 0xacbe0
1, 0xacb60
0, 0x70b50
0, 0xacb80
2, 2
3, 0
3, 0
3, 0
3, 0
3, 0
3, 0
3, 0
3, 0
3, 0
3, 0
3, 0
3, 0
3, 0
3, 0
1, 0xacb80
0, 0x70b70
0, 0xacba0
2, 2
3, 0
3, 0
3, 0
3, 0
3, 0
3, 0
3, 0
3, 0
3, 0
3, 0
3, 0
3, 0
3, 0
3, 0
1, 0xacba0
0, 0x70b90
0, 0xacbc0
2, 2
3, 0
3, 0
3, 0
3, 0
3, 0
3, 0
3, 0
3, 0
3, 0
3, 0
3, 0
3, 0
3, 0
3, 0
1, 0xacbc0
0, 0x70bb0
0, 0xacbe0
2, 2
3, 0
3, 0
3, 0
3, 0
3, 0
3, 0
3, 0
3, 0
3, 0
3, 0
3, 0
3, 0
3, 0
3, 0
0, 0x70bd0
0, 0xacc00
0, 0x70bf0
0, 0xacc20
0, 0x70c10
0, 0xacc40
0, 0x70c30
0, 0xacc60
1, 0xacbe0
0, 0x70bd0
0, 0xacc00
2, 2
3, 0
3, 0
3, 0
3, 0
3, 0
3, 0
3, 0
3, 0
3, 0
3, 0
3, 0
3, 0
3, 0
3, 0
1, 0xacc00
0, 0x70bf0
0, 0xacc20
2, 2
3, 0
3, 0
3, 0
3, 0
3, 0
3, 0
3, 0
3, 0
3, 0
3, 0
3, 0
3, 0
3, 0
3, 0
1, 0xacc20
0, 0x70c10
0, 0xacc40
2, 2
3, 0
3, 0
3, 0
3, 0
3, 0
3, 0
3, 0
3, 0
3, 0
3, 0
3, 0
3, 0
3, 0
3, 0
1, 0xacc40
0, 0x70c30
0, 0xacc60
2, 2
3, 0
3, 0
3, 0
3, 0
3, 0
3, 0
3, 0
3, 0
3, 0
3, 0
3, 0
3, 0
3, 0
3, 0
0, 0x70c50
0, 0xacc80
0, 0x70c70
0, 0xacca0
0, 0x70c90
0, 0xaccc0
0, 0x70cb0
0, 0xacce0
1, 0xacc60
0, 0x70c50
0, 0xacc80
2, 2
3, 0
3, 0
3, 0
3, 0
3, 0
3, 0
3, 0
3, 0
3, 0
3, 0
3, 0
3, 0
3, 0
3, 0
1, 0xacc80
0, 0x70c70
0, 0xacca0
2, 2
3, 0
3, 0
3, 0
3, 0
3, 0
3, 0
3, 0
3, 0
3, 0
3, 0
3, 0
3, 0
3, 0
3, 0
1, 0xacca0
0, 0x70c90
0, 0xaccc0
2, 2
3, 0
3, 0
3, 0
3, 0
3, 0
3, 0
3, 0
3, 0
3, 0
3, 0
3, 0
3, 0
3, 0
3, 0
1, 0xaccc0
0, 0x70cb0
0, 0xacce0
2, 2
3, 0
3, 0
3, 0
3, 0
3, 0
3, 0
3, 0
3, 0
3, 0
3, 0
3, 0
3, 0
3, 0
3, 0
0, 0x70cd0
0, 0xacd00
0, 0x70cf0
0, 0xacd20
0, 0x70d10
0, 0xacd40
0, 0x70d30
0, 0xacd60
1, 0xacce0
0, 0x70cd0
0, 0xacd00
2, 2
3, 0
3, 0
3, 0
3, 0
3, 0
3, 0
3, 0
3, 0
3, 0
3, 0
3, 0
3, 0
3, 0
3, 0
1, 0xacd00
0, 0x70cf0
0, 0xacd20
2, 2
3, 0
3, 0
3, 0
3, 0
3, 0
3, 0
3, 0
3, 0
3, 0
3, 0
3, 0
3, 0
3, 0
3, 0
1, 0xacd20
0, 0x70d10
0, 0xacd40
2, 2
3, 0
3, 0
3, 0
3, 0
3, 0
3, 0
3, 0
3, 0
3, 0
3, 0
3, 0
3, 0
3, 0
3, 0
1, 0xacd40
0, 0x70d30
0, 0xacd60
2, 2
3, 0
3, 0
3, 0
3, 0
3, 0
3, 0
3, 0
3, 0
3, 0
3, 0
3, 0
3, 0
3, 0
3, 0
0, 0x70d50
0, 0xacd80
0, 0x70d70
0, 0xacda0
0, 0x70d90
0, 0xacdc0
0, 0x70db0
0, 0xacde0
1, 0xacd60
0, 0x70d50
0, 0xacd80
2, 2
3, 0
3, 0
3, 0
3, 0
3, 0
3, 0
3, 0
3, 0
3, 0
3, 0
3, 0
3, 0
3, 0
3, 0
1, 0xacd80
0, 0x70d70
0, 0xacda0
2, 2
3, 0
3, 0
3, 0
3, 0
3, 0
3, 0
3, 0
3, 0
3, 0
3, 0
3, 0
3, 0
3, 0
3, 0
1, 0xacda0
0, 0x70d90
0, 0xacdc0
2, 2
3, 0
3, 0
3, 0
3, 0
3, 0
3, 0
3, 0
3, 0
3, 0
3, 0
3, 0
3, 0
3, 0
3, 0
1, 0xacdc0
0, 0x70db0
0, 0xacde0
2, 2
3, 0
3, 0
3, 0
3, 0
3, 0
3, 0
3, 0
3, 0
3, 0
3, 0
3, 0
3, 0
3, 0
3, 0
0, 0x70dd0
0, 0xace00
0, 0x70df0
0, 0xace20
0, 0x70e10
0, 0xace40
0, 0x70e30
0, 0xace60
1, 0xacde0
0, 0x70dd0
0, 0xace00
2, 2
3, 0
3, 0
3, 0
3, 0
3, 0
3, 0
3, 0
3, 0
3, 0
3, 0
3, 0
3, 0
3, 0
3, 0
1, 0xace00
0, 0x70df0
0, 0xace20
2, 2
3, 0
3, 0
3, 0
3, 0
3, 0
3, 0
3, 0
3, 0
3, 0
3, 0
3, 0
3, 0
3, 0
3, 0
1, 0xace20
0, 0x70e10
0, 0xace40
2, 2
3, 0
3, 0
3, 0
3, 0
3, 0
3, 0
3, 0
3, 0
3, 0
3, 0
3, 0
3, 0
3, 0
3, 0
1, 0xace40
0, 0x70e30
0, 0xace60
2, 2
3, 0
3, 0
3, 0
3, 0
3, 0
3, 0
3, 0
3, 0
3, 0
3, 0
3, 0
3, 0
3, 0
3, 0
0, 0x70e50
0, 0xace80
0, 0x70e70
0, 0xacea0
0, 0x70e90
0, 0xacec0
0, 0x70eb0
0, 0xacee0
1, 0xace60
0, 0x70e50
0, 0xace80
2, 2
3, 0
3, 0
3, 0
3, 0
3, 0
3, 0
3, 0
3, 0
3, 0
3, 0
3, 0
3, 0
3, 0
3, 0
1, 0xace80
0, 0x70e70
0, 0xacea0
2, 2
3, 0
3, 0
3, 0
3, 0
3, 0
3, 0
3, 0
3, 0
3, 0
3, 0
3, 0
3, 0
3, 0
3, 0
1, 0xacea0
0, 0x70e90
0, 0xacec0
2, 2
3, 0
3, 0
3, 0
3, 0
3, 0
3, 0
3, 0
3, 0
3, 0
3, 0
3, 0
3, 0
3, 0
3, 0
1, 0xacec0
0, 0x70eb0
0, 0xacee0
2, 2
3, 0
3, 0
3, 0
3, 0
3, 0
3, 0
3, 0
3, 0
3, 0
3, 0
3, 0
3, 0
3, 0
3, 0
0, 0x70ed0
0, 0xacf00
0, 0x70ef0
0, 0xacf20
0, 0x70f10
0, 0xacf40
0, 0x70f30
0, 0xacf60
1, 0xacee0
0, 0x70ed0
0, 0xacf00
2, 2
3, 0
3, 0
3, 0
3, 0
3, 0
3, 0
3, 0
3, 0
3, 0
3, 0
3, 0
3, 0
3, 0
3, 0
1, 0xacf00
0, 0x70ef0
0, 0xacf20
2, 2
3, 0
3, 0
3, 0
3, 0
3, 0
3, 0
3, 0
3, 0
3, 0
3, 0
3, 0
3, 0
3, 0
3, 0
1, 0xacf20
0, 0x70f10
0, 0xacf40
2, 2
3, 0
3, 0
3, 0
3, 0
3, 0
3, 0
3, 0
3, 0
3, 0
3, 0
3, 0
3, 0
3, 0
3, 0
1, 0xacf40
0, 0x70f30
0, 0xacf60
2, 2
3, 0
3, 0
3, 0
3, 0
3, 0
3, 0
3, 0
3, 0
3, 0
3, 0
3, 0
3, 0
3, 0
3, 0
0, 0x70f50
0, 0xacf80
0, 0x70f70
0, 0xacfa0
0, 0x70f90
0, 0xacfc0
0, 0x70fb0
0, 0xacfe0
1, 0xacf60
0, 0x70f50
0, 0xacf80
2, 2
3, 0
3, 0
3, 0
3, 0
3, 0
3, 0
3, 0
3, 0
3, 0
3, 0
3, 0
3, 0
3, 0
3, 0
1, 0xacf80
0, 0x70f70
0, 0xacfa0
2, 2
3, 0
3, 0
3, 0
3, 0
3, 0
3, 0
3, 0
3, 0
3, 0
3, 0
3, 0
3, 0
3, 0
3, 0
1, 0xacfa0
0, 0x70f90
0, 0xacfc0
2, 2
3, 0
3, 0
3, 0
3, 0
3, 0
3, 0
3, 0
3, 0
3, 0
3, 0
3, 0
3, 0
3, 0
3, 0
1, 0xacfc0
0, 0x70fb0
0, 0xacfe0
2, 2
3, 0
3, 0
3, 0
3, 0
3, 0
3, 0
3, 0
3, 0
3, 0
3, 0
3, 0
3, 0
3, 0
3, 0
0, 0x70fd0
0, 0xad000
0, 0x70ff0
0, 0xad020
0, 0x71010
0, 0xad040
0, 0x71030
0, 0xad060
1, 0xacfe0
0, 0x70fd0
0, 0xad000
2, 2
3, 0
3, 0
3, 0
3, 0
3, 0
3, 0
3, 0
3, 0
3, 0
3, 0
3, 0
3, 0
3, 0
3, 0
1, 0xad000
0, 0x70ff0
0, 0xad020
2, 2
3, 0
3, 0
3, 0
3, 0
3, 0
3, 0
3, 0
3, 0
3, 0
3, 0
3, 0
3, 0
3, 0
3, 0
1, 0xad020
0, 0x71010
0, 0xad040
2, 2
3, 0
3, 0
3, 0
3, 0
3, 0
3, 0
3, 0
3, 0
3, 0
3, 0
3, 0
3, 0
3, 0
3, 0
1, 0xad040
0, 0x71030
0, 0xad060
2, 2
3, 0
3, 0
3, 0
3, 0
3, 0
3, 0
3, 0
3, 0
3, 0
3, 0
3, 0
3, 0
3, 0
3, 0
0, 0x71050
0, 0xad080
0, 0x71070
0, 0xad0a0
0, 0x71090
0, 0xad0c0
0, 0x710b0
0, 0xad0e0
1, 0xad060
0, 0x71050
0, 0xad080
2, 2
3, 0
3, 0
3, 0
3, 0
3, 0
3, 0
3, 0
3, 0
3, 0
3, 0
3, 0
3, 0
3, 0
3, 0
1, 0xad080
0, 0x71070
0, 0xad0a0
2, 2
3, 0
3, 0
3, 0
3, 0
3, 0
3, 0
3, 0
3, 0
3, 0
3, 0
3, 0
3, 0
3, 0
3, 0
1, 0xad0a0
0, 0x71090
0, 0xad0c0
2, 2
3, 0
3, 0
3, 0
3, 0
3, 0
3, 0
3, 0
3, 0
3, 0
3, 0
3, 0
3, 0
3, 0
3, 0
1, 0xad0c0
0, 0x710b0
0, 0xad0e0
2, 2
3, 0
3, 0
3, 0
3, 0
3, 0
3, 0
3, 0
3, 0
3, 0
3, 0
3, 0
3, 0
3, 0
3, 0
0, 0x710d0
0, 0xad100
0, 0x710f0
0, 0xad120
0, 0x71110
0, 0xad140
0, 0x71130
0, 0xad160
1, 0xad0e0
0, 0x710d0
0, 0xad100
2, 2
3, 0
3, 0
3, 0
3, 0
3, 0
3, 0
3, 0
3, 0
3, 0
3, 0
3, 0
3, 0
3, 0
3, 0
1, 0xad100
0, 0x710f0
0, 0xad120
2, 2
3, 0
3, 0
3, 0
3, 0
3, 0
3, 0
3, 0
3, 0
3, 0
3, 0
3, 0
3, 0
3, 0
3, 0
1, 0xad120
0, 0x71110
0, 0xad140
2, 2
3, 0
3, 0
3, 0
3, 0
3, 0
3, 0
3, 0
3, 0
3, 0
3, 0
3, 0
3, 0
3, 0
3, 0
1, 0xad140
0, 0x71130
0, 0xad160
2, 2
3, 0
3, 0
3, 0
3, 0
3, 0
3, 0
3, 0
3, 0
3, 0
3, 0
3, 0
3, 0
3, 0
3, 0
0, 0x71150
0, 0xad180
0, 0x71170
0, 0xad1a0
0, 0x71190
0, 0xad1c0
0, 0x711b0
0, 0xad1e0
1, 0xad160
0, 0x71150
0, 0xad180
2, 2
3, 0
3, 0
3, 0
3, 0
3, 0
3, 0
3, 0
3, 0
3, 0
3, 0
3, 0
3, 0
3, 0
3, 0
1, 0xad180
0, 0x71170
0, 0xad1a0
2, 2
3, 0
3, 0
3, 0
3, 0
3, 0
3, 0
3, 0
3, 0
3, 0
3, 0
3, 0
3, 0
3, 0
3, 0
1, 0xad1a0
0, 0x71190
0, 0xad1c0
2, 2
3, 0
3, 0
3, 0
3, 0
3, 0
3, 0
3, 0
3, 0
3, 0
3, 0
3, 0
3, 0
3, 0
3, 0
1, 0xad1c0
0, 0x711b0
0, 0xad1e0
2, 2
3, 0
3, 0
3, 0
3, 0
3, 0
3, 0
3, 0
3, 0
3, 0
3, 0
3, 0
3, 0
3, 0
3, 0
0, 0x711d0
0, 0xad200
0, 0x711f0
0, 0xad220
0, 0x71210
0, 0xad240
0, 0x71230
0, 0xad260
1, 0xad1e0
0, 0x711d0
0, 0xad200
2, 2
3, 0
3, 0
3, 0
3, 0
3, 0
3, 0
3, 0
3, 0
3, 0
3, 0
3, 0
3, 0
3, 0
3, 0
1, 0xad200
0, 0x711f0
0, 0xad220
2, 2
3, 0
3, 0
3, 0
3, 0
3, 0
3, 0
3, 0
3, 0
3, 0
3, 0
3, 0
3, 0
3, 0
3, 0
1, 0xad220
0, 0x71210
0, 0xad240
2, 2
3, 0
3, 0
3, 0
3, 0
3, 0
3, 0
3, 0
3, 0
3, 0
3, 0
3, 0
3, 0
3, 0
3, 0
1, 0xad240
0, 0x71230
0, 0xad260
2, 2
3, 0
3, 0
3, 0
3, 0
3, 0
3, 0
3, 0
3, 0
3, 0
3, 0
3, 0
3, 0
3, 0
3, 0
0, 0x71250
0, 0xad280
0, 0x71270
0, 0xad2a0
0, 0x71290
0, 0xad2c0
0, 0x712b0
0, 0xad2e0
1, 0xad260
0, 0x71250
0, 0xad280
2, 2
3, 0
3, 0
3, 0
3, 0
3, 0
3, 0
3, 0
3, 0
3, 0
3, 0
3, 0
3, 0
3, 0
3, 0
1, 0xad280
0, 0x71270
0, 0xad2a0
2, 2
3, 0
3, 0
3, 0
3, 0
3, 0
3, 0
3, 0
3, 0
3, 0
3, 0
3, 0
3, 0
3, 0
3, 0
1, 0xad2a0
0, 0x71290
0, 0xad2c0
2, 2
3, 0
3, 0
3, 0
3, 0
3, 0
3, 0
3, 0
3, 0
3, 0
3, 0
3, 0
3, 0
3, 0
3, 0
1, 0xad2c0
0, 0x712b0
0, 0xad2e0
2, 2
3, 0
3, 0
3, 0
3, 0
3, 0
3, 0
3, 0
3, 0
3, 0
3, 0
3, 0
3, 0
3, 0
3, 0
0, 0x712d0
0, 0xad300
0, 0x712f0
0, 0xad320
0, 0x71310
0, 0xad340
0, 0x71330
0, 0xad360
1, 0xad2e0
0, 0x712d0
0, 0xad300
2, 2
3, 0
3, 0
3, 0
3, 0
3, 0
3, 0
3, 0
3, 0
3, 0
3, 0
3, 0
3, 0
3, 0
3, 0
1, 0xad300
0, 0x712f0
0, 0xad320
2, 2
3, 0
3, 0
3, 0
3, 0
3, 0
3, 0
3, 0
3, 0
3, 0
3, 0
3, 0
3, 0
3, 0
3, 0
1, 0xad320
0, 0x71310
0, 0xad340
2, 2
3, 0
3, 0
3, 0
3, 0
3, 0
3, 0
3, 0
3, 0
3, 0
3, 0
3, 0
3, 0
3, 0
3, 0
1, 0xad340
0, 0x71330
0, 0xad360
2, 2
3, 0
3, 0
3, 0
3, 0
3, 0
3, 0
3, 0
3, 0
3, 0
3, 0
3, 0
3, 0
3, 0
3, 0
0, 0x71350
0, 0xad380
0, 0x71370
0, 0xad3a0
0, 0x71390
0, 0xad3c0
0, 0x713b0
0, 0xad3e0
1, 0xad360
0, 0x71350
0, 0xad380
2, 2
3, 0
3, 0
3, 0
3, 0
3, 0
3, 0
3, 0
3, 0
3, 0
3, 0
3, 0
3, 0
3, 0
3, 0
1, 0xad380
0, 0x71370
0, 0xad3a0
2, 2
3, 0
3, 0
3, 0
3, 0
3, 0
3, 0
3, 0
3, 0
3, 0
3, 0
3, 0
3, 0
3, 0
3, 0
1, 0xad3a0
0, 0x71390
0, 0xad3c0
2, 2
3, 0
3, 0
3, 0
3, 0
3, 0
3, 0
3, 0
3, 0
3, 0
3, 0
3, 0
3, 0
3, 0
3, 0
1, 0xad3c0
0, 0x713b0
0, 0xad3e0
2, 2
3, 0
3, 0
3, 0
3, 0
3, 0
3, 0
3, 0
3, 0
3, 0
3, 0
3, 0
3, 0
3, 0
3, 0
0, 0x713d0
0, 0xad400
0, 0x713f0
0, 0xad420
0, 0x71410
0, 0xad440
0, 0x71430
0, 0xad460
1, 0xad3e0
0, 0x713d0
0, 0xad400
2, 2
3, 0
3, 0
3, 0
3, 0
3, 0
3, 0
3, 0
3, 0
3, 0
3, 0
3, 0
3, 0
3, 0
3, 0
1, 0xad400
0, 0x713f0
0, 0xad420
2, 2
3, 0
3, 0
3, 0
3, 0
3, 0
3, 0
3, 0
3, 0
3, 0
3, 0
3, 0
3, 0
3, 0
3, 0
1, 0xad420
0, 0x71410
0, 0xad440
2, 2
3, 0
3, 0
3, 0
3, 0
3, 0
3, 0
3, 0
3, 0
3, 0
3, 0
3, 0
3, 0
3, 0
3, 0
1, 0xad440
0, 0x71430
0, 0xad460
2, 2
3, 0
3, 0
3, 0
3, 0
3, 0
3, 0
3, 0
3, 0
3, 0
3, 0
3, 0
3, 0
3, 0
3, 0
0, 0x71450
0, 0xad480
0, 0x71470
0, 0xad4a0
0, 0x71490
0, 0xad4c0
0, 0x714b0
0, 0xad4e0
1, 0xad460
0, 0x71450
0, 0xad480
2, 2
3, 0
3, 0
3, 0
3, 0
3, 0
3, 0
3, 0
3, 0
3, 0
3, 0
3, 0
3, 0
3, 0
3, 0
1, 0xad480
0, 0x71470
0, 0xad4a0
2, 2
3, 0
3, 0
3, 0
3, 0
3, 0
3, 0
3, 0
3, 0
3, 0
3, 0
3, 0
3, 0
3, 0
3, 0
1, 0xad4a0
0, 0x71490
0, 0xad4c0
2, 2
3, 0
3, 0
3, 0
3, 0
3, 0
3, 0
3, 0
3, 0
3, 0
3, 0
3, 0
3, 0
3, 0
3, 0
1, 0xad4c0
0, 0x714b0
0, 0xad4e0
2, 2
3, 0
3, 0
3, 0
3, 0
3, 0
3, 0
3, 0
3, 0
3, 0
3, 0
3, 0
3, 0
3, 0
3, 0
0, 0x714d0
0, 0xad500
0, 0x714f0
0, 0xad520
0, 0x71510
0, 0xad540
0, 0x71530
0, 0xad560
1, 0xad4e0
0, 0x714d0
0, 0xad500
2, 2
3, 0
3, 0
3, 0
3, 0
3, 0
3, 0
3, 0
3, 0
3, 0
3, 0
3, 0
3, 0
3, 0
3, 0
1, 0xad500
0, 0x714f0
0, 0xad520
2, 2
3, 0
3, 0
3, 0
3, 0
3, 0
3, 0
3, 0
3, 0
3, 0
3, 0
3, 0
3, 0
3, 0
3, 0
1, 0xad520
0, 0x71510
0, 0xad540
2, 2
3, 0
3, 0
3, 0
3, 0
3, 0
3, 0
3, 0
3, 0
3, 0
3, 0
3, 0
3, 0
3, 0
3, 0
1, 0xad540
0, 0x71530
0, 0xad560
2, 2
3, 0
3, 0
3, 0
3, 0
3, 0
3, 0
3, 0
3, 0
3, 0
3, 0
3, 0
3, 0
3, 0
3, 0
0, 0x71550
0, 0xad580
0, 0x71570
0, 0xad5a0
0, 0x71590
0, 0xad5c0
0, 0x715b0
0, 0xad5e0
1, 0xad560
0, 0x71550
0, 0xad580
2, 2
3, 0
3, 0
3, 0
3, 0
3, 0
3, 0
3, 0
3, 0
3, 0
3, 0
3, 0
3, 0
3, 0
3, 0
1, 0xad580
0, 0x71570
0, 0xad5a0
2, 2
3, 0
3, 0
3, 0
3, 0
3, 0
3, 0
3, 0
3, 0
3, 0
3, 0
3, 0
3, 0
3, 0
3, 0
1, 0xad5a0
0, 0x71590
0, 0xad5c0
2, 2
3, 0
3, 0
3, 0
3, 0
3, 0
3, 0
3, 0
3, 0
3, 0
3, 0
3, 0
3, 0
3, 0
3, 0
1, 0xad5c0
0, 0x715b0
0, 0xad5e0
2, 2
3, 0
3, 0
3, 0
3, 0
3, 0
3, 0
3, 0
3, 0
3, 0
3, 0
3, 0
3, 0
3, 0
3, 0
0, 0x715d0
0, 0xad600
0, 0x715f0
0, 0xad620
0, 0x71610
0, 0xad640
0, 0x71630
0, 0xad660
1, 0xad5e0
0, 0x715d0
0, 0xad600
2, 2
3, 0
3, 0
3, 0
3, 0
3, 0
3, 0
3, 0
3, 0
3, 0
3, 0
3, 0
3, 0
3, 0
3, 0
1, 0xad600
0, 0x715f0
0, 0xad620
2, 2
3, 0
3, 0
3, 0
3, 0
3, 0
3, 0
3, 0
3, 0
3, 0
3, 0
3, 0
3, 0
3, 0
3, 0
1, 0xad620
0, 0x71610
0, 0xad640
2, 2
3, 0
3, 0
3, 0
3, 0
3, 0
3, 0
3, 0
3, 0
3, 0
3, 0
3, 0
3, 0
3, 0
3, 0
1, 0xad640
0, 0x71630
0, 0xad660
2, 2
3, 0
3, 0
3, 0
3, 0
3, 0
3, 0
3, 0
3, 0
3, 0
3, 0
3, 0
3, 0
3, 0
3, 0
0, 0x71650
0, 0xad680
0, 0x71670
0, 0xad6a0
0, 0x71690
0, 0xad6c0
0, 0x716b0
0, 0xad6e0
1, 0xad660
0, 0x71650
0, 0xad680
2, 2
3, 0
3, 0
3, 0
3, 0
3, 0
3, 0
3, 0
3, 0
3, 0
3, 0
3, 0
3, 0
3, 0
3, 0
1, 0xad680
0, 0x71670
0, 0xad6a0
2, 2
3, 0
3, 0
3, 0
3, 0
3, 0
3, 0
3, 0
3, 0
3, 0
3, 0
3, 0
3, 0
3, 0
3, 0
1, 0xad6a0
0, 0x71690
0, 0xad6c0
2, 2
3, 0
3, 0
3, 0
3, 0
3, 0
3, 0
3, 0
3, 0
3, 0
3, 0
3, 0
3, 0
3, 0
3, 0
1, 0xad6c0
0, 0x716b0
0, 0xad6e0
2, 2
3, 0
3, 0
3, 0
3, 0
3, 0
3, 0
3, 0
3, 0
3, 0
3, 0
3, 0
3, 0
3, 0
3, 0
0, 0x716d0
0, 0xad700
0, 0x716f0
0, 0xad720
0, 0x71710
0, 0xad740
0, 0x71730
0, 0xad760
1, 0xad6e0
0, 0x716d0
0, 0xad700
2, 2
3, 0
3, 0
3, 0
3, 0
3, 0
3, 0
3, 0
3, 0
3, 0
3, 0
3, 0
3, 0
3, 0
3, 0
1, 0xad700
0, 0x716f0
0, 0xad720
2, 2
3, 0
3, 0
3, 0
3, 0
3, 0
3, 0
3, 0
3, 0
3, 0
3, 0
3, 0
3, 0
3, 0
3, 0
1, 0xad720
0, 0x71710
0, 0xad740
2, 2
3, 0
3, 0
3, 0
3, 0
3, 0
3, 0
3, 0
3, 0
3, 0
3, 0
3, 0
3, 0
3, 0
3, 0
1, 0xad740
0, 0x71730
0, 0xad760
2, 2
3, 0
3, 0
3, 0
3, 0
3, 0
3, 0
3, 0
3, 0
3, 0
3, 0
3, 0
3, 0
3, 0
3, 0
0, 0x71750
0, 0xad780
0, 0x71770
0, 0xad7a0
0, 0x71790
0, 0xad7c0
0, 0x717b0
0, 0xad7e0
1, 0xad760
0, 0x71750
0, 0xad780
2, 2
3, 0
3, 0
3, 0
3, 0
3, 0
3, 0
3, 0
3, 0
3, 0
3, 0
3, 0
3, 0
3, 0
3, 0
1, 0xad780
0, 0x71770
0, 0xad7a0
2, 2
3, 0
3, 0
3, 0
3, 0
3, 0
3, 0
3, 0
3, 0
3, 0
3, 0
3, 0
3, 0
3, 0
3, 0
1, 0xad7a0
0, 0x71790
0, 0xad7c0
2, 2
3, 0
3, 0
3, 0
3, 0
3, 0
3, 0
3, 0
3, 0
3, 0
3, 0
3, 0
3, 0
3, 0
3, 0
1, 0xad7c0
0, 0x717b0
0, 0xad7e0
2, 2
3, 0
3, 0
3, 0
3, 0
3, 0
3, 0
3, 0
3, 0
3, 0
3, 0
3, 0
3, 0
3, 0
3, 0
0, 0x717d0
0, 0xad800
0, 0x717f0
0, 0xad820
0, 0x71810
0, 0xad840
0, 0x71830
0, 0xad860
1, 0xad7e0
0, 0x717d0
0, 0xad800
2, 2
3, 0
3, 0
3, 0
3, 0
3, 0
3, 0
3, 0
3, 0
3, 0
3, 0
3, 0
3, 0
3, 0
3, 0
1, 0xad800
0, 0x717f0
0, 0xad820
2, 2
3, 0
3, 0
3, 0
3, 0
3, 0
3, 0
3, 0
3, 0
3, 0
3, 0
3, 0
3, 0
3, 0
3, 0
1, 0xad820
0, 0x71810
0, 0xad840
2, 2
3, 0
3, 0
3, 0
3, 0
3, 0
3, 0
3, 0
3, 0
3, 0
3, 0
3, 0
3, 0
3, 0
3, 0
1, 0xad840
0, 0x71830
0, 0xad860
2, 2
3, 0
3, 0
3, 0
3, 0
3, 0
3, 0
3, 0
3, 0
3, 0
3, 0
3, 0
3, 0
3, 0
3, 0
0, 0x71850
0, 0xad880
0, 0x71870
0, 0xad8a0
0, 0x71890
0, 0xad8c0
0, 0x718b0
0, 0xad8e0
1, 0xad860
0, 0x71850
0, 0xad880
2, 2
3, 0
3, 0
3, 0
3, 0
3, 0
3, 0
3, 0
3, 0
3, 0
3, 0
3, 0
3, 0
3, 0
3, 0
1, 0xad880
0, 0x71870
0, 0xad8a0
2, 2
3, 0
3, 0
3, 0
3, 0
3, 0
3, 0
3, 0
3, 0
3, 0
3, 0
3, 0
3, 0
3, 0
3, 0
1, 0xad8a0
0, 0x71890
0, 0xad8c0
2, 2
3, 0
3, 0
3, 0
3, 0
3, 0
3, 0
3, 0
3, 0
3, 0
3, 0
3, 0
3, 0
3, 0
3, 0
1, 0xad8c0
0, 0x718b0
0, 0xad8e0
2, 2
3, 0
3, 0
3, 0
3, 0
3, 0
3, 0
3, 0
3, 0
3, 0
3, 0
3, 0
3, 0
3, 0
3, 0
0, 0x718d0
0, 0xad900
0, 0x718f0
0, 0xad920
0, 0x71910
0, 0xad940
0, 0x71930
0, 0xad960
1, 0xad8e0
0, 0x718d0
0, 0xad900
2, 2
3, 0
3, 0
3, 0
3, 0
3, 0
3, 0
3, 0
3, 0
3, 0
3, 0
3, 0
3, 0
3, 0
3, 0
1, 0xad900
0, 0x718f0
0, 0xad920
2, 2
3, 0
3, 0
3, 0
3, 0
3, 0
3, 0
3, 0
3, 0
3, 0
3, 0
3, 0
3, 0
3, 0
3, 0
1, 0xad920
0, 0x71910
0, 0xad940
2, 2
3, 0
3, 0
3, 0
3, 0
3, 0
3, 0
3, 0
3, 0
3, 0
3, 0
3, 0
3, 0
3, 0
3, 0
1, 0xad940
0, 0x71930
0, 0xad960
2, 2
3, 0
3, 0
3, 0
3, 0
3, 0
3, 0
3, 0
3, 0
3, 0
3, 0
3, 0
3, 0
3, 0
3, 0
0, 0x71950
0, 0xad980
0, 0x71970
0, 0xad9a0
0, 0x71990
0, 0xad9c0
0, 0x719b0
0, 0xad9e0
1, 0xad960
0, 0x71950
0, 0xad980
2, 2
3, 0
3, 0
3, 0
3, 0
3, 0
3, 0
3, 0
3, 0
3, 0
3, 0
3, 0
3, 0
3, 0
3, 0
1, 0xad980
0, 0x71970
0, 0xad9a0
2, 2
3, 0
3, 0
3, 0
3, 0
3, 0
3, 0
3, 0
3, 0
3, 0
3, 0
3, 0
3, 0
3, 0
3, 0
1, 0xad9a0
0, 0x71990
0, 0xad9c0
2, 2
3, 0
3, 0
3, 0
3, 0
3, 0
3, 0
3, 0
3, 0
3, 0
3, 0
3, 0
3, 0
3, 0
3, 0
1, 0xad9c0
0, 0x719b0
0, 0xad9e0
2, 2
3, 0
3, 0
3, 0
3, 0
3, 0
3, 0
3, 0
3, 0
3, 0
3, 0
3, 0
3, 0
3, 0
3, 0
0, 0x719d0
0, 0xada00
0, 0x719f0
0, 0xada20
0, 0x71a10
0, 0xada40
0, 0x71a30
0, 0xada60
1, 0xad9e0
0, 0x719d0
0, 0xada00
2, 2
3, 0
3, 0
3, 0
3, 0
3, 0
3, 0
3, 0
3, 0
3, 0
3, 0
3, 0
3, 0
3, 0
3, 0
1, 0xada00
0, 0x719f0
0, 0xada20
2, 2
3, 0
3, 0
3, 0
3, 0
3, 0
3, 0
3, 0
3, 0
3, 0
3, 0
3, 0
3, 0
3, 0
3, 0
1, 0xada20
0, 0x71a10
0, 0xada40
2, 2
3, 0
3, 0
3, 0
3, 0
3, 0
3, 0
3, 0
3, 0
3, 0
3, 0
3, 0
3, 0
3, 0
3, 0
1, 0xada40
0, 0x71a30
0, 0xada60
2, 2
3, 0
3, 0
3, 0
3, 0
3, 0
3, 0
3, 0
3, 0
3, 0
3, 0
3, 0
3, 0
3, 0
3, 0
0, 0x71a50
0, 0xada80
0, 0x71a70
0, 0xadaa0
0, 0x71a90
0, 0xadac0
0, 0x71ab0
0, 0xadae0
1, 0xada60
0, 0x71a50
0, 0xada80
2, 2
3, 0
3, 0
3, 0
3, 0
3, 0
3, 0
3, 0
3, 0
3, 0
3, 0
3, 0
3, 0
3, 0
3, 0
1, 0xada80
0, 0x71a70
0, 0xadaa0
2, 2
3, 0
3, 0
3, 0
3, 0
3, 0
3, 0
3, 0
3, 0
3, 0
3, 0
3, 0
3, 0
3, 0
3, 0
1, 0xadaa0
0, 0x71a90
0, 0xadac0
2, 2
3, 0
3, 0
3, 0
3, 0
3, 0
3, 0
3, 0
3, 0
3, 0
3, 0
3, 0
3, 0
3, 0
3, 0
1, 0xadac0
0, 0x71ab0
0, 0xadae0
2, 2
3, 0
3, 0
3, 0
3, 0
3, 0
3, 0
3, 0
3, 0
3, 0
3, 0
3, 0
3, 0
3, 0
3, 0
0, 0x71ad0
0, 0xadb00
0, 0x71af0
0, 0xadb20
0, 0x71b10
0, 0xadb40
0, 0x71b30
0, 0xadb60
1, 0xadae0
0, 0x71ad0
0, 0xadb00
2, 2
3, 0
3, 0
3, 0
3, 0
3, 0
3, 0
3, 0
3, 0
3, 0
3, 0
3, 0
3, 0
3, 0
3, 0
1, 0xadb00
0, 0x71af0
0, 0xadb20
2, 2
3, 0
3, 0
3, 0
3, 0
3, 0
3, 0
3, 0
3, 0
3, 0
3, 0
3, 0
3, 0
3, 0
3, 0
1, 0xadb20
0, 0x71b10
0, 0xadb40
2, 2
3, 0
3, 0
3, 0
3, 0
3, 0
3, 0
3, 0
3, 0
3, 0
3, 0
3, 0
3, 0
3, 0
3, 0
1, 0xadb40
0, 0x71b30
0, 0xadb60
2, 2
3, 0
3, 0
3, 0
3, 0
3, 0
3, 0
3, 0
3, 0
3, 0
3, 0
3, 0
3, 0
3, 0
3, 0
0, 0x71b50
0, 0xadb80
0, 0x71b70
0, 0xadba0
0, 0x71b90
0, 0xadbc0
0, 0x71bb0
0, 0xadbe0
1, 0xadb60
0, 0x71b50
0, 0xadb80
2, 2
3, 0
3, 0
3, 0
3, 0
3, 0
3, 0
3, 0
3, 0
3, 0
3, 0
3, 0
3, 0
3, 0
3, 0
1, 0xadb80
0, 0x71b70
0, 0xadba0
2, 2
3, 0
3, 0
3, 0
3, 0
3, 0
3, 0
3, 0
3, 0
3, 0
3, 0
3, 0
3, 0
3, 0
3, 0
1, 0xadba0
0, 0x71b90
0, 0xadbc0
2, 2
3, 0
3, 0
3, 0
3, 0
3, 0
3, 0
3, 0
3, 0
3, 0
3, 0
3, 0
3, 0
3, 0
3, 0
1, 0xadbc0
0, 0x71bb0
0, 0xadbe0
2, 2
3, 0
3, 0
3, 0
3, 0
3, 0
3, 0
3, 0
3, 0
3, 0
3, 0
3, 0
3, 0
3, 0
3, 0
0, 0x71bd0
0, 0xadc00
0, 0x71bf0
0, 0xadc20
0, 0x71c10
0, 0xadc40
0, 0x71c30
0, 0xadc60
1, 0xadbe0
0, 0x71bd0
0, 0xadc00
2, 2
3, 0
3, 0
3, 0
3, 0
3, 0
3, 0
3, 0
3, 0
3, 0
3, 0
3, 0
3, 0
3, 0
3, 0
1, 0xadc00
0, 0x71bf0
0, 0xadc20
2, 2
3, 0
3, 0
3, 0
3, 0
3, 0
3, 0
3, 0
3, 0
3, 0
3, 0
3, 0
3, 0
3, 0
3, 0
1, 0xadc20
0, 0x71c10
0, 0xadc40
2, 2
3, 0
3, 0
3, 0
3, 0
3, 0
3, 0
3, 0
3, 0
3, 0
3, 0
3, 0
3, 0
3, 0
3, 0
1, 0xadc40
0, 0x71c30
0, 0xadc60
2, 2
3, 0
3, 0
3, 0
3, 0
3, 0
3, 0
3, 0
3, 0
3, 0
3, 0
3, 0
3, 0
3, 0
3, 0
0, 0x71c50
0, 0xadc80
0, 0x71c70
0, 0xadca0
0, 0x71c90
0, 0xadcc0
0, 0x71cb0
0, 0xadce0
1, 0xadc60
0, 0x71c50
0, 0xadc80
2, 2
3, 0
3, 0
3, 0
3, 0
3, 0
3, 0
3, 0
3, 0
3, 0
3, 0
3, 0
3, 0
3, 0
3, 0
1, 0xadc80
0, 0x71c70
0, 0xadca0
2, 2
3, 0
3, 0
3, 0
3, 0
3, 0
3, 0
3, 0
3, 0
3, 0
3, 0
3, 0
3, 0
3, 0
3, 0
1, 0xadca0
0, 0x71c90
0, 0xadcc0
2, 2
3, 0
3, 0
3, 0
3, 0
3, 0
3, 0
3, 0
3, 0
3, 0
3, 0
3, 0
3, 0
3, 0
3, 0
1, 0xadcc0
0, 0x71cb0
0, 0xadce0
2, 2
3, 0
3, 0
3, 0
3, 0
3, 0
3, 0
3, 0
3, 0
3, 0
3, 0
3, 0
3, 0
3, 0
3, 0
0, 0x71cd0
0, 0xadd00
0, 0x71cf0
0, 0xadd20
0, 0x71d10
0, 0xadd40
0, 0x71d30
0, 0xadd60
1, 0xadce0
0, 0x71cd0
0, 0xadd00
2, 2
3, 0
3, 0
3, 0
3, 0
3, 0
3, 0
3, 0
3, 0
3, 0
3, 0
3, 0
3, 0
3, 0
3, 0
1, 0xadd00
0, 0x71cf0
0, 0xadd20
2, 2
3, 0
3, 0
3, 0
3, 0
3, 0
3, 0
3, 0
3, 0
3, 0
3, 0
3, 0
3, 0
3, 0
3, 0
1, 0xadd20
0, 0x71d10
0, 0xadd40
2, 2
3, 0
3, 0
3, 0
3, 0
3, 0
3, 0
3, 0
3, 0
3, 0
3, 0
3, 0
3, 0
3, 0
3, 0
1, 0xadd40
0, 0x71d30
0, 0xadd60
2, 2
3, 0
3, 0
3, 0
3, 0
3, 0
3, 0
3, 0
3, 0
3, 0
3, 0
3, 0
3, 0
3, 0
3, 0
0, 0x71d50
0, 0xadd80
0, 0x71d70
0, 0xadda0
0, 0x71d90
0, 0xaddc0
0, 0x71db0
0, 0xadde0
1, 0xadd60
0, 0x71d50
0, 0xadd80
2, 2
3, 0
3, 0
3, 0
3, 0
3, 0
3, 0
3, 0
3, 0
3, 0
3, 0
3, 0
3, 0
3, 0
3, 0
1, 0xadd80
0, 0x71d70
0, 0xadda0
2, 2
3, 0
3, 0
3, 0
3, 0
3, 0
3, 0
3, 0
3, 0
3, 0
3, 0
3, 0
3, 0
3, 0
3, 0
1, 0xadda0
0, 0x71d90
0, 0xaddc0
2, 2
3, 0
3, 0
3, 0
3, 0
3, 0
3, 0
3, 0
3, 0
3, 0
3, 0
3, 0
3, 0
3, 0
3, 0
1, 0xaddc0
0, 0x71db0
0, 0xadde0
2, 2
3, 0
3, 0
3, 0
3, 0
3, 0
3, 0
3, 0
3, 0
3, 0
3, 0
3, 0
3, 0
3, 0
3, 0
0, 0x71dd0
0, 0xade00
0, 0x71df0
0, 0xade20
0, 0x71e10
0, 0xade40
0, 0x71e30
0, 0xade60
1, 0xadde0
0, 0x71dd0
0, 0xade00
2, 2
3, 0
3, 0
3, 0
3, 0
3, 0
3, 0
3, 0
3, 0
3, 0
3, 0
3, 0
3, 0
3, 0
3, 0
1, 0xade00
0, 0x71df0
0, 0xade20
2, 2
3, 0
3, 0
3, 0
3, 0
3, 0
3, 0
3, 0
3, 0
3, 0
3, 0
3, 0
3, 0
3, 0
3, 0
1, 0xade20
0, 0x71e10
0, 0xade40
2, 2
3, 0
3, 0
3, 0
3, 0
3, 0
3, 0
3, 0
3, 0
3, 0
3, 0
3, 0
3, 0
3, 0
3, 0
1, 0xade40
0, 0x71e30
0, 0xade60
2, 2
3, 0
3, 0
3, 0
3, 0
3, 0
3, 0
3, 0
3, 0
3, 0
3, 0
3, 0
3, 0
3, 0
3, 0
0, 0x71e50
0, 0xade80
0, 0x71e70
0, 0xadea0
0, 0x71e90
0, 0xadec0
0, 0x71eb0
0, 0xadee0
1, 0xade60
0, 0x71e50
0, 0xade80
2, 2
3, 0
3, 0
3, 0
3, 0
3, 0
3, 0
3, 0
3, 0
3, 0
3, 0
3, 0
3, 0
3, 0
3, 0
1, 0xade80
0, 0x71e70
0, 0xadea0
2, 2
3, 0
3, 0
3, 0
3, 0
3, 0
3, 0
3, 0
3, 0
3, 0
3, 0
3, 0
3, 0
3, 0
3, 0
1, 0xadea0
0, 0x71e90
0, 0xadec0
2, 2
3, 0
3, 0
3, 0
3, 0
3, 0
3, 0
3, 0
3, 0
3, 0
3, 0
3, 0
3, 0
3, 0
3, 0
1, 0xadec0
0, 0x71eb0
0, 0xadee0
2, 2
3, 0
3, 0
3, 0
3, 0
3, 0
3, 0
3, 0
3, 0
3, 0
3, 0
3, 0
3, 0
3, 0
3, 0
0, 0x71ed0
0, 0xadf00
0, 0x71ef0
0, 0xadf20
0, 0x71f10
0, 0xadf40
0, 0x71f30
0, 0xadf60
1, 0xadee0
0, 0x71ed0
0, 0xadf00
2, 2
3, 0
3, 0
3, 0
3, 0
3, 0
3, 0
3, 0
3, 0
3, 0
3, 0
3, 0
3, 0
3, 0
3, 0
1, 0xadf00
0, 0x71ef0
0, 0xadf20
2, 2
3, 0
3, 0
3, 0
3, 0
3, 0
3, 0
3, 0
3, 0
3, 0
3, 0
3, 0
3, 0
3, 0
3, 0
1, 0xadf20
0, 0x71f10
0, 0xadf40
2, 2
3, 0
3, 0
3, 0
3, 0
3, 0
3, 0
3, 0
3, 0
3, 0
3, 0
3, 0
3, 0
3, 0
3, 0
1, 0xadf40
0, 0x71f30
0, 0xadf60
2, 2
3, 0
3, 0
3, 0
3, 0
3, 0
3, 0
3, 0
3, 0
3, 0
3, 0
3, 0
3, 0
3, 0
3, 0
0, 0x71f50
0, 0xadf80
0, 0x71f70
0, 0xadfa0
0, 0x71f90
0, 0xadfc0
0, 0x71fb0
0, 0xadfe0
1, 0xadf60
0, 0x71f50
0, 0xadf80
2, 2
3, 0
3, 0
3, 0
3, 0
3, 0
3, 0
3, 0
3, 0
3, 0
3, 0
3, 0
3, 0
3, 0
3, 0
1, 0xadf80
0, 0x71f70
0, 0xadfa0
2, 2
3, 0
3, 0
3, 0
3, 0
3, 0
3, 0
3, 0
3, 0
3, 0
3, 0
3, 0
3, 0
3, 0
3, 0
1, 0xadfa0
0, 0x71f90
0, 0xadfc0
2, 2
3, 0
3, 0
3, 0
3, 0
3, 0
3, 0
3, 0
3, 0
3, 0
3, 0
3, 0
3, 0
3, 0
3, 0
1, 0xadfc0
0, 0x71fb0
0, 0xadfe0
2, 2
3, 0
3, 0
3, 0
3, 0
3, 0
3, 0
3, 0
3, 0
3, 0
3, 0
3, 0
3, 0
3, 0
3, 0
0, 0x71fd0
0, 0xae000
0, 0x71ff0
0, 0xae020
0, 0x72010
0, 0xae040
0, 0x72030
0, 0xae060
1, 0xadfe0
0, 0x71fd0
0, 0xae000
2, 2
3, 0
3, 0
3, 0
3, 0
3, 0
3, 0
3, 0
3, 0
3, 0
3, 0
3, 0
3, 0
3, 0
3, 0
1, 0xae000
0, 0x71ff0
0, 0xae020
2, 2
3, 0
3, 0
3, 0
3, 0
3, 0
3, 0
3, 0
3, 0
3, 0
3, 0
3, 0
3, 0
3, 0
3, 0
1, 0xae020
0, 0x72010
0, 0xae040
2, 2
3, 0
3, 0
3, 0
3, 0
3, 0
3, 0
3, 0
3, 0
3, 0
3, 0
3, 0
3, 0
3, 0
3, 0
1, 0xae040
0, 0x72030
0, 0xae060
2, 2
3, 0
3, 0
3, 0
3, 0
3, 0
3, 0
3, 0
3, 0
3, 0
3, 0
3, 0
3, 0
3, 0
3, 0
0, 0x72050
0, 0xae080
0, 0x72070
0, 0xae0a0
0, 0x72090
0, 0xae0c0
0, 0x720b0
0, 0xae0e0
1, 0xae060
0, 0x72050
0, 0xae080
2, 2
3, 0
3, 0
3, 0
3, 0
3, 0
3, 0
3, 0
3, 0
3, 0
3, 0
3, 0
3, 0
3, 0
3, 0
1, 0xae080
0, 0x72070
0, 0xae0a0
2, 2
3, 0
3, 0
3, 0
3, 0
3, 0
3, 0
3, 0
3, 0
3, 0
3, 0
3, 0
3, 0
3, 0
3, 0
1, 0xae0a0
0, 0x72090
0, 0xae0c0
2, 2
3, 0
3, 0
3, 0
3, 0
3, 0
3, 0
3, 0
3, 0
3, 0
3, 0
3, 0
3, 0
3, 0
3, 0
1, 0xae0c0
0, 0x720b0
0, 0xae0e0
2, 2
3, 0
3, 0
3, 0
3, 0
3, 0
3, 0
3, 0
3, 0
3, 0
3, 0
3, 0
3, 0
3, 0
3, 0
0, 0x720d0
0, 0xae100
0, 0x720f0
0, 0xae120
0, 0x72110
0, 0xae140
0, 0x72130
0, 0xae160
1, 0xae0e0
0, 0x720d0
0, 0xae100
2, 2
3, 0
3, 0
3, 0
3, 0
3, 0
3, 0
3, 0
3, 0
3, 0
3, 0
3, 0
3, 0
3, 0
3, 0
1, 0xae100
0, 0x720f0
0, 0xae120
2, 2
3, 0
3, 0
3, 0
3, 0
3, 0
3, 0
3, 0
3, 0
3, 0
3, 0
3, 0
3, 0
3, 0
3, 0
1, 0xae120
0, 0x72110
0, 0xae140
2, 2
3, 0
3, 0
3, 0
3, 0
3, 0
3, 0
3, 0
3, 0
3, 0
3, 0
3, 0
3, 0
3, 0
3, 0
1, 0xae140
0, 0x72130
0, 0xae160
2, 2
3, 0
3, 0
3, 0
3, 0
3, 0
3, 0
3, 0
3, 0
3, 0
3, 0
3, 0
3, 0
3, 0
3, 0
0, 0x72150
0, 0xae180
0, 0x72170
0, 0xae1a0
0, 0x72190
0, 0xae1c0
0, 0x721b0
0, 0xae1e0
1, 0xae160
0, 0x72150
0, 0xae180
2, 2
3, 0
3, 0
3, 0
3, 0
3, 0
3, 0
3, 0
3, 0
3, 0
3, 0
3, 0
3, 0
3, 0
3, 0
1, 0xae180
0, 0x72170
0, 0xae1a0
2, 2
3, 0
3, 0
3, 0
3, 0
3, 0
3, 0
3, 0
3, 0
3, 0
3, 0
3, 0
3, 0
3, 0
3, 0
1, 0xae1a0
0, 0x72190
0, 0xae1c0
2, 2
3, 0
3, 0
3, 0
3, 0
3, 0
3, 0
3, 0
3, 0
3, 0
3, 0
3, 0
3, 0
3, 0
3, 0
1, 0xae1c0
0, 0x721b0
0, 0xae1e0
2, 2
3, 0
3, 0
3, 0
3, 0
3, 0
3, 0
3, 0
3, 0
3, 0
3, 0
3, 0
3, 0
3, 0
3, 0
0, 0x721d0
0, 0xae200
0, 0x721f0
0, 0xae220
0, 0x72210
0, 0xae240
0, 0x72230
0, 0xae260
1, 0xae1e0
0, 0x721d0
0, 0xae200
2, 2
3, 0
3, 0
3, 0
3, 0
3, 0
3, 0
3, 0
3, 0
3, 0
3, 0
3, 0
3, 0
3, 0
3, 0
1, 0xae200
0, 0x721f0
0, 0xae220
2, 2
3, 0
3, 0
3, 0
3, 0
3, 0
3, 0
3, 0
3, 0
3, 0
3, 0
3, 0
3, 0
3, 0
3, 0
1, 0xae220
0, 0x72210
0, 0xae240
2, 2
3, 0
3, 0
3, 0
3, 0
3, 0
3, 0
3, 0
3, 0
3, 0
3, 0
3, 0
3, 0
3, 0
3, 0
1, 0xae240
0, 0x72230
0, 0xae260
2, 2
3, 0
3, 0
3, 0
3, 0
3, 0
3, 0
3, 0
3, 0
3, 0
3, 0
3, 0
3, 0
3, 0
3, 0
0, 0x72250
0, 0xae280
0, 0x72270
0, 0xae2a0
0, 0x72290
0, 0xae2c0
0, 0x722b0
0, 0xae2e0
1, 0xae260
0, 0x72250
0, 0xae280
2, 2
3, 0
3, 0
3, 0
3, 0
3, 0
3, 0
3, 0
3, 0
3, 0
3, 0
3, 0
3, 0
3, 0
3, 0
1, 0xae280
0, 0x72270
0, 0xae2a0
2, 2
3, 0
3, 0
3, 0
3, 0
3, 0
3, 0
3, 0
3, 0
3, 0
3, 0
3, 0
3, 0
3, 0
3, 0
1, 0xae2a0
0, 0x72290
0, 0xae2c0
2, 2
3, 0
3, 0
3, 0
3, 0
3, 0
3, 0
3, 0
3, 0
3, 0
3, 0
3, 0
3, 0
3, 0
3, 0
1, 0xae2c0
0, 0x722b0
0, 0xae2e0
2, 2
3, 0
3, 0
3, 0
3, 0
3, 0
3, 0
3, 0
3, 0
3, 0
3, 0
3, 0
3, 0
3, 0
3, 0
0, 0x722d0
0, 0xae300
0, 0x722f0
0, 0xae320
0, 0x72310
0, 0xae340
0, 0x72330
0, 0xae360
1, 0xae2e0
0, 0x722d0
0, 0xae300
2, 2
3, 0
3, 0
3, 0
3, 0
3, 0
3, 0
3, 0
3, 0
3, 0
3, 0
3, 0
3, 0
3, 0
3, 0
1, 0xae300
0, 0x722f0
0, 0xae320
2, 2
3, 0
3, 0
3, 0
3, 0
3, 0
3, 0
3, 0
3, 0
3, 0
3, 0
3, 0
3, 0
3, 0
3, 0
1, 0xae320
0, 0x72310
0, 0xae340
2, 2
3, 0
3, 0
3, 0
3, 0
3, 0
3, 0
3, 0
3, 0
3, 0
3, 0
3, 0
3, 0
3, 0
3, 0
1, 0xae340
0, 0x72330
0, 0xae360
2, 2
3, 0
3, 0
3, 0
3, 0
3, 0
3, 0
3, 0
3, 0
3, 0
3, 0
3, 0
3, 0
3, 0
3, 0
0, 0x72350
0, 0xae380
0, 0x72370
0, 0xae3a0
0, 0x72390
0, 0xae3c0
0, 0x723b0
0, 0xae3e0
1, 0xae360
0, 0x72350
0, 0xae380
2, 2
3, 0
3, 0
3, 0
3, 0
3, 0
3, 0
3, 0
3, 0
3, 0
3, 0
3, 0
3, 0
3, 0
3, 0
1, 0xae380
0, 0x72370
0, 0xae3a0
2, 2
3, 0
3, 0
3, 0
3, 0
3, 0
3, 0
3, 0
3, 0
3, 0
3, 0
3, 0
3, 0
3, 0
3, 0
1, 0xae3a0
0, 0x72390
0, 0xae3c0
2, 2
3, 0
3, 0
3, 0
3, 0
3, 0
3, 0
3, 0
3, 0
3, 0
3, 0
3, 0
3, 0
3, 0
3, 0
1, 0xae3c0
0, 0x723b0
0, 0xae3e0
2, 2
3, 0
3, 0
3, 0
3, 0
3, 0
3, 0
3, 0
3, 0
3, 0
3, 0
3, 0
3, 0
3, 0
3, 0
0, 0x723d0
0, 0xae400
0, 0x723f0
0, 0xae420
0, 0x72410
0, 0xae440
0, 0x72430
0, 0xae460
1, 0xae3e0
0, 0x723d0
0, 0xae400
2, 2
3, 0
3, 0
3, 0
3, 0
3, 0
3, 0
3, 0
3, 0
3, 0
3, 0
3, 0
3, 0
3, 0
3, 0
1, 0xae400
0, 0x723f0
0, 0xae420
2, 2
3, 0
3, 0
3, 0
3, 0
3, 0
3, 0
3, 0
3, 0
3, 0
3, 0
3, 0
3, 0
3, 0
3, 0
1, 0xae420
0, 0x72410
0, 0xae440
2, 2
3, 0
3, 0
3, 0
3, 0
3, 0
3, 0
3, 0
3, 0
3, 0
3, 0
3, 0
3, 0
3, 0
3, 0
1, 0xae440
0, 0x72430
0, 0xae460
2, 2
3, 0
3, 0
3, 0
3, 0
3, 0
3, 0
3, 0
3, 0
3, 0
3, 0
3, 0
3, 0
3, 0
3, 0
0, 0x72450
0, 0xae480
0, 0x72470
0, 0xae4a0
0, 0x72490
0, 0xae4c0
0, 0x724b0
0, 0xae4e0
1, 0xae460
0, 0x72450
0, 0xae480
2, 2
3, 0
3, 0
3, 0
3, 0
3, 0
3, 0
3, 0
3, 0
3, 0
3, 0
3, 0
3, 0
3, 0
3, 0
1, 0xae480
0, 0x72470
0, 0xae4a0
2, 2
3, 0
3, 0
3, 0
3, 0
3, 0
3, 0
3, 0
3, 0
3, 0
3, 0
3, 0
3, 0
3, 0
3, 0
1, 0xae4a0
0, 0x72490
0, 0xae4c0
2, 2
3, 0
3, 0
3, 0
3, 0
3, 0
3, 0
3, 0
3, 0
3, 0
3, 0
3, 0
3, 0
3, 0
3, 0
1, 0xae4c0
0, 0x724b0
0, 0xae4e0
2, 2
3, 0
3, 0
3, 0
3, 0
3, 0
3, 0
3, 0
3, 0
3, 0
3, 0
3, 0
3, 0
3, 0
3, 0
0, 0x724d0
0, 0xae500
0, 0x724f0
0, 0xae520
0, 0x72510
0, 0xae540
0, 0x72530
0, 0xae560
1, 0xae4e0
0, 0x724d0
0, 0xae500
2, 2
3, 0
3, 0
3, 0
3, 0
3, 0
3, 0
3, 0
3, 0
3, 0
3, 0
3, 0
3, 0
3, 0
3, 0
1, 0xae500
0, 0x724f0
0, 0xae520
2, 2
3, 0
3, 0
3, 0
3, 0
3, 0
3, 0
3, 0
3, 0
3, 0
3, 0
3, 0
3, 0
3, 0
3, 0
1, 0xae520
0, 0x72510
0, 0xae540
2, 2
3, 0
3, 0
3, 0
3, 0
3, 0
3, 0
3, 0
3, 0
3, 0
3, 0
3, 0
3, 0
3, 0
3, 0
1, 0xae540
0, 0x72530
0, 0xae560
2, 2
3, 0
3, 0
3, 0
3, 0
3, 0
3, 0
3, 0
3, 0
3, 0
3, 0
3, 0
3, 0
3, 0
3, 0
0, 0x72550
0, 0xae580
0, 0x72570
0, 0xae5a0
0, 0x72590
0, 0xae5c0
0, 0x725b0
0, 0xae5e0
1, 0xae560
0, 0x72550
0, 0xae580
2, 2
3, 0
3, 0
3, 0
3, 0
3, 0
3, 0
3, 0
3, 0
3, 0
3, 0
3, 0
3, 0
3, 0
3, 0
1, 0xae580
0, 0x72570
0, 0xae5a0
2, 2
3, 0
3, 0
3, 0
3, 0
3, 0
3, 0
3, 0
3, 0
3, 0
3, 0
3, 0
3, 0
3, 0
3, 0
1, 0xae5a0
0, 0x72590
0, 0xae5c0
2, 2
3, 0
3, 0
3, 0
3, 0
3, 0
3, 0
3, 0
3, 0
3, 0
3, 0
3, 0
3, 0
3, 0
3, 0
1, 0xae5c0
0, 0x725b0
0, 0xae5e0
2, 2
3, 0
3, 0
3, 0
3, 0
3, 0
3, 0
3, 0
3, 0
3, 0
3, 0
3, 0
3, 0
3, 0
3, 0
0, 0x725d0
0, 0xae600
0, 0x725f0
0, 0xae620
0, 0x72610
0, 0xae640
0, 0x72630
0, 0xae660
1, 0xae5e0
0, 0x725d0
0, 0xae600
2, 2
3, 0
3, 0
3, 0
3, 0
3, 0
3, 0
3, 0
3, 0
3, 0
3, 0
3, 0
3, 0
3, 0
3, 0
1, 0xae600
0, 0x725f0
0, 0xae620
2, 2
3, 0
3, 0
3, 0
3, 0
3, 0
3, 0
3, 0
3, 0
3, 0
3, 0
3, 0
3, 0
3, 0
3, 0
1, 0xae620
0, 0x72610
0, 0xae640
2, 2
3, 0
3, 0
3, 0
3, 0
3, 0
3, 0
3, 0
3, 0
3, 0
3, 0
3, 0
3, 0
3, 0
3, 0
1, 0xae640
0, 0x72630
0, 0xae660
2, 2
3, 0
3, 0
3, 0
3, 0
3, 0
3, 0
3, 0
3, 0
3, 0
3, 0
3, 0
3, 0
3, 0
3, 0
0, 0x72650
0, 0xae680
0, 0x72670
0, 0xae6a0
0, 0x72690
0, 0xae6c0
0, 0x726b0
0, 0xae6e0
1, 0xae660
0, 0x72650
0, 0xae680
2, 2
3, 0
3, 0
3, 0
3, 0
3, 0
3, 0
3, 0
3, 0
3, 0
3, 0
3, 0
3, 0
3, 0
3, 0
1, 0xae680
0, 0x72670
0, 0xae6a0
2, 2
3, 0
3, 0
3, 0
3, 0
3, 0
3, 0
3, 0
3, 0
3, 0
3, 0
3, 0
3, 0
3, 0
3, 0
1, 0xae6a0
0, 0x72690
0, 0xae6c0
2, 2
3, 0
3, 0
3, 0
3, 0
3, 0
3, 0
3, 0
3, 0
3, 0
3, 0
3, 0
3, 0
3, 0
3, 0
1, 0xae6c0
0, 0x726b0
0, 0xae6e0
2, 2
3, 0
3, 0
3, 0
3, 0
3, 0
3, 0
3, 0
3, 0
3, 0
3, 0
3, 0
3, 0
3, 0
3, 0
0, 0x726d0
0, 0xae700
0, 0x726f0
0, 0xae720
0, 0x72710
0, 0xae740
0, 0x72730
0, 0xae760
1, 0xae6e0
0, 0x726d0
0, 0xae700
2, 2
3, 0
3, 0
3, 0
3, 0
3, 0
3, 0
3, 0
3, 0
3, 0
3, 0
3, 0
3, 0
3, 0
3, 0
1, 0xae700
0, 0x726f0
0, 0xae720
2, 2
3, 0
3, 0
3, 0
3, 0
3, 0
3, 0
3, 0
3, 0
3, 0
3, 0
3, 0
3, 0
3, 0
3, 0
1, 0xae720
0, 0x72710
0, 0xae740
2, 2
3, 0
3, 0
3, 0
3, 0
3, 0
3, 0
3, 0
3, 0
3, 0
3, 0
3, 0
3, 0
3, 0
3, 0
1, 0xae740
0, 0x72730
0, 0xae760
2, 2
3, 0
3, 0
3, 0
3, 0
3, 0
3, 0
3, 0
3, 0
3, 0
3, 0
3, 0
3, 0
3, 0
3, 0
0, 0x72750
0, 0xae780
0, 0x72770
0, 0xae7a0
0, 0x72790
0, 0xae7c0
0, 0x727b0
0, 0xae7e0
1, 0xae760
0, 0x72750
0, 0xae780
2, 2
3, 0
3, 0
3, 0
3, 0
3, 0
3, 0
3, 0
3, 0
3, 0
3, 0
3, 0
3, 0
3, 0
3, 0
1, 0xae780
0, 0x72770
0, 0xae7a0
2, 2
3, 0
3, 0
3, 0
3, 0
3, 0
3, 0
3, 0
3, 0
3, 0
3, 0
3, 0
3, 0
3, 0
3, 0
1, 0xae7a0
0, 0x72790
0, 0xae7c0
2, 2
3, 0
3, 0
3, 0
3, 0
3, 0
3, 0
3, 0
3, 0
3, 0
3, 0
3, 0
3, 0
3, 0
3, 0
1, 0xae7c0
0, 0x727b0
0, 0xae7e0
2, 2
3, 0
3, 0
3, 0
3, 0
3, 0
3, 0
3, 0
3, 0
3, 0
3, 0
3, 0
3, 0
3, 0
3, 0
0, 0x727d0
0, 0xae800
0, 0x727f0
0, 0xae820
0, 0x72810
0, 0xae840
0, 0x72830
0, 0xae860
1, 0xae7e0
0, 0x727d0
0, 0xae800
2, 2
3, 0
3, 0
3, 0
3, 0
3, 0
3, 0
3, 0
3, 0
3, 0
3, 0
3, 0
3, 0
3, 0
3, 0
1, 0xae800
0, 0x727f0
0, 0xae820
2, 2
3, 0
3, 0
3, 0
3, 0
3, 0
3, 0
3, 0
3, 0
3, 0
3, 0
3, 0
3, 0
3, 0
3, 0
1, 0xae820
0, 0x72810
0, 0xae840
2, 2
3, 0
3, 0
3, 0
3, 0
3, 0
3, 0
3, 0
3, 0
3, 0
3, 0
3, 0
3, 0
3, 0
3, 0
1, 0xae840
0, 0x72830
0, 0xae860
2, 2
3, 0
3, 0
3, 0
3, 0
3, 0
3, 0
3, 0
3, 0
3, 0
3, 0
3, 0
3, 0
3, 0
3, 0
0, 0x72850
0, 0xae880
0, 0x72870
0, 0xae8a0
0, 0x72890
0, 0xae8c0
0, 0x728b0
0, 0xae8e0
1, 0xae860
0, 0x72850
0, 0xae880
2, 2
3, 0
3, 0
3, 0
3, 0
3, 0
3, 0
3, 0
3, 0
3, 0
3, 0
3, 0
3, 0
3, 0
3, 0
1, 0xae880
0, 0x72870
0, 0xae8a0
2, 2
3, 0
3, 0
3, 0
3, 0
3, 0
3, 0
3, 0
3, 0
3, 0
3, 0
3, 0
3, 0
3, 0
3, 0
1, 0xae8a0
0, 0x72890
0, 0xae8c0
2, 2
3, 0
3, 0
3, 0
3, 0
3, 0
3, 0
3, 0
3, 0
3, 0
3, 0
3, 0
3, 0
3, 0
3, 0
1, 0xae8c0
0, 0x728b0
0, 0xae8e0
2, 2
3, 0
3, 0
3, 0
3, 0
3, 0
3, 0
3, 0
3, 0
3, 0
3, 0
3, 0
3, 0
3, 0
3, 0
0, 0x728d0
0, 0xae900
0, 0x728f0
0, 0xae920
0, 0x72910
0, 0xae940
0, 0x72930
0, 0xae960
1, 0xae8e0
0, 0x728d0
0, 0xae900
2, 2
3, 0
3, 0
3, 0
3, 0
3, 0
3, 0
3, 0
3, 0
3, 0
3, 0
3, 0
3, 0
3, 0
3, 0
1, 0xae900
0, 0x728f0
0, 0xae920
2, 2
3, 0
3, 0
3, 0
3, 0
3, 0
3, 0
3, 0
3, 0
3, 0
3, 0
3, 0
3, 0
3, 0
3, 0
1, 0xae920
0, 0x72910
0, 0xae940
2, 2
3, 0
3, 0
3, 0
3, 0
3, 0
3, 0
3, 0
3, 0
3, 0
3, 0
3, 0
3, 0
3, 0
3, 0
1, 0xae940
0, 0x72930
0, 0xae960
2, 2
3, 0
3, 0
3, 0
3, 0
3, 0
3, 0
3, 0
3, 0
3, 0
3, 0
3, 0
3, 0
3, 0
3, 0
0, 0x72950
0, 0xae980
0, 0x72970
0, 0xae9a0
0, 0x72990
0, 0xae9c0
0, 0x729b0
0, 0xae9e0
1, 0xae960
0, 0x72950
0, 0xae980
2, 2
3, 0
3, 0
3, 0
3, 0
3, 0
3, 0
3, 0
3, 0
3, 0
3, 0
3, 0
3, 0
3, 0
3, 0
1, 0xae980
0, 0x72970
0, 0xae9a0
2, 2
3, 0
3, 0
3, 0
3, 0
3, 0
3, 0
3, 0
3, 0
3, 0
3, 0
3, 0
3, 0
3, 0
3, 0
1, 0xae9a0
0, 0x72990
0, 0xae9c0
2, 2
3, 0
3, 0
3, 0
3, 0
3, 0
3, 0
3, 0
3, 0
3, 0
3, 0
3, 0
3, 0
3, 0
3, 0
1, 0xae9c0
0, 0x729b0
0, 0xae9e0
2, 2
3, 0
3, 0
3, 0
3, 0
3, 0
3, 0
3, 0
3, 0
3, 0
3, 0
3, 0
3, 0
3, 0
3, 0
0, 0x729d0
0, 0xaea00
0, 0x729f0
0, 0xaea20
0, 0x72a10
0, 0xaea40
0, 0x72a30
0, 0xaea60
1, 0xae9e0
0, 0x729d0
0, 0xaea00
2, 2
3, 0
3, 0
3, 0
3, 0
3, 0
3, 0
3, 0
3, 0
3, 0
3, 0
3, 0
3, 0
3, 0
3, 0
1, 0xaea00
0, 0x729f0
0, 0xaea20
2, 2
3, 0
3, 0
3, 0
3, 0
3, 0
3, 0
3, 0
3, 0
3, 0
3, 0
3, 0
3, 0
3, 0
3, 0
1, 0xaea20
0, 0x72a10
0, 0xaea40
2, 2
3, 0
3, 0
3, 0
3, 0
3, 0
3, 0
3, 0
3, 0
3, 0
3, 0
3, 0
3, 0
3, 0
3, 0
1, 0xaea40
0, 0x72a30
0, 0xaea60
2, 2
3, 0
3, 0
3, 0
3, 0
3, 0
3, 0
3, 0
3, 0
3, 0
3, 0
3, 0
3, 0
3, 0
3, 0
0, 0x72a50
0, 0xaea80
0, 0x72a70
0, 0xaeaa0
0, 0x72a90
0, 0xaeac0
0, 0x72ab0
0, 0xaeae0
1, 0xaea60
0, 0x72a50
0, 0xaea80
2, 2
3, 0
3, 0
3, 0
3, 0
3, 0
3, 0
3, 0
3, 0
3, 0
3, 0
3, 0
3, 0
3, 0
3, 0
1, 0xaea80
0, 0x72a70
0, 0xaeaa0
2, 2
3, 0
3, 0
3, 0
3, 0
3, 0
3, 0
3, 0
3, 0
3, 0
3, 0
3, 0
3, 0
3, 0
3, 0
1, 0xaeaa0
0, 0x72a90
0, 0xaeac0
2, 2
3, 0
3, 0
3, 0
3, 0
3, 0
3, 0
3, 0
3, 0
3, 0
3, 0
3, 0
3, 0
3, 0
3, 0
1, 0xaeac0
0, 0x72ab0
0, 0xaeae0
2, 2
3, 0
3, 0
3, 0
3, 0
3, 0
3, 0
3, 0
3, 0
3, 0
3, 0
3, 0
3, 0
3, 0
3, 0
0, 0x72ad0
0, 0xaeb00
0, 0x72af0
0, 0xaeb20
0, 0x72b10
0, 0xaeb40
0, 0x72b30
0, 0xaeb60
1, 0xaeae0
0, 0x72ad0
0, 0xaeb00
2, 2
3, 0
3, 0
3, 0
3, 0
3, 0
3, 0
3, 0
3, 0
3, 0
3, 0
3, 0
3, 0
3, 0
3, 0
1, 0xaeb00
0, 0x72af0
0, 0xaeb20
2, 2
3, 0
3, 0
3, 0
3, 0
3, 0
3, 0
3, 0
3, 0
3, 0
3, 0
3, 0
3, 0
3, 0
3, 0
1, 0xaeb20
0, 0x72b10
0, 0xaeb40
2, 2
3, 0
3, 0
3, 0
3, 0
3, 0
3, 0
3, 0
3, 0
3, 0
3, 0
3, 0
3, 0
3, 0
3, 0
1, 0xaeb40
0, 0x72b30
0, 0xaeb60
2, 2
3, 0
3, 0
3, 0
3, 0
3, 0
3, 0
3, 0
3, 0
3, 0
3, 0
3, 0
3, 0
3, 0
3, 0
0, 0x72b50
0, 0xaeb80
0, 0x72b70
0, 0xaeba0
0, 0x72b90
0, 0xaebc0
0, 0x72bb0
0, 0xaebe0
1, 0xaeb60
0, 0x72b50
0, 0xaeb80
2, 2
3, 0
3, 0
3, 0
3, 0
3, 0
3, 0
3, 0
3, 0
3, 0
3, 0
3, 0
3, 0
3, 0
3, 0
1, 0xaeb80
0, 0x72b70
0, 0xaeba0
2, 2
3, 0
3, 0
3, 0
3, 0
3, 0
3, 0
3, 0
3, 0
3, 0
3, 0
3, 0
3, 0
3, 0
3, 0
1, 0xaeba0
0, 0x72b90
0, 0xaebc0
2, 2
3, 0
3, 0
3, 0
3, 0
3, 0
3, 0
3, 0
3, 0
3, 0
3, 0
3, 0
3, 0
3, 0
3, 0
1, 0xaebc0
0, 0x72bb0
0, 0xaebe0
2, 2
3, 0
3, 0
3, 0
3, 0
3, 0
3, 0
3, 0
3, 0
3, 0
3, 0
3, 0
3, 0
3, 0
3, 0
0, 0x72bd0
0, 0xaec00
0, 0x72bf0
0, 0xaec20
0, 0x72c10
0, 0xaec40
0, 0x72c30
0, 0xaec60
1, 0xaebe0
0, 0x72bd0
0, 0xaec00
2, 2
3, 0
3, 0
3, 0
3, 0
3, 0
3, 0
3, 0
3, 0
3, 0
3, 0
3, 0
3, 0
3, 0
3, 0
1, 0xaec00
0, 0x72bf0
0, 0xaec20
2, 2
3, 0
3, 0
3, 0
3, 0
3, 0
3, 0
3, 0
3, 0
3, 0
3, 0
3, 0
3, 0
3, 0
3, 0
1, 0xaec20
0, 0x72c10
0, 0xaec40
2, 2
3, 0
3, 0
3, 0
3, 0
3, 0
3, 0
3, 0
3, 0
3, 0
3, 0
3, 0
3, 0
3, 0
3, 0
1, 0xaec40
0, 0x72c30
0, 0xaec60
2, 2
3, 0
3, 0
3, 0
3, 0
3, 0
3, 0
3, 0
3, 0
3, 0
3, 0
3, 0
3, 0
3, 0
3, 0
0, 0x72c50
0, 0xaec80
0, 0x72c70
0, 0xaeca0
0, 0x72c90
0, 0xaecc0
0, 0x72cb0
0, 0xaece0
1, 0xaec60
0, 0x72c50
0, 0xaec80
2, 2
3, 0
3, 0
3, 0
3, 0
3, 0
3, 0
3, 0
3, 0
3, 0
3, 0
3, 0
3, 0
3, 0
3, 0
1, 0xaec80
0, 0x72c70
0, 0xaeca0
2, 2
3, 0
3, 0
3, 0
3, 0
3, 0
3, 0
3, 0
3, 0
3, 0
3, 0
3, 0
3, 0
3, 0
3, 0
1, 0xaeca0
0, 0x72c90
0, 0xaecc0
2, 2
3, 0
3, 0
3, 0
3, 0
3, 0
3, 0
3, 0
3, 0
3, 0
3, 0
3, 0
3, 0
3, 0
3, 0
1, 0xaecc0
0, 0x72cb0
0, 0xaece0
2, 2
3, 0
3, 0
3, 0
3, 0
3, 0
3, 0
3, 0
3, 0
3, 0
3, 0
3, 0
3, 0
3, 0
3, 0
0, 0x72cd0
0, 0xaed00
0, 0x72cf0
0, 0xaed20
0, 0x72d10
0, 0xaed40
0, 0x72d30
0, 0xaed60
1, 0xaece0
0, 0x72cd0
0, 0xaed00
2, 2
3, 0
3, 0
3, 0
3, 0
3, 0
3, 0
3, 0
3, 0
3, 0
3, 0
3, 0
3, 0
3, 0
3, 0
1, 0xaed00
0, 0x72cf0
0, 0xaed20
2, 2
3, 0
3, 0
3, 0
3, 0
3, 0
3, 0
3, 0
3, 0
3, 0
3, 0
3, 0
3, 0
3, 0
3, 0
1, 0xaed20
0, 0x72d10
0, 0xaed40
2, 2
3, 0
3, 0
3, 0
3, 0
3, 0
3, 0
3, 0
3, 0
3, 0
3, 0
3, 0
3, 0
3, 0
3, 0
1, 0xaed40
0, 0x72d30
0, 0xaed60
2, 2
3, 0
3, 0
3, 0
3, 0
3, 0
3, 0
3, 0
3, 0
3, 0
3, 0
3, 0
3, 0
3, 0
3, 0
0, 0x72d50
0, 0xaed80
0, 0x72d70
0, 0xaeda0
0, 0x72d90
0, 0xaedc0
0, 0x72db0
0, 0xaede0
1, 0xaed60
0, 0x72d50
0, 0xaed80
2, 2
3, 0
3, 0
3, 0
3, 0
3, 0
3, 0
3, 0
3, 0
3, 0
3, 0
3, 0
3, 0
3, 0
3, 0
1, 0xaed80
0, 0x72d70
0, 0xaeda0
2, 2
3, 0
3, 0
3, 0
3, 0
3, 0
3, 0
3, 0
3, 0
3, 0
3, 0
3, 0
3, 0
3, 0
3, 0
1, 0xaeda0
0, 0x72d90
0, 0xaedc0
2, 2
3, 0
3, 0
3, 0
3, 0
3, 0
3, 0
3, 0
3, 0
3, 0
3, 0
3, 0
3, 0
3, 0
3, 0
1, 0xaedc0
0, 0x72db0
0, 0xaede0
2, 2
3, 0
3, 0
3, 0
3, 0
3, 0
3, 0
3, 0
3, 0
3, 0
3, 0
3, 0
3, 0
3, 0
3, 0
0, 0x72dd0
0, 0xaee00
0, 0x72df0
0, 0xaee20
0, 0x72e10
0, 0xaee40
0, 0x72e30
0, 0xaee60
1, 0xaede0
0, 0x72dd0
0, 0xaee00
2, 2
3, 0
3, 0
3, 0
3, 0
3, 0
3, 0
3, 0
3, 0
3, 0
3, 0
3, 0
3, 0
3, 0
3, 0
1, 0xaee00
0, 0x72df0
0, 0xaee20
2, 2
3, 0
3, 0
3, 0
3, 0
3, 0
3, 0
3, 0
3, 0
3, 0
3, 0
3, 0
3, 0
3, 0
3, 0
1, 0xaee20
0, 0x72e10
0, 0xaee40
2, 2
3, 0
3, 0
3, 0
3, 0
3, 0
3, 0
3, 0
3, 0
3, 0
3, 0
3, 0
3, 0
3, 0
3, 0
1, 0xaee40
0, 0x72e30
0, 0xaee60
2, 2
3, 0
3, 0
3, 0
3, 0
3, 0
3, 0
3, 0
3, 0
3, 0
3, 0
3, 0
3, 0
3, 0
3, 0
0, 0x72e50
0, 0xaee80
0, 0x72e70
0, 0xaeea0
0, 0x72e90
0, 0xaeec0
0, 0x72eb0
0, 0xaeee0
1, 0xaee60
0, 0x72e50
0, 0xaee80
2, 2
3, 0
3, 0
3, 0
3, 0
3, 0
3, 0
3, 0
3, 0
3, 0
3, 0
3, 0
3, 0
3, 0
3, 0
1, 0xaee80
0, 0x72e70
0, 0xaeea0
2, 2
3, 0
3, 0
3, 0
3, 0
3, 0
3, 0
3, 0
3, 0
3, 0
3, 0
3, 0
3, 0
3, 0
3, 0
1, 0xaeea0
0, 0x72e90
0, 0xaeec0
2, 2
3, 0
3, 0
3, 0
3, 0
3, 0
3, 0
3, 0
3, 0
3, 0
3, 0
3, 0
3, 0
3, 0
3, 0
1, 0xaeec0
0, 0x72eb0
0, 0xaeee0
2, 2
3, 0
3, 0
3, 0
3, 0
3, 0
3, 0
3, 0
3, 0
3, 0
3, 0
3, 0
3, 0
3, 0
3, 0
0, 0x72ed0
0, 0xaef00
0, 0x72ef0
0, 0xaef20
0, 0x72f10
0, 0xaef40
0, 0x72f30
0, 0xaef60
1, 0xaeee0
0, 0x72ed0
0, 0xaef00
2, 2
3, 0
3, 0
3, 0
3, 0
3, 0
3, 0
3, 0
3, 0
3, 0
3, 0
3, 0
3, 0
3, 0
3, 0
1, 0xaef00
0, 0x72ef0
0, 0xaef20
2, 2
3, 0
3, 0
3, 0
3, 0
3, 0
3, 0
3, 0
3, 0
3, 0
3, 0
3, 0
3, 0
3, 0
3, 0
1, 0xaef20
0, 0x72f10
0, 0xaef40
2, 2
3, 0
3, 0
3, 0
3, 0
3, 0
3, 0
3, 0
3, 0
3, 0
3, 0
3, 0
3, 0
3, 0
3, 0
1, 0xaef40
0, 0x72f30
0, 0xaef60
2, 2
3, 0
3, 0
3, 0
3, 0
3, 0
3, 0
3, 0
3, 0
3, 0
3, 0
3, 0
3, 0
3, 0
3, 0
0, 0x72f50
0, 0xaef80
0, 0x72f70
0, 0xaefa0
0, 0x72f90
0, 0xaefc0
0, 0x72fb0
0, 0xaefe0
1, 0xaef60
0, 0x72f50
0, 0xaef80
2, 2
3, 0
3, 0
3, 0
3, 0
3, 0
3, 0
3, 0
3, 0
3, 0
3, 0
3, 0
3, 0
3, 0
3, 0
1, 0xaef80
0, 0x72f70
0, 0xaefa0
2, 2
3, 0
3, 0
3, 0
3, 0
3, 0
3, 0
3, 0
3, 0
3, 0
3, 0
3, 0
3, 0
3, 0
3, 0
1, 0xaefa0
0, 0x72f90
0, 0xaefc0
2, 2
3, 0
3, 0
3, 0
3, 0
3, 0
3, 0
3, 0
3, 0
3, 0
3, 0
3, 0
3, 0
3, 0
3, 0
1, 0xaefc0
0, 0x72fb0
0, 0xaefe0
2, 2
3, 0
3, 0
3, 0
3, 0
3, 0
3, 0
3, 0
3, 0
3, 0
3, 0
3, 0
3, 0
3, 0
3, 0
0, 0x72fd0
0, 0xaf000
0, 0x72ff0
0, 0xaf020
0, 0x73010
0, 0xaf040
0, 0x73030
0, 0xaf060
1, 0xaefe0
0, 0x72fd0
0, 0xaf000
2, 2
3, 0
3, 0
3, 0
3, 0
3, 0
3, 0
3, 0
3, 0
3, 0
3, 0
3, 0
3, 0
3, 0
3, 0
1, 0xaf000
0, 0x72ff0
0, 0xaf020
2, 2
3, 0
3, 0
3, 0
3, 0
3, 0
3, 0
3, 0
3, 0
3, 0
3, 0
3, 0
3, 0
3, 0
3, 0
1, 0xaf020
0, 0x73010
0, 0xaf040
2, 2
3, 0
3, 0
3, 0
3, 0
3, 0
3, 0
3, 0
3, 0
3, 0
3, 0
3, 0
3, 0
3, 0
3, 0
1, 0xaf040
0, 0x73030
0, 0xaf060
2, 2
3, 0
3, 0
3, 0
3, 0
3, 0
3, 0
3, 0
3, 0
3, 0
3, 0
3, 0
3, 0
3, 0
3, 0
0, 0x73050
0, 0xaf080
0, 0x73070
0, 0xaf0a0
0, 0x73090
0, 0xaf0c0
0, 0x730b0
0, 0xaf0e0
1, 0xaf060
0, 0x73050
0, 0xaf080
2, 2
3, 0
3, 0
3, 0
3, 0
3, 0
3, 0
3, 0
3, 0
3, 0
3, 0
3, 0
3, 0
3, 0
3, 0
1, 0xaf080
0, 0x73070
0, 0xaf0a0
2, 2
3, 0
3, 0
3, 0
3, 0
3, 0
3, 0
3, 0
3, 0
3, 0
3, 0
3, 0
3, 0
3, 0
3, 0
1, 0xaf0a0
0, 0x73090
0, 0xaf0c0
2, 2
3, 0
3, 0
3, 0
3, 0
3, 0
3, 0
3, 0
3, 0
3, 0
3, 0
3, 0
3, 0
3, 0
3, 0
1, 0xaf0c0
0, 0x730b0
0, 0xaf0e0
2, 2
3, 0
3, 0
3, 0
3, 0
3, 0
3, 0
3, 0
3, 0
3, 0
3, 0
3, 0
3, 0
3, 0
3, 0
0, 0x730d0
0, 0xaf100
0, 0x730f0
0, 0xaf120
0, 0x73110
0, 0xaf140
0, 0x73130
0, 0xaf160
1, 0xaf0e0
0, 0x730d0
0, 0xaf100
2, 2
3, 0
3, 0
3, 0
3, 0
3, 0
3, 0
3, 0
3, 0
3, 0
3, 0
3, 0
3, 0
3, 0
3, 0
1, 0xaf100
0, 0x730f0
0, 0xaf120
2, 2
3, 0
3, 0
3, 0
3, 0
3, 0
3, 0
3, 0
3, 0
3, 0
3, 0
3, 0
3, 0
3, 0
3, 0
1, 0xaf120
0, 0x73110
0, 0xaf140
2, 2
3, 0
3, 0
3, 0
3, 0
3, 0
3, 0
3, 0
3, 0
3, 0
3, 0
3, 0
3, 0
3, 0
3, 0
1, 0xaf140
0, 0x73130
0, 0xaf160
2, 2
3, 0
3, 0
3, 0
3, 0
3, 0
3, 0
3, 0
3, 0
3, 0
3, 0
3, 0
3, 0
3, 0
3, 0
0, 0x73150
0, 0xaf180
0, 0x73170
0, 0xaf1a0
0, 0x73190
0, 0xaf1c0
0, 0x731b0
0, 0xaf1e0
1, 0xaf160
0, 0x73150
0, 0xaf180
2, 2
3, 0
3, 0
3, 0
3, 0
3, 0
3, 0
3, 0
3, 0
3, 0
3, 0
3, 0
3, 0
3, 0
3, 0
1, 0xaf180
0, 0x73170
0, 0xaf1a0
2, 2
3, 0
3, 0
3, 0
3, 0
3, 0
3, 0
3, 0
3, 0
3, 0
3, 0
3, 0
3, 0
3, 0
3, 0
1, 0xaf1a0
0, 0x73190
0, 0xaf1c0
2, 2
3, 0
3, 0
3, 0
3, 0
3, 0
3, 0
3, 0
3, 0
3, 0
3, 0
3, 0
3, 0
3, 0
3, 0
1, 0xaf1c0
0, 0x731b0
0, 0xaf1e0
2, 2
3, 0
3, 0
3, 0
3, 0
3, 0
3, 0
3, 0
3, 0
3, 0
3, 0
3, 0
3, 0
3, 0
3, 0
0, 0x731d0
0, 0xaf200
0, 0x731f0
0, 0xaf220
0, 0x73210
0, 0xaf240
0, 0x73230
0, 0xaf260
1, 0xaf1e0
0, 0x731d0
0, 0xaf200
2, 2
3, 0
3, 0
3, 0
3, 0
3, 0
3, 0
3, 0
3, 0
3, 0
3, 0
3, 0
3, 0
3, 0
3, 0
1, 0xaf200
0, 0x731f0
0, 0xaf220
2, 2
3, 0
3, 0
3, 0
3, 0
3, 0
3, 0
3, 0
3, 0
3, 0
3, 0
3, 0
3, 0
3, 0
3, 0
1, 0xaf220
0, 0x73210
0, 0xaf240
2, 2
3, 0
3, 0
3, 0
3, 0
3, 0
3, 0
3, 0
3, 0
3, 0
3, 0
3, 0
3, 0
3, 0
3, 0
1, 0xaf240
0, 0x73230
0, 0xaf260
2, 2
3, 0
3, 0
3, 0
3, 0
3, 0
3, 0
3, 0
3, 0
3, 0
3, 0
3, 0
3, 0
3, 0
3, 0
0, 0x73250
0, 0xaf280
0, 0x73270
0, 0xaf2a0
0, 0x73290
0, 0xaf2c0
0, 0x732b0
0, 0xaf2e0
1, 0xaf260
0, 0x73250
0, 0xaf280
2, 2
3, 0
3, 0
3, 0
3, 0
3, 0
3, 0
3, 0
3, 0
3, 0
3, 0
3, 0
3, 0
3, 0
3, 0
1, 0xaf280
0, 0x73270
0, 0xaf2a0
2, 2
3, 0
3, 0
3, 0
3, 0
3, 0
3, 0
3, 0
3, 0
3, 0
3, 0
3, 0
3, 0
3, 0
3, 0
1, 0xaf2a0
0, 0x73290
0, 0xaf2c0
2, 2
3, 0
3, 0
3, 0
3, 0
3, 0
3, 0
3, 0
3, 0
3, 0
3, 0
3, 0
3, 0
3, 0
3, 0
1, 0xaf2c0
0, 0x732b0
0, 0xaf2e0
2, 2
3, 0
3, 0
3, 0
3, 0
3, 0
3, 0
3, 0
3, 0
3, 0
3, 0
3, 0
3, 0
3, 0
3, 0
0, 0x732d0
0, 0xaf300
0, 0x732f0
0, 0xaf320
0, 0x73310
0, 0xaf340
0, 0x73330
0, 0xaf360
1, 0xaf2e0
0, 0x732d0
0, 0xaf300
2, 2
3, 0
3, 0
3, 0
3, 0
3, 0
3, 0
3, 0
3, 0
3, 0
3, 0
3, 0
3, 0
3, 0
3, 0
1, 0xaf300
0, 0x732f0
0, 0xaf320
2, 2
3, 0
3, 0
3, 0
3, 0
3, 0
3, 0
3, 0
3, 0
3, 0
3, 0
3, 0
3, 0
3, 0
3, 0
1, 0xaf320
0, 0x73310
0, 0xaf340
2, 2
3, 0
3, 0
3, 0
3, 0
3, 0
3, 0
3, 0
3, 0
3, 0
3, 0
3, 0
3, 0
3, 0
3, 0
1, 0xaf340
0, 0x73330
0, 0xaf360
2, 2
3, 0
3, 0
3, 0
3, 0
3, 0
3, 0
3, 0
3, 0
3, 0
3, 0
3, 0
3, 0
3, 0
3, 0
0, 0x73350
0, 0xaf380
0, 0x73370
0, 0xaf3a0
0, 0x73390
0, 0xaf3c0
0, 0x733b0
0, 0xaf3e0
1, 0xaf360
0, 0x73350
0, 0xaf380
2, 2
3, 0
3, 0
3, 0
3, 0
3, 0
3, 0
3, 0
3, 0
3, 0
3, 0
3, 0
3, 0
3, 0
3, 0
1, 0xaf380
0, 0x73370
0, 0xaf3a0
2, 2
3, 0
3, 0
3, 0
3, 0
3, 0
3, 0
3, 0
3, 0
3, 0
3, 0
3, 0
3, 0
3, 0
3, 0
1, 0xaf3a0
0, 0x73390
0, 0xaf3c0
2, 2
3, 0
3, 0
3, 0
3, 0
3, 0
3, 0
3, 0
3, 0
3, 0
3, 0
3, 0
3, 0
3, 0
3, 0
1, 0xaf3c0
0, 0x733b0
0, 0xaf3e0
2, 2
3, 0
3, 0
3, 0
3, 0
3, 0
3, 0
3, 0
3, 0
3, 0
3, 0
3, 0
3, 0
3, 0
3, 0
0, 0x733d0
0, 0xaf400
0, 0x733f0
0, 0xaf420
0, 0x73410
0, 0xaf440
0, 0x73430
0, 0xaf460
1, 0xaf3e0
0, 0x733d0
0, 0xaf400
2, 2
3, 0
3, 0
3, 0
3, 0
3, 0
3, 0
3, 0
3, 0
3, 0
3, 0
3, 0
3, 0
3, 0
3, 0
1, 0xaf400
0, 0x733f0
0, 0xaf420
2, 2
3, 0
3, 0
3, 0
3, 0
3, 0
3, 0
3, 0
3, 0
3, 0
3, 0
3, 0
3, 0
3, 0
3, 0
1, 0xaf420
0, 0x73410
0, 0xaf440
2, 2
3, 0
3, 0
3, 0
3, 0
3, 0
3, 0
3, 0
3, 0
3, 0
3, 0
3, 0
3, 0
3, 0
3, 0
1, 0xaf440
0, 0x73430
0, 0xaf460
2, 2
3, 0
3, 0
3, 0
3, 0
3, 0
3, 0
3, 0
3, 0
3, 0
3, 0
3, 0
3, 0
3, 0
3, 0
0, 0x73450
0, 0xaf480
0, 0x73470
0, 0xaf4a0
0, 0x73490
0, 0xaf4c0
0, 0x734b0
0, 0xaf4e0
1, 0xaf460
0, 0x73450
0, 0xaf480
2, 2
3, 0
3, 0
3, 0
3, 0
3, 0
3, 0
3, 0
3, 0
3, 0
3, 0
3, 0
3, 0
3, 0
3, 0
1, 0xaf480
0, 0x73470
0, 0xaf4a0
2, 2
3, 0
3, 0
3, 0
3, 0
3, 0
3, 0
3, 0
3, 0
3, 0
3, 0
3, 0
3, 0
3, 0
3, 0
1, 0xaf4a0
0, 0x73490
0, 0xaf4c0
2, 2
3, 0
3, 0
3, 0
3, 0
3, 0
3, 0
3, 0
3, 0
3, 0
3, 0
3, 0
3, 0
3, 0
3, 0
1, 0xaf4c0
0, 0x734b0
0, 0xaf4e0
2, 2
3, 0
3, 0
3, 0
3, 0
3, 0
3, 0
3, 0
3, 0
3, 0
3, 0
3, 0
3, 0
3, 0
3, 0
0, 0x734d0
0, 0xaf500
0, 0x734f0
0, 0xaf520
0, 0x73510
0, 0xaf540
0, 0x73530
0, 0xaf560
1, 0xaf4e0
0, 0x734d0
0, 0xaf500
2, 2
3, 0
3, 0
3, 0
3, 0
3, 0
3, 0
3, 0
3, 0
3, 0
3, 0
3, 0
3, 0
3, 0
3, 0
1, 0xaf500
0, 0x734f0
0, 0xaf520
2, 2
3, 0
3, 0
3, 0
3, 0
3, 0
3, 0
3, 0
3, 0
3, 0
3, 0
3, 0
3, 0
3, 0
3, 0
1, 0xaf520
0, 0x73510
0, 0xaf540
2, 2
3, 0
3, 0
3, 0
3, 0
3, 0
3, 0
3, 0
3, 0
3, 0
3, 0
3, 0
3, 0
3, 0
3, 0
1, 0xaf540
0, 0x73530
0, 0xaf560
2, 2
3, 0
3, 0
3, 0
3, 0
3, 0
3, 0
3, 0
3, 0
3, 0
3, 0
3, 0
3, 0
3, 0
3, 0
0, 0x73550
0, 0xaf580
0, 0x73570
0, 0xaf5a0
0, 0x73590
0, 0xaf5c0
0, 0x735b0
0, 0xaf5e0
1, 0xaf560
0, 0x73550
0, 0xaf580
2, 2
3, 0
3, 0
3, 0
3, 0
3, 0
3, 0
3, 0
3, 0
3, 0
3, 0
3, 0
3, 0
3, 0
3, 0
1, 0xaf580
0, 0x73570
0, 0xaf5a0
2, 2
3, 0
3, 0
3, 0
3, 0
3, 0
3, 0
3, 0
3, 0
3, 0
3, 0
3, 0
3, 0
3, 0
3, 0
1, 0xaf5a0
0, 0x73590
0, 0xaf5c0
2, 2
3, 0
3, 0
3, 0
3, 0
3, 0
3, 0
3, 0
3, 0
3, 0
3, 0
3, 0
3, 0
3, 0
3, 0
1, 0xaf5c0
0, 0x735b0
0, 0xaf5e0
2, 2
3, 0
3, 0
3, 0
3, 0
3, 0
3, 0
3, 0
3, 0
3, 0
3, 0
3, 0
3, 0
3, 0
3, 0
0, 0x735d0
0, 0xaf600
0, 0x735f0
0, 0xaf620
0, 0x73610
0, 0xaf640
0, 0x73630
0, 0xaf660
1, 0xaf5e0
0, 0x735d0
0, 0xaf600
2, 2
3, 0
3, 0
3, 0
3, 0
3, 0
3, 0
3, 0
3, 0
3, 0
3, 0
3, 0
3, 0
3, 0
3, 0
1, 0xaf600
0, 0x735f0
0, 0xaf620
2, 2
3, 0
3, 0
3, 0
3, 0
3, 0
3, 0
3, 0
3, 0
3, 0
3, 0
3, 0
3, 0
3, 0
3, 0
1, 0xaf620
0, 0x73610
0, 0xaf640
2, 2
3, 0
3, 0
3, 0
3, 0
3, 0
3, 0
3, 0
3, 0
3, 0
3, 0
3, 0
3, 0
3, 0
3, 0
1, 0xaf640
0, 0x73630
0, 0xaf660
2, 2
3, 0
3, 0
3, 0
3, 0
3, 0
3, 0
3, 0
3, 0
3, 0
3, 0
3, 0
3, 0
3, 0
3, 0
0, 0x73650
0, 0xaf680
0, 0x73670
0, 0xaf6a0
0, 0x73690
0, 0xaf6c0
0, 0x736b0
0, 0xaf6e0
1, 0xaf660
0, 0x73650
0, 0xaf680
2, 2
3, 0
3, 0
3, 0
3, 0
3, 0
3, 0
3, 0
3, 0
3, 0
3, 0
3, 0
3, 0
3, 0
3, 0
1, 0xaf680
0, 0x73670
0, 0xaf6a0
2, 2
3, 0
3, 0
3, 0
3, 0
3, 0
3, 0
3, 0
3, 0
3, 0
3, 0
3, 0
3, 0
3, 0
3, 0
1, 0xaf6a0
0, 0x73690
0, 0xaf6c0
2, 2
3, 0
3, 0
3, 0
3, 0
3, 0
3, 0
3, 0
3, 0
3, 0
3, 0
3, 0
3, 0
3, 0
3, 0
1, 0xaf6c0
0, 0x736b0
0, 0xaf6e0
2, 2
3, 0
3, 0
3, 0
3, 0
3, 0
3, 0
3, 0
3, 0
3, 0
3, 0
3, 0
3, 0
3, 0
3, 0
0, 0x736d0
0, 0xaf700
0, 0x736f0
0, 0xaf720
0, 0x73710
0, 0xaf740
0, 0x73730
0, 0xaf760
1, 0xaf6e0
0, 0x736d0
0, 0xaf700
2, 2
3, 0
3, 0
3, 0
3, 0
3, 0
3, 0
3, 0
3, 0
3, 0
3, 0
3, 0
3, 0
3, 0
3, 0
1, 0xaf700
0, 0x736f0
0, 0xaf720
2, 2
3, 0
3, 0
3, 0
3, 0
3, 0
3, 0
3, 0
3, 0
3, 0
3, 0
3, 0
3, 0
3, 0
3, 0
1, 0xaf720
0, 0x73710
0, 0xaf740
2, 2
3, 0
3, 0
3, 0
3, 0
3, 0
3, 0
3, 0
3, 0
3, 0
3, 0
3, 0
3, 0
3, 0
3, 0
1, 0xaf740
0, 0x73730
0, 0xaf760
2, 2
3, 0
3, 0
3, 0
3, 0
3, 0
3, 0
3, 0
3, 0
3, 0
3, 0
3, 0
3, 0
3, 0
3, 0
0, 0x73750
0, 0xaf780
0, 0x73770
0, 0xaf7a0
0, 0x73790
0, 0xaf7c0
0, 0x737b0
0, 0xaf7e0
1, 0xaf760
0, 0x73750
0, 0xaf780
2, 2
3, 0
3, 0
3, 0
3, 0
3, 0
3, 0
3, 0
3, 0
3, 0
3, 0
3, 0
3, 0
3, 0
3, 0
1, 0xaf780
0, 0x73770
0, 0xaf7a0
2, 2
3, 0
3, 0
3, 0
3, 0
3, 0
3, 0
3, 0
3, 0
3, 0
3, 0
3, 0
3, 0
3, 0
3, 0
1, 0xaf7a0
0, 0x73790
0, 0xaf7c0
2, 2
3, 0
3, 0
3, 0
3, 0
3, 0
3, 0
3, 0
3, 0
3, 0
3, 0
3, 0
3, 0
3, 0
3, 0
1, 0xaf7c0
0, 0x737b0
0, 0xaf7e0
2, 2
3, 0
3, 0
3, 0
3, 0
3, 0
3, 0
3, 0
3, 0
3, 0
3, 0
3, 0
3, 0
3, 0
3, 0
0, 0x737d0
0, 0xaf800
0, 0x737f0
0, 0xaf820
0, 0x73810
0, 0xaf840
0, 0x73830
0, 0xaf860
1, 0xaf7e0
0, 0x737d0
0, 0xaf800
2, 2
3, 0
3, 0
3, 0
3, 0
3, 0
3, 0
3, 0
3, 0
3, 0
3, 0
3, 0
3, 0
3, 0
3, 0
1, 0xaf800
0, 0x737f0
0, 0xaf820
2, 2
3, 0
3, 0
3, 0
3, 0
3, 0
3, 0
3, 0
3, 0
3, 0
3, 0
3, 0
3, 0
3, 0
3, 0
1, 0xaf820
0, 0x73810
0, 0xaf840
2, 2
3, 0
3, 0
3, 0
3, 0
3, 0
3, 0
3, 0
3, 0
3, 0
3, 0
3, 0
3, 0
3, 0
3, 0
1, 0xaf840
0, 0x73830
0, 0xaf860
2, 2
3, 0
3, 0
3, 0
3, 0
3, 0
3, 0
3, 0
3, 0
3, 0
3, 0
3, 0
3, 0
3, 0
3, 0
0, 0x73850
0, 0xaf880
0, 0x73870
0, 0xaf8a0
0, 0x73890
0, 0xaf8c0
0, 0x738b0
0, 0xaf8e0
1, 0xaf860
0, 0x73850
0, 0xaf880
2, 2
3, 0
3, 0
3, 0
3, 0
3, 0
3, 0
3, 0
3, 0
3, 0
3, 0
3, 0
3, 0
3, 0
3, 0
1, 0xaf880
0, 0x73870
0, 0xaf8a0
2, 2
3, 0
3, 0
3, 0
3, 0
3, 0
3, 0
3, 0
3, 0
3, 0
3, 0
3, 0
3, 0
3, 0
3, 0
1, 0xaf8a0
0, 0x73890
0, 0xaf8c0
2, 2
3, 0
3, 0
3, 0
3, 0
3, 0
3, 0
3, 0
3, 0
3, 0
3, 0
3, 0
3, 0
3, 0
3, 0
1, 0xaf8c0
0, 0x738b0
0, 0xaf8e0
2, 2
3, 0
3, 0
3, 0
3, 0
3, 0
3, 0
3, 0
3, 0
3, 0
3, 0
3, 0
3, 0
3, 0
3, 0
0, 0x738d0
0, 0xaf900
0, 0x738f0
0, 0xaf920
0, 0x73910
0, 0xaf940
0, 0x73930
0, 0xaf960
1, 0xaf8e0
0, 0x738d0
0, 0xaf900
2, 2
3, 0
3, 0
3, 0
3, 0
3, 0
3, 0
3, 0
3, 0
3, 0
3, 0
3, 0
3, 0
3, 0
3, 0
1, 0xaf900
0, 0x738f0
0, 0xaf920
2, 2
3, 0
3, 0
3, 0
3, 0
3, 0
3, 0
3, 0
3, 0
3, 0
3, 0
3, 0
3, 0
3, 0
3, 0
1, 0xaf920
0, 0x73910
0, 0xaf940
2, 2
3, 0
3, 0
3, 0
3, 0
3, 0
3, 0
3, 0
3, 0
3, 0
3, 0
3, 0
3, 0
3, 0
3, 0
1, 0xaf940
0, 0x73930
0, 0xaf960
2, 2
3, 0
3, 0
3, 0
3, 0
3, 0
3, 0
3, 0
3, 0
3, 0
3, 0
3, 0
3, 0
3, 0
3, 0
0, 0x73950
0, 0xaf980
0, 0x73970
0, 0xaf9a0
0, 0x73990
0, 0xaf9c0
0, 0x739b0
0, 0xaf9e0
1, 0xaf960
0, 0x73950
0, 0xaf980
2, 2
3, 0
3, 0
3, 0
3, 0
3, 0
3, 0
3, 0
3, 0
3, 0
3, 0
3, 0
3, 0
3, 0
3, 0
1, 0xaf980
0, 0x73970
0, 0xaf9a0
2, 2
3, 0
3, 0
3, 0
3, 0
3, 0
3, 0
3, 0
3, 0
3, 0
3, 0
3, 0
3, 0
3, 0
3, 0
1, 0xaf9a0
0, 0x73990
0, 0xaf9c0
2, 2
3, 0
3, 0
3, 0
3, 0
3, 0
3, 0
3, 0
3, 0
3, 0
3, 0
3, 0
3, 0
3, 0
3, 0
1, 0xaf9c0
0, 0x739b0
0, 0xaf9e0
2, 2
3, 0
3, 0
3, 0
3, 0
3, 0
3, 0
3, 0
3, 0
3, 0
3, 0
3, 0
3, 0
3, 0
3, 0
0, 0x739d0
0, 0xafa00
0, 0x739f0
0, 0xafa20
0, 0x73a10
0, 0xafa40
0, 0x73a30
0, 0xafa60
1, 0xaf9e0
0, 0x739d0
0, 0xafa00
2, 2
3, 0
3, 0
3, 0
3, 0
3, 0
3, 0
3, 0
3, 0
3, 0
3, 0
3, 0
3, 0
3, 0
3, 0
1, 0xafa00
0, 0x739f0
0, 0xafa20
2, 2
3, 0
3, 0
3, 0
3, 0
3, 0
3, 0
3, 0
3, 0
3, 0
3, 0
3, 0
3, 0
3, 0
3, 0
1, 0xafa20
0, 0x73a10
0, 0xafa40
2, 2
3, 0
3, 0
3, 0
3, 0
3, 0
3, 0
3, 0
3, 0
3, 0
3, 0
3, 0
3, 0
3, 0
3, 0
1, 0xafa40
0, 0x73a30
0, 0xafa60
2, 2
3, 0
3, 0
3, 0
3, 0
3, 0
3, 0
3, 0
3, 0
3, 0
3, 0
3, 0
3, 0
3, 0
3, 0
0, 0x73a50
0, 0xafa80
0, 0x73a70
0, 0xafaa0
0, 0x73a90
0, 0xafac0
0, 0x73ab0
0, 0xafae0
1, 0xafa60
0, 0x73a50
0, 0xafa80
2, 2
3, 0
3, 0
3, 0
3, 0
3, 0
3, 0
3, 0
3, 0
3, 0
3, 0
3, 0
3, 0
3, 0
3, 0
1, 0xafa80
0, 0x73a70
0, 0xafaa0
2, 2
3, 0
3, 0
3, 0
3, 0
3, 0
3, 0
3, 0
3, 0
3, 0
3, 0
3, 0
3, 0
3, 0
3, 0
1, 0xafaa0
0, 0x73a90
0, 0xafac0
2, 2
3, 0
3, 0
3, 0
3, 0
3, 0
3, 0
3, 0
3, 0
3, 0
3, 0
3, 0
3, 0
3, 0
3, 0
1, 0xafac0
0, 0x73ab0
0, 0xafae0
2, 2
3, 0
3, 0
3, 0
3, 0
3, 0
3, 0
3, 0
3, 0
3, 0
3, 0
3, 0
3, 0
3, 0
3, 0
0, 0x73ad0
0, 0xafb00
0, 0x73af0
0, 0xafb20
0, 0x73b10
0, 0xafb40
0, 0x73b30
0, 0xafb60
1, 0xafae0
0, 0x73ad0
0, 0xafb00
2, 2
3, 0
3, 0
3, 0
3, 0
3, 0
3, 0
3, 0
3, 0
3, 0
3, 0
3, 0
3, 0
3, 0
3, 0
1, 0xafb00
0, 0x73af0
0, 0xafb20
2, 2
3, 0
3, 0
3, 0
3, 0
3, 0
3, 0
3, 0
3, 0
3, 0
3, 0
3, 0
3, 0
3, 0
3, 0
1, 0xafb20
0, 0x73b10
0, 0xafb40
2, 2
3, 0
3, 0
3, 0
3, 0
3, 0
3, 0
3, 0
3, 0
3, 0
3, 0
3, 0
3, 0
3, 0
3, 0
1, 0xafb40
0, 0x73b30
0, 0xafb60
2, 2
3, 0
3, 0
3, 0
3, 0
3, 0
3, 0
3, 0
3, 0
3, 0
3, 0
3, 0
3, 0
3, 0
3, 0
0, 0x73b50
0, 0xafb80
0, 0x73b70
0, 0xafba0
0, 0x73b90
0, 0xafbc0
0, 0x73bb0
0, 0xafbe0
1, 0xafb60
0, 0x73b50
0, 0xafb80
2, 2
3, 0
3, 0
3, 0
3, 0
3, 0
3, 0
3, 0
3, 0
3, 0
3, 0
3, 0
3, 0
3, 0
3, 0
1, 0xafb80
0, 0x73b70
0, 0xafba0
2, 2
3, 0
3, 0
3, 0
3, 0
3, 0
3, 0
3, 0
3, 0
3, 0
3, 0
3, 0
3, 0
3, 0
3, 0
1, 0xafba0
0, 0x73b90
0, 0xafbc0
2, 2
3, 0
3, 0
3, 0
3, 0
3, 0
3, 0
3, 0
3, 0
3, 0
3, 0
3, 0
3, 0
3, 0
3, 0
1, 0xafbc0
0, 0x73bb0
0, 0xafbe0
2, 2
3, 0
3, 0
3, 0
3, 0
3, 0
3, 0
3, 0
3, 0
3, 0
3, 0
3, 0
3, 0
3, 0
3, 0
0, 0x73bd0
0, 0xafc00
0, 0x73bf0
0, 0xafc20
0, 0x73c10
0, 0xafc40
0, 0x73c30
0, 0xafc60
1, 0xafbe0
0, 0x73bd0
0, 0xafc00
2, 2
3, 0
3, 0
3, 0
3, 0
3, 0
3, 0
3, 0
3, 0
3, 0
3, 0
3, 0
3, 0
3, 0
3, 0
1, 0xafc00
0, 0x73bf0
0, 0xafc20
2, 2
3, 0
3, 0
3, 0
3, 0
3, 0
3, 0
3, 0
3, 0
3, 0
3, 0
3, 0
3, 0
3, 0
3, 0
1, 0xafc20
0, 0x73c10
0, 0xafc40
2, 2
3, 0
3, 0
3, 0
3, 0
3, 0
3, 0
3, 0
3, 0
3, 0
3, 0
3, 0
3, 0
3, 0
3, 0
1, 0xafc40
0, 0x73c30
0, 0xafc60
2, 2
3, 0
3, 0
3, 0
3, 0
3, 0
3, 0
3, 0
3, 0
3, 0
3, 0
3, 0
3, 0
3, 0
3, 0
0, 0x73c50
0, 0xafc80
0, 0x73c70
0, 0xafca0
0, 0x73c90
0, 0xafcc0
0, 0x73cb0
0, 0xafce0
1, 0xafc60
0, 0x73c50
0, 0xafc80
2, 2
3, 0
3, 0
3, 0
3, 0
3, 0
3, 0
3, 0
3, 0
3, 0
3, 0
3, 0
3, 0
3, 0
3, 0
1, 0xafc80
0, 0x73c70
0, 0xafca0
2, 2
3, 0
3, 0
3, 0
3, 0
3, 0
3, 0
3, 0
3, 0
3, 0
3, 0
3, 0
3, 0
3, 0
3, 0
1, 0xafca0
0, 0x73c90
0, 0xafcc0
2, 2
3, 0
3, 0
3, 0
3, 0
3, 0
3, 0
3, 0
3, 0
3, 0
3, 0
3, 0
3, 0
3, 0
3, 0
1, 0xafcc0
0, 0x73cb0
0, 0xafce0
2, 2
3, 0
3, 0
3, 0
3, 0
3, 0
3, 0
3, 0
3, 0
3, 0
3, 0
3, 0
3, 0
3, 0
3, 0
0, 0x73cd0
0, 0xafd00
0, 0x73cf0
0, 0xafd20
0, 0x73d10
0, 0xafd40
0, 0x73d30
0, 0xafd60
1, 0xafce0
0, 0x73cd0
0, 0xafd00
2, 2
3, 0
3, 0
3, 0
3, 0
3, 0
3, 0
3, 0
3, 0
3, 0
3, 0
3, 0
3, 0
3, 0
3, 0
1, 0xafd00
0, 0x73cf0
0, 0xafd20
2, 2
3, 0
3, 0
3, 0
3, 0
3, 0
3, 0
3, 0
3, 0
3, 0
3, 0
3, 0
3, 0
3, 0
3, 0
1, 0xafd20
0, 0x73d10
0, 0xafd40
2, 2
3, 0
3, 0
3, 0
3, 0
3, 0
3, 0
3, 0
3, 0
3, 0
3, 0
3, 0
3, 0
3, 0
3, 0
1, 0xafd40
0, 0x73d30
0, 0xafd60
2, 2
3, 0
3, 0
3, 0
3, 0
3, 0
3, 0
3, 0
3, 0
3, 0
3, 0
3, 0
3, 0
3, 0
3, 0
0, 0x73d50
0, 0xafd80
0, 0x73d70
0, 0xafda0
0, 0x73d90
0, 0xafdc0
1, 0xafd60
0, 0x73d50
0, 0xafd80
2, 2
3, 0
3, 0
3, 0
3, 0
3, 0
3, 0
3, 0
3, 0
3, 0
3, 0
3, 0
3, 0
3, 0
3, 0
1, 0xafd80
0, 0x73d70
0, 0xafda0
2, 2
3, 0
3, 0
3, 0
3, 0
3, 0
3, 0
3, 0
3, 0
3, 0
3, 0
3, 0
3, 0
3, 0
3, 0
1, 0xafda0
0, 0x73d90
0, 0xafdc0
2, 2
3, 0
3, 0
3, 0
3, 0
3, 0
3, 0
3, 0
3, 0
3, 0
3, 0
3, 0
3, 0
3, 0
3, 0
1, 0xafdc0
